#datatype,string,long,dateTime:RFC3339,dateTime:RFC3339,dateTime:RFC3339,double,string,string,string,string,string
#group,false,false,true,true,false,false,true,true,true,true,true
#default,_result,,,,,,,,,,
,result,table,_start,_stop,_time,_value,_field,_measurement,name,pid,tid
,,0,2023-05-13T14:17:19.045214222Z,2023-06-12T14:17:19.045214222Z,2023-06-08T01:24:17.605166398Z,150.38,docker_used_memory_mb,qualimap (DA49) (3389),qualimap (DA49) (3389),1995636,3389
,,0,2023-05-13T14:17:19.045214222Z,2023-06-12T14:17:19.045214222Z,2023-06-08T01:24:20.608989789Z,329.17,docker_used_memory_mb,qualimap (DA49) (3389),qualimap (DA49) (3389),1995636,3389
,,0,2023-05-13T14:17:19.045214222Z,2023-06-12T14:17:19.045214222Z,2023-06-08T01:24:23.608474154Z,498.33,docker_used_memory_mb,qualimap (DA49) (3389),qualimap (DA49) (3389),1995636,3389
,,0,2023-05-13T14:17:19.045214222Z,2023-06-12T14:17:19.045214222Z,2023-06-08T01:24:26.609430903Z,637.06,docker_used_memory_mb,qualimap (DA49) (3389),qualimap (DA49) (3389),1995636,3389
,,0,2023-05-13T14:17:19.045214222Z,2023-06-12T14:17:19.045214222Z,2023-06-08T01:24:29.604725639Z,744.48,docker_used_memory_mb,qualimap (DA49) (3389),qualimap (DA49) (3389),1995636,3389
,,0,2023-05-13T14:17:19.045214222Z,2023-06-12T14:17:19.045214222Z,2023-06-08T01:24:33.606076543Z,938.17,docker_used_memory_mb,qualimap (DA49) (3389),qualimap (DA49) (3389),1995636,3389
,,0,2023-05-13T14:17:19.045214222Z,2023-06-12T14:17:19.045214222Z,2023-06-08T01:24:36.602052467Z,1148.49,docker_used_memory_mb,qualimap (DA49) (3389),qualimap (DA49) (3389),1995636,3389
,,0,2023-05-13T14:17:19.045214222Z,2023-06-12T14:17:19.045214222Z,2023-06-08T01:24:39.614067697Z,1453.34,docker_used_memory_mb,qualimap (DA49) (3389),qualimap (DA49) (3389),1995636,3389
,,0,2023-05-13T14:17:19.045214222Z,2023-06-12T14:17:19.045214222Z,2023-06-08T01:24:42.613075688Z,1574.14,docker_used_memory_mb,qualimap (DA49) (3389),qualimap (DA49) (3389),1995636,3389
,,0,2023-05-13T14:17:19.045214222Z,2023-06-12T14:17:19.045214222Z,2023-06-08T01:24:45.613461343Z,1735.48,docker_used_memory_mb,qualimap (DA49) (3389),qualimap (DA49) (3389),1995636,3389
,,0,2023-05-13T14:17:19.045214222Z,2023-06-12T14:17:19.045214222Z,2023-06-08T01:24:48.606932441Z,1835.08,docker_used_memory_mb,qualimap (DA49) (3389),qualimap (DA49) (3389),1995636,3389
,,0,2023-05-13T14:17:19.045214222Z,2023-06-12T14:17:19.045214222Z,2023-06-08T01:24:51.608495459Z,1836.33,docker_used_memory_mb,qualimap (DA49) (3389),qualimap (DA49) (3389),1995636,3389
,,0,2023-05-13T14:17:19.045214222Z,2023-06-12T14:17:19.045214222Z,2023-06-08T01:24:54.612970886Z,1856.67,docker_used_memory_mb,qualimap (DA49) (3389),qualimap (DA49) (3389),1995636,3389
,,0,2023-05-13T14:17:19.045214222Z,2023-06-12T14:17:19.045214222Z,2023-06-08T01:24:58.605386517Z,1858.74,docker_used_memory_mb,qualimap (DA49) (3389),qualimap (DA49) (3389),1995636,3389
,,0,2023-05-13T14:17:19.045214222Z,2023-06-12T14:17:19.045214222Z,2023-06-08T01:25:01.609293943Z,1861.38,docker_used_memory_mb,qualimap (DA49) (3389),qualimap (DA49) (3389),1995636,3389
,,0,2023-05-13T14:17:19.045214222Z,2023-06-12T14:17:19.045214222Z,2023-06-08T01:25:04.609818539Z,1875.78,docker_used_memory_mb,qualimap (DA49) (3389),qualimap (DA49) (3389),1995636,3389
,,0,2023-05-13T14:17:19.045214222Z,2023-06-12T14:17:19.045214222Z,2023-06-08T01:25:07.602352494Z,1875.96,docker_used_memory_mb,qualimap (DA49) (3389),qualimap (DA49) (3389),1995636,3389
,,0,2023-05-13T14:17:19.045214222Z,2023-06-12T14:17:19.045214222Z,2023-06-08T01:25:10.609257116Z,1878.7,docker_used_memory_mb,qualimap (DA49) (3389),qualimap (DA49) (3389),1995636,3389
,,0,2023-05-13T14:17:19.045214222Z,2023-06-12T14:17:19.045214222Z,2023-06-08T01:25:13.611413172Z,1880.82,docker_used_memory_mb,qualimap (DA49) (3389),qualimap (DA49) (3389),1995636,3389
,,0,2023-05-13T14:17:19.045214222Z,2023-06-12T14:17:19.045214222Z,2023-06-08T01:25:16.605401001Z,1889.44,docker_used_memory_mb,qualimap (DA49) (3389),qualimap (DA49) (3389),1995636,3389
,,0,2023-05-13T14:17:19.045214222Z,2023-06-12T14:17:19.045214222Z,2023-06-08T01:25:19.602430606Z,1890.71,docker_used_memory_mb,qualimap (DA49) (3389),qualimap (DA49) (3389),1995636,3389
,,0,2023-05-13T14:17:19.045214222Z,2023-06-12T14:17:19.045214222Z,2023-06-08T01:25:23.601807793Z,1890.81,docker_used_memory_mb,qualimap (DA49) (3389),qualimap (DA49) (3389),1995636,3389
,,0,2023-05-13T14:17:19.045214222Z,2023-06-12T14:17:19.045214222Z,2023-06-08T01:25:26.602645274Z,1891.48,docker_used_memory_mb,qualimap (DA49) (3389),qualimap (DA49) (3389),1995636,3389
,,0,2023-05-13T14:17:19.045214222Z,2023-06-12T14:17:19.045214222Z,2023-06-08T01:25:29.617217441Z,1914.93,docker_used_memory_mb,qualimap (DA49) (3389),qualimap (DA49) (3389),1995636,3389
,,0,2023-05-13T14:17:19.045214222Z,2023-06-12T14:17:19.045214222Z,2023-06-08T01:25:32.605742833Z,1909.84,docker_used_memory_mb,qualimap (DA49) (3389),qualimap (DA49) (3389),1995636,3389
,,0,2023-05-13T14:17:19.045214222Z,2023-06-12T14:17:19.045214222Z,2023-06-08T01:25:35.613302216Z,1911.57,docker_used_memory_mb,qualimap (DA49) (3389),qualimap (DA49) (3389),1995636,3389
,,0,2023-05-13T14:17:19.045214222Z,2023-06-12T14:17:19.045214222Z,2023-06-08T01:25:38.613318117Z,1972.73,docker_used_memory_mb,qualimap (DA49) (3389),qualimap (DA49) (3389),1995636,3389
,,0,2023-05-13T14:17:19.045214222Z,2023-06-12T14:17:19.045214222Z,2023-06-08T01:25:41.610279563Z,1974.01,docker_used_memory_mb,qualimap (DA49) (3389),qualimap (DA49) (3389),1995636,3389
,,0,2023-05-13T14:17:19.045214222Z,2023-06-12T14:17:19.045214222Z,2023-06-08T01:25:45.609573845Z,1976.52,docker_used_memory_mb,qualimap (DA49) (3389),qualimap (DA49) (3389),1995636,3389
,,0,2023-05-13T14:17:19.045214222Z,2023-06-12T14:17:19.045214222Z,2023-06-08T01:25:48.609014365Z,2039,docker_used_memory_mb,qualimap (DA49) (3389),qualimap (DA49) (3389),1995636,3389
,,0,2023-05-13T14:17:19.045214222Z,2023-06-12T14:17:19.045214222Z,2023-06-08T01:25:51.605688241Z,2034.43,docker_used_memory_mb,qualimap (DA49) (3389),qualimap (DA49) (3389),1995636,3389
,,0,2023-05-13T14:17:19.045214222Z,2023-06-12T14:17:19.045214222Z,2023-06-08T01:25:54.605208016Z,2033.81,docker_used_memory_mb,qualimap (DA49) (3389),qualimap (DA49) (3389),1995636,3389
,,0,2023-05-13T14:17:19.045214222Z,2023-06-12T14:17:19.045214222Z,2023-06-08T01:25:57.606400391Z,2035.89,docker_used_memory_mb,qualimap (DA49) (3389),qualimap (DA49) (3389),1995636,3389
,,0,2023-05-13T14:17:19.045214222Z,2023-06-12T14:17:19.045214222Z,2023-06-08T01:26:00.602444748Z,2037.32,docker_used_memory_mb,qualimap (DA49) (3389),qualimap (DA49) (3389),1995636,3389
,,0,2023-05-13T14:17:19.045214222Z,2023-06-12T14:17:19.045214222Z,2023-06-08T01:26:03.617161884Z,2037.46,docker_used_memory_mb,qualimap (DA49) (3389),qualimap (DA49) (3389),1995636,3389
,,0,2023-05-13T14:17:19.045214222Z,2023-06-12T14:17:19.045214222Z,2023-06-08T01:26:07.605453201Z,2038.49,docker_used_memory_mb,qualimap (DA49) (3389),qualimap (DA49) (3389),1995636,3389
,,0,2023-05-13T14:17:19.045214222Z,2023-06-12T14:17:19.045214222Z,2023-06-08T01:26:10.602785918Z,2037.73,docker_used_memory_mb,qualimap (DA49) (3389),qualimap (DA49) (3389),1995636,3389
,,0,2023-05-13T14:17:19.045214222Z,2023-06-12T14:17:19.045214222Z,2023-06-08T01:26:13.603025358Z,2099.96,docker_used_memory_mb,qualimap (DA49) (3389),qualimap (DA49) (3389),1995636,3389
,,0,2023-05-13T14:17:19.045214222Z,2023-06-12T14:17:19.045214222Z,2023-06-08T01:26:16.609117874Z,2100.41,docker_used_memory_mb,qualimap (DA49) (3389),qualimap (DA49) (3389),1995636,3389
,,0,2023-05-13T14:17:19.045214222Z,2023-06-12T14:17:19.045214222Z,2023-06-08T01:26:19.613105569Z,2102.48,docker_used_memory_mb,qualimap (DA49) (3389),qualimap (DA49) (3389),1995636,3389
,,0,2023-05-13T14:17:19.045214222Z,2023-06-12T14:17:19.045214222Z,2023-06-08T01:26:22.604331158Z,2162.52,docker_used_memory_mb,qualimap (DA49) (3389),qualimap (DA49) (3389),1995636,3389
,,0,2023-05-13T14:17:19.045214222Z,2023-06-12T14:17:19.045214222Z,2023-06-08T01:26:25.613200649Z,2162.52,docker_used_memory_mb,qualimap (DA49) (3389),qualimap (DA49) (3389),1995636,3389
,,0,2023-05-13T14:17:19.045214222Z,2023-06-12T14:17:19.045214222Z,2023-06-08T01:26:28.60513121Z,2163.85,docker_used_memory_mb,qualimap (DA49) (3389),qualimap (DA49) (3389),1995636,3389
,,0,2023-05-13T14:17:19.045214222Z,2023-06-12T14:17:19.045214222Z,2023-06-08T01:26:32.606445208Z,2165.74,docker_used_memory_mb,qualimap (DA49) (3389),qualimap (DA49) (3389),1995636,3389
,,0,2023-05-13T14:17:19.045214222Z,2023-06-12T14:17:19.045214222Z,2023-06-08T01:26:35.613407784Z,2165.66,docker_used_memory_mb,qualimap (DA49) (3389),qualimap (DA49) (3389),1995636,3389
,,0,2023-05-13T14:17:19.045214222Z,2023-06-12T14:17:19.045214222Z,2023-06-08T01:26:38.609317553Z,2226.64,docker_used_memory_mb,qualimap (DA49) (3389),qualimap (DA49) (3389),1995636,3389
,,0,2023-05-13T14:17:19.045214222Z,2023-06-12T14:17:19.045214222Z,2023-06-08T01:26:41.612651512Z,2227.16,docker_used_memory_mb,qualimap (DA49) (3389),qualimap (DA49) (3389),1995636,3389
,,0,2023-05-13T14:17:19.045214222Z,2023-06-12T14:17:19.045214222Z,2023-06-08T01:26:44.613087456Z,2236.89,docker_used_memory_mb,qualimap (DA49) (3389),qualimap (DA49) (3389),1995636,3389
,,0,2023-05-13T14:17:19.045214222Z,2023-06-12T14:17:19.045214222Z,2023-06-08T01:26:47.611956002Z,2236.87,docker_used_memory_mb,qualimap (DA49) (3389),qualimap (DA49) (3389),1995636,3389
,,0,2023-05-13T14:17:19.045214222Z,2023-06-12T14:17:19.045214222Z,2023-06-08T01:26:50.613501005Z,2236.06,docker_used_memory_mb,qualimap (DA49) (3389),qualimap (DA49) (3389),1995636,3389
,,0,2023-05-13T14:17:19.045214222Z,2023-06-12T14:17:19.045214222Z,2023-06-08T01:26:54.609454145Z,2238.93,docker_used_memory_mb,qualimap (DA49) (3389),qualimap (DA49) (3389),1995636,3389
,,0,2023-05-13T14:17:19.045214222Z,2023-06-12T14:17:19.045214222Z,2023-06-08T01:26:57.613430912Z,1844.66,docker_used_memory_mb,qualimap (DA49) (3389),qualimap (DA49) (3389),1995636,3389
,,0,2023-05-13T14:17:19.045214222Z,2023-06-12T14:17:19.045214222Z,2023-06-08T01:27:00.611246013Z,1844.79,docker_used_memory_mb,qualimap (DA49) (3389),qualimap (DA49) (3389),1995636,3389
,,0,2023-05-13T14:17:19.045214222Z,2023-06-12T14:17:19.045214222Z,2023-06-08T01:27:03.609390899Z,1844.93,docker_used_memory_mb,qualimap (DA49) (3389),qualimap (DA49) (3389),1995636,3389
,,0,2023-05-13T14:17:19.045214222Z,2023-06-12T14:17:19.045214222Z,2023-06-08T01:27:06.609068117Z,1846.01,docker_used_memory_mb,qualimap (DA49) (3389),qualimap (DA49) (3389),1995636,3389
,,0,2023-05-13T14:17:19.045214222Z,2023-06-12T14:17:19.045214222Z,2023-06-08T01:27:09.613462283Z,1846.92,docker_used_memory_mb,qualimap (DA49) (3389),qualimap (DA49) (3389),1995636,3389
,,0,2023-05-13T14:17:19.045214222Z,2023-06-12T14:17:19.045214222Z,2023-06-08T01:27:12.613422973Z,1853.42,docker_used_memory_mb,qualimap (DA49) (3389),qualimap (DA49) (3389),1995636,3389
,,0,2023-05-13T14:17:19.045214222Z,2023-06-12T14:17:19.045214222Z,2023-06-08T01:27:15.60928481Z,1847.53,docker_used_memory_mb,qualimap (DA49) (3389),qualimap (DA49) (3389),1995636,3389
,,0,2023-05-13T14:17:19.045214222Z,2023-06-12T14:17:19.045214222Z,2023-06-08T01:27:18.601880553Z,2043.92,docker_used_memory_mb,qualimap (DA49) (3389),qualimap (DA49) (3389),1995636,3389
,,0,2023-05-13T14:17:19.045214222Z,2023-06-12T14:17:19.045214222Z,2023-06-08T01:27:21.604521627Z,1760.49,docker_used_memory_mb,qualimap (DA49) (3389),qualimap (DA49) (3389),1995636,3389
