#datatype,string,long,dateTime:RFC3339,dateTime:RFC3339,dateTime:RFC3339,double,string,string,string,string,string
#group,false,false,true,true,false,false,true,true,true,true,true
#default,_result,,,,,,,,,,
,result,table,_start,_stop,_time,_value,_field,_measurement,name,pid,tid
,,0,2023-05-13T12:43:16.328999592Z,2023-06-12T12:43:16.328999592Z,2023-06-05T10:18:48.646002818Z,3523.78,docker_used_memory_mb,bwa (DA353) (911),bwa (DA353) (911),2345205,911
,,0,2023-05-13T12:43:16.328999592Z,2023-06-12T12:43:16.328999592Z,2023-06-05T10:18:50.6457786Z,3792.22,docker_used_memory_mb,bwa (DA353) (911),bwa (DA353) (911),2345205,911
,,0,2023-05-13T12:43:16.328999592Z,2023-06-12T12:43:16.328999592Z,2023-06-05T10:18:52.646376419Z,4040.06,docker_used_memory_mb,bwa (DA353) (911),bwa (DA353) (911),2345205,911
,,0,2023-05-13T12:43:16.328999592Z,2023-06-12T12:43:16.328999592Z,2023-06-05T10:18:54.64609903Z,4105.54,docker_used_memory_mb,bwa (DA353) (911),bwa (DA353) (911),2345205,911
,,0,2023-05-13T12:43:16.328999592Z,2023-06-12T12:43:16.328999592Z,2023-06-05T10:18:56.645875632Z,4184.51,docker_used_memory_mb,bwa (DA353) (911),bwa (DA353) (911),2345205,911
,,0,2023-05-13T12:43:16.328999592Z,2023-06-12T12:43:16.328999592Z,2023-06-05T10:18:58.645564911Z,4251.74,docker_used_memory_mb,bwa (DA353) (911),bwa (DA353) (911),2345205,911
,,0,2023-05-13T12:43:16.328999592Z,2023-06-12T12:43:16.328999592Z,2023-06-05T10:19:00.646327585Z,4332.2,docker_used_memory_mb,bwa (DA353) (911),bwa (DA353) (911),2345205,911
,,0,2023-05-13T12:43:16.328999592Z,2023-06-12T12:43:16.328999592Z,2023-06-05T10:19:02.646047475Z,4375.06,docker_used_memory_mb,bwa (DA353) (911),bwa (DA353) (911),2345205,911
,,0,2023-05-13T12:43:16.328999592Z,2023-06-12T12:43:16.328999592Z,2023-06-05T10:19:04.645649242Z,4409.75,docker_used_memory_mb,bwa (DA353) (911),bwa (DA353) (911),2345205,911
,,0,2023-05-13T12:43:16.328999592Z,2023-06-12T12:43:16.328999592Z,2023-06-05T10:19:06.645536548Z,4508.95,docker_used_memory_mb,bwa (DA353) (911),bwa (DA353) (911),2345205,911
,,0,2023-05-13T12:43:16.328999592Z,2023-06-12T12:43:16.328999592Z,2023-06-05T10:19:08.646167788Z,4516.36,docker_used_memory_mb,bwa (DA353) (911),bwa (DA353) (911),2345205,911
,,0,2023-05-13T12:43:16.328999592Z,2023-06-12T12:43:16.328999592Z,2023-06-05T10:19:10.645566138Z,4518.93,docker_used_memory_mb,bwa (DA353) (911),bwa (DA353) (911),2345205,911
,,0,2023-05-13T12:43:16.328999592Z,2023-06-12T12:43:16.328999592Z,2023-06-05T10:19:12.646441555Z,4555.52,docker_used_memory_mb,bwa (DA353) (911),bwa (DA353) (911),2345205,911
,,0,2023-05-13T12:43:16.328999592Z,2023-06-12T12:43:16.328999592Z,2023-06-05T10:19:14.646070173Z,4571.87,docker_used_memory_mb,bwa (DA353) (911),bwa (DA353) (911),2345205,911
,,0,2023-05-13T12:43:16.328999592Z,2023-06-12T12:43:16.328999592Z,2023-06-05T10:19:16.645816044Z,4583.02,docker_used_memory_mb,bwa (DA353) (911),bwa (DA353) (911),2345205,911
,,0,2023-05-13T12:43:16.328999592Z,2023-06-12T12:43:16.328999592Z,2023-06-05T10:19:18.645628787Z,4613.57,docker_used_memory_mb,bwa (DA353) (911),bwa (DA353) (911),2345205,911
,,0,2023-05-13T12:43:16.328999592Z,2023-06-12T12:43:16.328999592Z,2023-06-05T10:19:20.646305109Z,4632.24,docker_used_memory_mb,bwa (DA353) (911),bwa (DA353) (911),2345205,911
,,0,2023-05-13T12:43:16.328999592Z,2023-06-12T12:43:16.328999592Z,2023-06-05T10:19:22.646055201Z,4649.63,docker_used_memory_mb,bwa (DA353) (911),bwa (DA353) (911),2345205,911
,,0,2023-05-13T12:43:16.328999592Z,2023-06-12T12:43:16.328999592Z,2023-06-05T10:19:24.645915415Z,4661.61,docker_used_memory_mb,bwa (DA353) (911),bwa (DA353) (911),2345205,911
,,0,2023-05-13T12:43:16.328999592Z,2023-06-12T12:43:16.328999592Z,2023-06-05T10:19:26.645590465Z,4666.74,docker_used_memory_mb,bwa (DA353) (911),bwa (DA353) (911),2345205,911
,,0,2023-05-13T12:43:16.328999592Z,2023-06-12T12:43:16.328999592Z,2023-06-05T10:19:28.649321755Z,4680.63,docker_used_memory_mb,bwa (DA353) (911),bwa (DA353) (911),2345205,911
,,0,2023-05-13T12:43:16.328999592Z,2023-06-12T12:43:16.328999592Z,2023-06-05T10:19:30.650639287Z,4681.8,docker_used_memory_mb,bwa (DA353) (911),bwa (DA353) (911),2345205,911
,,0,2023-05-13T12:43:16.328999592Z,2023-06-12T12:43:16.328999592Z,2023-06-05T10:19:33.645654015Z,4691.01,docker_used_memory_mb,bwa (DA353) (911),bwa (DA353) (911),2345205,911
,,0,2023-05-13T12:43:16.328999592Z,2023-06-12T12:43:16.328999592Z,2023-06-05T10:19:35.64921613Z,4699.32,docker_used_memory_mb,bwa (DA353) (911),bwa (DA353) (911),2345205,911
,,0,2023-05-13T12:43:16.328999592Z,2023-06-12T12:43:16.328999592Z,2023-06-05T10:19:37.646073948Z,4709.38,docker_used_memory_mb,bwa (DA353) (911),bwa (DA353) (911),2345205,911
,,0,2023-05-13T12:43:16.328999592Z,2023-06-12T12:43:16.328999592Z,2023-06-05T10:19:39.645706415Z,4342.88,docker_used_memory_mb,bwa (DA353) (911),bwa (DA353) (911),2345205,911
,,0,2023-05-13T12:43:16.328999592Z,2023-06-12T12:43:16.328999592Z,2023-06-05T10:19:41.645401395Z,4346.84,docker_used_memory_mb,bwa (DA353) (911),bwa (DA353) (911),2345205,911
,,0,2023-05-13T12:43:16.328999592Z,2023-06-12T12:43:16.328999592Z,2023-06-05T10:19:43.646220431Z,3962.47,docker_used_memory_mb,bwa (DA353) (911),bwa (DA353) (911),2345205,911
,,0,2023-05-13T12:43:16.328999592Z,2023-06-12T12:43:16.328999592Z,2023-06-05T10:19:45.645844769Z,3578.54,docker_used_memory_mb,bwa (DA353) (911),bwa (DA353) (911),2345205,911
,,0,2023-05-13T12:43:16.328999592Z,2023-06-12T12:43:16.328999592Z,2023-06-05T10:19:47.645723704Z,3388.81,docker_used_memory_mb,bwa (DA353) (911),bwa (DA353) (911),2345205,911
,,0,2023-05-13T12:43:16.328999592Z,2023-06-12T12:43:16.328999592Z,2023-06-05T10:19:49.646484209Z,3916.61,docker_used_memory_mb,bwa (DA353) (911),bwa (DA353) (911),2345205,911
,,0,2023-05-13T12:43:16.328999592Z,2023-06-12T12:43:16.328999592Z,2023-06-05T10:19:51.646425146Z,4319.58,docker_used_memory_mb,bwa (DA353) (911),bwa (DA353) (911),2345205,911
,,0,2023-05-13T12:43:16.328999592Z,2023-06-12T12:43:16.328999592Z,2023-06-05T10:19:53.646074135Z,4425.57,docker_used_memory_mb,bwa (DA353) (911),bwa (DA353) (911),2345205,911
,,0,2023-05-13T12:43:16.328999592Z,2023-06-12T12:43:16.328999592Z,2023-06-05T10:19:55.652568954Z,4510.84,docker_used_memory_mb,bwa (DA353) (911),bwa (DA353) (911),2345205,911
,,0,2023-05-13T12:43:16.328999592Z,2023-06-12T12:43:16.328999592Z,2023-06-05T10:19:57.646410385Z,4535.98,docker_used_memory_mb,bwa (DA353) (911),bwa (DA353) (911),2345205,911
,,0,2023-05-13T12:43:16.328999592Z,2023-06-12T12:43:16.328999592Z,2023-06-05T10:19:59.645991531Z,4545.12,docker_used_memory_mb,bwa (DA353) (911),bwa (DA353) (911),2345205,911
,,0,2023-05-13T12:43:16.328999592Z,2023-06-12T12:43:16.328999592Z,2023-06-05T10:20:01.645739353Z,4595.33,docker_used_memory_mb,bwa (DA353) (911),bwa (DA353) (911),2345205,911
,,0,2023-05-13T12:43:16.328999592Z,2023-06-12T12:43:16.328999592Z,2023-06-05T10:20:03.645378501Z,4628.94,docker_used_memory_mb,bwa (DA353) (911),bwa (DA353) (911),2345205,911
,,0,2023-05-13T12:43:16.328999592Z,2023-06-12T12:43:16.328999592Z,2023-06-05T10:20:05.646046592Z,4648.35,docker_used_memory_mb,bwa (DA353) (911),bwa (DA353) (911),2345205,911
,,0,2023-05-13T12:43:16.328999592Z,2023-06-12T12:43:16.328999592Z,2023-06-05T10:20:07.645513265Z,4667.84,docker_used_memory_mb,bwa (DA353) (911),bwa (DA353) (911),2345205,911
,,0,2023-05-13T12:43:16.328999592Z,2023-06-12T12:43:16.328999592Z,2023-06-05T10:20:09.646339761Z,4674.43,docker_used_memory_mb,bwa (DA353) (911),bwa (DA353) (911),2345205,911
,,0,2023-05-13T12:43:16.328999592Z,2023-06-12T12:43:16.328999592Z,2023-06-05T10:20:11.64602264Z,4697.21,docker_used_memory_mb,bwa (DA353) (911),bwa (DA353) (911),2345205,911
,,0,2023-05-13T12:43:16.328999592Z,2023-06-12T12:43:16.328999592Z,2023-06-05T10:20:13.646087832Z,4723.16,docker_used_memory_mb,bwa (DA353) (911),bwa (DA353) (911),2345205,911
,,0,2023-05-13T12:43:16.328999592Z,2023-06-12T12:43:16.328999592Z,2023-06-05T10:20:15.64602418Z,4723.01,docker_used_memory_mb,bwa (DA353) (911),bwa (DA353) (911),2345205,911
,,0,2023-05-13T12:43:16.328999592Z,2023-06-12T12:43:16.328999592Z,2023-06-05T10:20:17.645660098Z,4724.13,docker_used_memory_mb,bwa (DA353) (911),bwa (DA353) (911),2345205,911
,,0,2023-05-13T12:43:16.328999592Z,2023-06-12T12:43:16.328999592Z,2023-06-05T10:20:19.645540024Z,4742.07,docker_used_memory_mb,bwa (DA353) (911),bwa (DA353) (911),2345205,911
,,0,2023-05-13T12:43:16.328999592Z,2023-06-12T12:43:16.328999592Z,2023-06-05T10:20:21.646186254Z,4753.06,docker_used_memory_mb,bwa (DA353) (911),bwa (DA353) (911),2345205,911
,,0,2023-05-13T12:43:16.328999592Z,2023-06-12T12:43:16.328999592Z,2023-06-05T10:20:23.645912105Z,4788.48,docker_used_memory_mb,bwa (DA353) (911),bwa (DA353) (911),2345205,911
,,0,2023-05-13T12:43:16.328999592Z,2023-06-12T12:43:16.328999592Z,2023-06-05T10:20:25.645551134Z,4790.03,docker_used_memory_mb,bwa (DA353) (911),bwa (DA353) (911),2345205,911
,,0,2023-05-13T12:43:16.328999592Z,2023-06-12T12:43:16.328999592Z,2023-06-05T10:20:27.645405079Z,4805.82,docker_used_memory_mb,bwa (DA353) (911),bwa (DA353) (911),2345205,911
,,0,2023-05-13T12:43:16.328999592Z,2023-06-12T12:43:16.328999592Z,2023-06-05T10:20:29.646168323Z,4825.66,docker_used_memory_mb,bwa (DA353) (911),bwa (DA353) (911),2345205,911
,,0,2023-05-13T12:43:16.328999592Z,2023-06-12T12:43:16.328999592Z,2023-06-05T10:20:31.645948326Z,4839.36,docker_used_memory_mb,bwa (DA353) (911),bwa (DA353) (911),2345205,911
,,0,2023-05-13T12:43:16.328999592Z,2023-06-12T12:43:16.328999592Z,2023-06-05T10:20:33.645706208Z,4849.31,docker_used_memory_mb,bwa (DA353) (911),bwa (DA353) (911),2345205,911
,,0,2023-05-13T12:43:16.328999592Z,2023-06-12T12:43:16.328999592Z,2023-06-05T10:20:35.645543953Z,4578.3,docker_used_memory_mb,bwa (DA353) (911),bwa (DA353) (911),2345205,911
,,0,2023-05-13T12:43:16.328999592Z,2023-06-12T12:43:16.328999592Z,2023-06-05T10:20:37.646151402Z,3940.26,docker_used_memory_mb,bwa (DA353) (911),bwa (DA353) (911),2345205,911
,,0,2023-05-13T12:43:16.328999592Z,2023-06-12T12:43:16.328999592Z,2023-06-05T10:20:39.646518584Z,3940.84,docker_used_memory_mb,bwa (DA353) (911),bwa (DA353) (911),2345205,911
,,0,2023-05-13T12:43:16.328999592Z,2023-06-12T12:43:16.328999592Z,2023-06-05T10:20:41.646128251Z,3679.69,docker_used_memory_mb,bwa (DA353) (911),bwa (DA353) (911),2345205,911
,,0,2023-05-13T12:43:16.328999592Z,2023-06-12T12:43:16.328999592Z,2023-06-05T10:20:43.653099717Z,4050.61,docker_used_memory_mb,bwa (DA353) (911),bwa (DA353) (911),2345205,911
,,0,2023-05-13T12:43:16.328999592Z,2023-06-12T12:43:16.328999592Z,2023-06-05T10:20:45.653023524Z,4149.64,docker_used_memory_mb,bwa (DA353) (911),bwa (DA353) (911),2345205,911
,,0,2023-05-13T12:43:16.328999592Z,2023-06-12T12:43:16.328999592Z,2023-06-05T10:20:47.645647985Z,4230.37,docker_used_memory_mb,bwa (DA353) (911),bwa (DA353) (911),2345205,911
,,0,2023-05-13T12:43:16.328999592Z,2023-06-12T12:43:16.328999592Z,2023-06-05T10:20:49.64549654Z,4334.73,docker_used_memory_mb,bwa (DA353) (911),bwa (DA353) (911),2345205,911
,,0,2023-05-13T12:43:16.328999592Z,2023-06-12T12:43:16.328999592Z,2023-06-05T10:20:51.646526604Z,4412.36,docker_used_memory_mb,bwa (DA353) (911),bwa (DA353) (911),2345205,911
,,0,2023-05-13T12:43:16.328999592Z,2023-06-12T12:43:16.328999592Z,2023-06-05T10:20:53.649232241Z,4454.03,docker_used_memory_mb,bwa (DA353) (911),bwa (DA353) (911),2345205,911
,,0,2023-05-13T12:43:16.328999592Z,2023-06-12T12:43:16.328999592Z,2023-06-05T10:20:55.646049458Z,4488.67,docker_used_memory_mb,bwa (DA353) (911),bwa (DA353) (911),2345205,911
,,0,2023-05-13T12:43:16.328999592Z,2023-06-12T12:43:16.328999592Z,2023-06-05T10:20:57.6495276Z,4616.7,docker_used_memory_mb,bwa (DA353) (911),bwa (DA353) (911),2345205,911
,,0,2023-05-13T12:43:16.328999592Z,2023-06-12T12:43:16.328999592Z,2023-06-05T10:20:59.646009127Z,4692.88,docker_used_memory_mb,bwa (DA353) (911),bwa (DA353) (911),2345205,911
,,0,2023-05-13T12:43:16.328999592Z,2023-06-12T12:43:16.328999592Z,2023-06-05T10:21:01.646139681Z,4762.9,docker_used_memory_mb,bwa (DA353) (911),bwa (DA353) (911),2345205,911
,,0,2023-05-13T12:43:16.328999592Z,2023-06-12T12:43:16.328999592Z,2023-06-05T10:21:03.64548819Z,4769.85,docker_used_memory_mb,bwa (DA353) (911),bwa (DA353) (911),2345205,911
,,0,2023-05-13T12:43:16.328999592Z,2023-06-12T12:43:16.328999592Z,2023-06-05T10:21:05.648015271Z,4782.99,docker_used_memory_mb,bwa (DA353) (911),bwa (DA353) (911),2345205,911
,,0,2023-05-13T12:43:16.328999592Z,2023-06-12T12:43:16.328999592Z,2023-06-05T10:21:08.64548858Z,4793.95,docker_used_memory_mb,bwa (DA353) (911),bwa (DA353) (911),2345205,911
,,0,2023-05-13T12:43:16.328999592Z,2023-06-12T12:43:16.328999592Z,2023-06-05T10:21:09.64611034Z,4839.7,docker_used_memory_mb,bwa (DA353) (911),bwa (DA353) (911),2345205,911
,,0,2023-05-13T12:43:16.328999592Z,2023-06-12T12:43:16.328999592Z,2023-06-05T10:21:11.645991566Z,4844.17,docker_used_memory_mb,bwa (DA353) (911),bwa (DA353) (911),2345205,911
,,0,2023-05-13T12:43:16.328999592Z,2023-06-12T12:43:16.328999592Z,2023-06-05T10:21:14.645724618Z,4846.96,docker_used_memory_mb,bwa (DA353) (911),bwa (DA353) (911),2345205,911
,,0,2023-05-13T12:43:16.328999592Z,2023-06-12T12:43:16.328999592Z,2023-06-05T10:21:16.645542852Z,4867.97,docker_used_memory_mb,bwa (DA353) (911),bwa (DA353) (911),2345205,911
,,0,2023-05-13T12:43:16.328999592Z,2023-06-12T12:43:16.328999592Z,2023-06-05T10:21:18.64949253Z,4869.45,docker_used_memory_mb,bwa (DA353) (911),bwa (DA353) (911),2345205,911
,,0,2023-05-13T12:43:16.328999592Z,2023-06-12T12:43:16.328999592Z,2023-06-05T10:21:20.646015307Z,4874.14,docker_used_memory_mb,bwa (DA353) (911),bwa (DA353) (911),2345205,911
,,0,2023-05-13T12:43:16.328999592Z,2023-06-12T12:43:16.328999592Z,2023-06-05T10:21:22.645666946Z,4878.38,docker_used_memory_mb,bwa (DA353) (911),bwa (DA353) (911),2345205,911
,,0,2023-05-13T12:43:16.328999592Z,2023-06-12T12:43:16.328999592Z,2023-06-05T10:21:24.645656206Z,4889.43,docker_used_memory_mb,bwa (DA353) (911),bwa (DA353) (911),2345205,911
,,0,2023-05-13T12:43:16.328999592Z,2023-06-12T12:43:16.328999592Z,2023-06-05T10:21:26.646337788Z,4762.5,docker_used_memory_mb,bwa (DA353) (911),bwa (DA353) (911),2345205,911
,,0,2023-05-13T12:43:16.328999592Z,2023-06-12T12:43:16.328999592Z,2023-06-05T10:21:28.646037868Z,4784.11,docker_used_memory_mb,bwa (DA353) (911),bwa (DA353) (911),2345205,911
,,0,2023-05-13T12:43:16.328999592Z,2023-06-12T12:43:16.328999592Z,2023-06-05T10:21:30.645845272Z,4467.97,docker_used_memory_mb,bwa (DA353) (911),bwa (DA353) (911),2345205,911
,,0,2023-05-13T12:43:16.328999592Z,2023-06-12T12:43:16.328999592Z,2023-06-05T10:21:32.645639126Z,4144.14,docker_used_memory_mb,bwa (DA353) (911),bwa (DA353) (911),2345205,911
,,0,2023-05-13T12:43:16.328999592Z,2023-06-12T12:43:16.328999592Z,2023-06-05T10:21:34.646511754Z,3382.01,docker_used_memory_mb,bwa (DA353) (911),bwa (DA353) (911),2345205,911
,,0,2023-05-13T12:43:16.328999592Z,2023-06-12T12:43:16.328999592Z,2023-06-05T10:21:36.645706768Z,4055.23,docker_used_memory_mb,bwa (DA353) (911),bwa (DA353) (911),2345205,911
,,0,2023-05-13T12:43:16.328999592Z,2023-06-12T12:43:16.328999592Z,2023-06-05T10:21:38.64608145Z,4227.27,docker_used_memory_mb,bwa (DA353) (911),bwa (DA353) (911),2345205,911
,,0,2023-05-13T12:43:16.328999592Z,2023-06-12T12:43:16.328999592Z,2023-06-05T10:21:40.645783561Z,4318.47,docker_used_memory_mb,bwa (DA353) (911),bwa (DA353) (911),2345205,911
,,0,2023-05-13T12:43:16.328999592Z,2023-06-12T12:43:16.328999592Z,2023-06-05T10:21:42.646526635Z,4411.74,docker_used_memory_mb,bwa (DA353) (911),bwa (DA353) (911),2345205,911
,,0,2023-05-13T12:43:16.328999592Z,2023-06-12T12:43:16.328999592Z,2023-06-05T10:21:44.653402647Z,4450.73,docker_used_memory_mb,bwa (DA353) (911),bwa (DA353) (911),2345205,911
,,0,2023-05-13T12:43:16.328999592Z,2023-06-12T12:43:16.328999592Z,2023-06-05T10:21:46.646028589Z,4460.78,docker_used_memory_mb,bwa (DA353) (911),bwa (DA353) (911),2345205,911
,,0,2023-05-13T12:43:16.328999592Z,2023-06-12T12:43:16.328999592Z,2023-06-05T10:21:48.649326426Z,4462.07,docker_used_memory_mb,bwa (DA353) (911),bwa (DA353) (911),2345205,911
,,0,2023-05-13T12:43:16.328999592Z,2023-06-12T12:43:16.328999592Z,2023-06-05T10:21:50.649592835Z,4495.13,docker_used_memory_mb,bwa (DA353) (911),bwa (DA353) (911),2345205,911
,,0,2023-05-13T12:43:16.328999592Z,2023-06-12T12:43:16.328999592Z,2023-06-05T10:21:52.646281428Z,4568.21,docker_used_memory_mb,bwa (DA353) (911),bwa (DA353) (911),2345205,911
,,0,2023-05-13T12:43:16.328999592Z,2023-06-12T12:43:16.328999592Z,2023-06-05T10:21:54.645619697Z,4605.65,docker_used_memory_mb,bwa (DA353) (911),bwa (DA353) (911),2345205,911
,,0,2023-05-13T12:43:16.328999592Z,2023-06-12T12:43:16.328999592Z,2023-06-05T10:21:56.645395509Z,4695.04,docker_used_memory_mb,bwa (DA353) (911),bwa (DA353) (911),2345205,911
,,0,2023-05-13T12:43:16.328999592Z,2023-06-12T12:43:16.328999592Z,2023-06-05T10:21:58.64570159Z,4712.69,docker_used_memory_mb,bwa (DA353) (911),bwa (DA353) (911),2345205,911
,,0,2023-05-13T12:43:16.328999592Z,2023-06-12T12:43:16.328999592Z,2023-06-05T10:22:00.646367911Z,4734.69,docker_used_memory_mb,bwa (DA353) (911),bwa (DA353) (911),2345205,911
,,0,2023-05-13T12:43:16.328999592Z,2023-06-12T12:43:16.328999592Z,2023-06-05T10:22:02.646031611Z,4753.36,docker_used_memory_mb,bwa (DA353) (911),bwa (DA353) (911),2345205,911
,,0,2023-05-13T12:43:16.328999592Z,2023-06-12T12:43:16.328999592Z,2023-06-05T10:22:04.645739162Z,4753.69,docker_used_memory_mb,bwa (DA353) (911),bwa (DA353) (911),2345205,911
,,0,2023-05-13T12:43:16.328999592Z,2023-06-12T12:43:16.328999592Z,2023-06-05T10:22:06.64566829Z,4771.93,docker_used_memory_mb,bwa (DA353) (911),bwa (DA353) (911),2345205,911
,,0,2023-05-13T12:43:16.328999592Z,2023-06-12T12:43:16.328999592Z,2023-06-05T10:22:08.649027378Z,4794.89,docker_used_memory_mb,bwa (DA353) (911),bwa (DA353) (911),2345205,911
,,0,2023-05-13T12:43:16.328999592Z,2023-06-12T12:43:16.328999592Z,2023-06-05T10:22:10.648199232Z,4797.72,docker_used_memory_mb,bwa (DA353) (911),bwa (DA353) (911),2345205,911
,,0,2023-05-13T12:43:16.328999592Z,2023-06-12T12:43:16.328999592Z,2023-06-05T10:22:12.645878917Z,4820.82,docker_used_memory_mb,bwa (DA353) (911),bwa (DA353) (911),2345205,911
,,0,2023-05-13T12:43:16.328999592Z,2023-06-12T12:43:16.328999592Z,2023-06-05T10:22:14.64563805Z,4834.28,docker_used_memory_mb,bwa (DA353) (911),bwa (DA353) (911),2345205,911
,,0,2023-05-13T12:43:16.328999592Z,2023-06-12T12:43:16.328999592Z,2023-06-05T10:22:16.645505615Z,4834.12,docker_used_memory_mb,bwa (DA353) (911),bwa (DA353) (911),2345205,911
,,0,2023-05-13T12:43:16.328999592Z,2023-06-12T12:43:16.328999592Z,2023-06-05T10:22:18.646215189Z,4840.29,docker_used_memory_mb,bwa (DA353) (911),bwa (DA353) (911),2345205,911
,,0,2023-05-13T12:43:16.328999592Z,2023-06-12T12:43:16.328999592Z,2023-06-05T10:22:20.645915259Z,4389.78,docker_used_memory_mb,bwa (DA353) (911),bwa (DA353) (911),2345205,911
,,0,2023-05-13T12:43:16.328999592Z,2023-06-12T12:43:16.328999592Z,2023-06-05T10:22:22.645714453Z,4072.17,docker_used_memory_mb,bwa (DA353) (911),bwa (DA353) (911),2345205,911
,,0,2023-05-13T12:43:16.328999592Z,2023-06-12T12:43:16.328999592Z,2023-06-05T10:22:24.645466185Z,3285.85,docker_used_memory_mb,bwa (DA353) (911),bwa (DA353) (911),2345205,911
,,0,2023-05-13T12:43:16.328999592Z,2023-06-12T12:43:16.328999592Z,2023-06-05T10:22:26.646131787Z,4078.08,docker_used_memory_mb,bwa (DA353) (911),bwa (DA353) (911),2345205,911
,,0,2023-05-13T12:43:16.328999592Z,2023-06-12T12:43:16.328999592Z,2023-06-05T10:22:28.645935141Z,4151.29,docker_used_memory_mb,bwa (DA353) (911),bwa (DA353) (911),2345205,911
,,0,2023-05-13T12:43:16.328999592Z,2023-06-12T12:43:16.328999592Z,2023-06-05T10:22:30.645754646Z,4232.02,docker_used_memory_mb,bwa (DA353) (911),bwa (DA353) (911),2345205,911
,,0,2023-05-13T12:43:16.328999592Z,2023-06-12T12:43:16.328999592Z,2023-06-05T10:22:32.646424678Z,4344.89,docker_used_memory_mb,bwa (DA353) (911),bwa (DA353) (911),2345205,911
,,0,2023-05-13T12:43:16.328999592Z,2023-06-12T12:43:16.328999592Z,2023-06-05T10:22:34.646294634Z,4375.64,docker_used_memory_mb,bwa (DA353) (911),bwa (DA353) (911),2345205,911
,,0,2023-05-13T12:43:16.328999592Z,2023-06-12T12:43:16.328999592Z,2023-06-05T10:22:36.645926592Z,4424.76,docker_used_memory_mb,bwa (DA353) (911),bwa (DA353) (911),2345205,911
,,0,2023-05-13T12:43:16.328999592Z,2023-06-12T12:43:16.328999592Z,2023-06-05T10:22:38.645556061Z,4481.5,docker_used_memory_mb,bwa (DA353) (911),bwa (DA353) (911),2345205,911
,,0,2023-05-13T12:43:16.328999592Z,2023-06-12T12:43:16.328999592Z,2023-06-05T10:22:40.646336706Z,4538.88,docker_used_memory_mb,bwa (DA353) (911),bwa (DA353) (911),2345205,911
,,0,2023-05-13T12:43:16.328999592Z,2023-06-12T12:43:16.328999592Z,2023-06-05T10:22:42.646362827Z,4600.3,docker_used_memory_mb,bwa (DA353) (911),bwa (DA353) (911),2345205,911
,,0,2023-05-13T12:43:16.328999592Z,2023-06-12T12:43:16.328999592Z,2023-06-05T10:22:44.645905353Z,4653.96,docker_used_memory_mb,bwa (DA353) (911),bwa (DA353) (911),2345205,911
,,0,2023-05-13T12:43:16.328999592Z,2023-06-12T12:43:16.328999592Z,2023-06-05T10:22:46.649179259Z,4670.57,docker_used_memory_mb,bwa (DA353) (911),bwa (DA353) (911),2345205,911
,,0,2023-05-13T12:43:16.328999592Z,2023-06-12T12:43:16.328999592Z,2023-06-05T10:22:49.64918267Z,4688.31,docker_used_memory_mb,bwa (DA353) (911),bwa (DA353) (911),2345205,911
,,0,2023-05-13T12:43:16.328999592Z,2023-06-12T12:43:16.328999592Z,2023-06-05T10:22:51.6460908Z,4752.14,docker_used_memory_mb,bwa (DA353) (911),bwa (DA353) (911),2345205,911
,,0,2023-05-13T12:43:16.328999592Z,2023-06-12T12:43:16.328999592Z,2023-06-05T10:22:53.645834033Z,4767.38,docker_used_memory_mb,bwa (DA353) (911),bwa (DA353) (911),2345205,911
,,0,2023-05-13T12:43:16.328999592Z,2023-06-12T12:43:16.328999592Z,2023-06-05T10:22:55.645498452Z,4793.02,docker_used_memory_mb,bwa (DA353) (911),bwa (DA353) (911),2345205,911
,,0,2023-05-13T12:43:16.328999592Z,2023-06-12T12:43:16.328999592Z,2023-06-05T10:22:57.647047253Z,4797.7,docker_used_memory_mb,bwa (DA353) (911),bwa (DA353) (911),2345205,911
,,0,2023-05-13T12:43:16.328999592Z,2023-06-12T12:43:16.328999592Z,2023-06-05T10:22:59.645591086Z,4876.91,docker_used_memory_mb,bwa (DA353) (911),bwa (DA353) (911),2345205,911
,,0,2023-05-13T12:43:16.328999592Z,2023-06-12T12:43:16.328999592Z,2023-06-05T10:23:01.648706777Z,4884.53,docker_used_memory_mb,bwa (DA353) (911),bwa (DA353) (911),2345205,911
,,0,2023-05-13T12:43:16.328999592Z,2023-06-12T12:43:16.328999592Z,2023-06-05T10:23:03.64567914Z,4892.51,docker_used_memory_mb,bwa (DA353) (911),bwa (DA353) (911),2345205,911
,,0,2023-05-13T12:43:16.328999592Z,2023-06-12T12:43:16.328999592Z,2023-06-05T10:23:05.646419234Z,4898.94,docker_used_memory_mb,bwa (DA353) (911),bwa (DA353) (911),2345205,911
,,0,2023-05-13T12:43:16.328999592Z,2023-06-12T12:43:16.328999592Z,2023-06-05T10:23:07.645963289Z,4931.94,docker_used_memory_mb,bwa (DA353) (911),bwa (DA353) (911),2345205,911
,,0,2023-05-13T12:43:16.328999592Z,2023-06-12T12:43:16.328999592Z,2023-06-05T10:23:09.645799045Z,4932.94,docker_used_memory_mb,bwa (DA353) (911),bwa (DA353) (911),2345205,911
,,0,2023-05-13T12:43:16.328999592Z,2023-06-12T12:43:16.328999592Z,2023-06-05T10:23:11.645596899Z,4806.94,docker_used_memory_mb,bwa (DA353) (911),bwa (DA353) (911),2345205,911
,,0,2023-05-13T12:43:16.328999592Z,2023-06-12T12:43:16.328999592Z,2023-06-05T10:23:13.646282082Z,4612.62,docker_used_memory_mb,bwa (DA353) (911),bwa (DA353) (911),2345205,911
,,0,2023-05-13T12:43:16.328999592Z,2023-06-12T12:43:16.328999592Z,2023-06-05T10:23:15.646034174Z,4019.28,docker_used_memory_mb,bwa (DA353) (911),bwa (DA353) (911),2345205,911
,,0,2023-05-13T12:43:16.328999592Z,2023-06-12T12:43:16.328999592Z,2023-06-05T10:23:17.645737025Z,3866.06,docker_used_memory_mb,bwa (DA353) (911),bwa (DA353) (911),2345205,911
,,0,2023-05-13T12:43:16.328999592Z,2023-06-12T12:43:16.328999592Z,2023-06-05T10:23:19.64557764Z,3727.57,docker_used_memory_mb,bwa (DA353) (911),bwa (DA353) (911),2345205,911
,,0,2023-05-13T12:43:16.328999592Z,2023-06-12T12:43:16.328999592Z,2023-06-05T10:23:21.646241672Z,4122.82,docker_used_memory_mb,bwa (DA353) (911),bwa (DA353) (911),2345205,911
,,0,2023-05-13T12:43:16.328999592Z,2023-06-12T12:43:16.328999592Z,2023-06-05T10:23:23.646027006Z,4394.22,docker_used_memory_mb,bwa (DA353) (911),bwa (DA353) (911),2345205,911
,,0,2023-05-13T12:43:16.328999592Z,2023-06-12T12:43:16.328999592Z,2023-06-05T10:23:25.645771068Z,4563.79,docker_used_memory_mb,bwa (DA353) (911),bwa (DA353) (911),2345205,911
,,0,2023-05-13T12:43:16.328999592Z,2023-06-12T12:43:16.328999592Z,2023-06-05T10:23:27.645471209Z,4634.5,docker_used_memory_mb,bwa (DA353) (911),bwa (DA353) (911),2345205,911
,,0,2023-05-13T12:43:16.328999592Z,2023-06-12T12:43:16.328999592Z,2023-06-05T10:23:29.645515871Z,4648.59,docker_used_memory_mb,bwa (DA353) (911),bwa (DA353) (911),2345205,911
,,0,2023-05-13T12:43:16.328999592Z,2023-06-12T12:43:16.328999592Z,2023-06-05T10:23:31.645406618Z,4712.61,docker_used_memory_mb,bwa (DA353) (911),bwa (DA353) (911),2345205,911
,,0,2023-05-13T12:43:16.328999592Z,2023-06-12T12:43:16.328999592Z,2023-06-05T10:23:33.653052556Z,4722.18,docker_used_memory_mb,bwa (DA353) (911),bwa (DA353) (911),2345205,911
,,0,2023-05-13T12:43:16.328999592Z,2023-06-12T12:43:16.328999592Z,2023-06-05T10:23:35.645978327Z,4723.22,docker_used_memory_mb,bwa (DA353) (911),bwa (DA353) (911),2345205,911
,,0,2023-05-13T12:43:16.328999592Z,2023-06-12T12:43:16.328999592Z,2023-06-05T10:23:37.653026856Z,4724.61,docker_used_memory_mb,bwa (DA353) (911),bwa (DA353) (911),2345205,911
,,0,2023-05-13T12:43:16.328999592Z,2023-06-12T12:43:16.328999592Z,2023-06-05T10:23:39.646067382Z,4740.45,docker_used_memory_mb,bwa (DA353) (911),bwa (DA353) (911),2345205,911
,,0,2023-05-13T12:43:16.328999592Z,2023-06-12T12:43:16.328999592Z,2023-06-05T10:23:41.645759072Z,4777.07,docker_used_memory_mb,bwa (DA353) (911),bwa (DA353) (911),2345205,911
,,0,2023-05-13T12:43:16.328999592Z,2023-06-12T12:43:16.328999592Z,2023-06-05T10:23:43.645628628Z,4786.64,docker_used_memory_mb,bwa (DA353) (911),bwa (DA353) (911),2345205,911
,,0,2023-05-13T12:43:16.328999592Z,2023-06-12T12:43:16.328999592Z,2023-06-05T10:23:45.649205005Z,4794.16,docker_used_memory_mb,bwa (DA353) (911),bwa (DA353) (911),2345205,911
,,0,2023-05-13T12:43:16.328999592Z,2023-06-12T12:43:16.328999592Z,2023-06-05T10:23:47.645817506Z,4840.11,docker_used_memory_mb,bwa (DA353) (911),bwa (DA353) (911),2345205,911
,,0,2023-05-13T12:43:16.328999592Z,2023-06-12T12:43:16.328999592Z,2023-06-05T10:23:49.646353994Z,4863.27,docker_used_memory_mb,bwa (DA353) (911),bwa (DA353) (911),2345205,911
,,0,2023-05-13T12:43:16.328999592Z,2023-06-12T12:43:16.328999592Z,2023-06-05T10:23:51.645584769Z,4918.73,docker_used_memory_mb,bwa (DA353) (911),bwa (DA353) (911),2345205,911
,,0,2023-05-13T12:43:16.328999592Z,2023-06-12T12:43:16.328999592Z,2023-06-05T10:23:53.646354395Z,4918.67,docker_used_memory_mb,bwa (DA353) (911),bwa (DA353) (911),2345205,911
,,0,2023-05-13T12:43:16.328999592Z,2023-06-12T12:43:16.328999592Z,2023-06-05T10:23:55.64618592Z,4928.07,docker_used_memory_mb,bwa (DA353) (911),bwa (DA353) (911),2345205,911
,,0,2023-05-13T12:43:16.328999592Z,2023-06-12T12:43:16.328999592Z,2023-06-05T10:23:57.6458703Z,4928.61,docker_used_memory_mb,bwa (DA353) (911),bwa (DA353) (911),2345205,911
,,0,2023-05-13T12:43:16.328999592Z,2023-06-12T12:43:16.328999592Z,2023-06-05T10:23:59.645653534Z,4935.61,docker_used_memory_mb,bwa (DA353) (911),bwa (DA353) (911),2345205,911
,,0,2023-05-13T12:43:16.328999592Z,2023-06-12T12:43:16.328999592Z,2023-06-05T10:24:01.646427Z,4598.25,docker_used_memory_mb,bwa (DA353) (911),bwa (DA353) (911),2345205,911
,,0,2023-05-13T12:43:16.328999592Z,2023-06-12T12:43:16.328999592Z,2023-06-05T10:24:03.646071119Z,4599,docker_used_memory_mb,bwa (DA353) (911),bwa (DA353) (911),2345205,911
,,0,2023-05-13T12:43:16.328999592Z,2023-06-12T12:43:16.328999592Z,2023-06-05T10:24:05.645829521Z,3979.26,docker_used_memory_mb,bwa (DA353) (911),bwa (DA353) (911),2345205,911
,,0,2023-05-13T12:43:16.328999592Z,2023-06-12T12:43:16.328999592Z,2023-06-05T10:24:07.645692298Z,3466.32,docker_used_memory_mb,bwa (DA353) (911),bwa (DA353) (911),2345205,911
,,0,2023-05-13T12:43:16.328999592Z,2023-06-12T12:43:16.328999592Z,2023-06-05T10:24:09.647114434Z,3958.57,docker_used_memory_mb,bwa (DA353) (911),bwa (DA353) (911),2345205,911
,,0,2023-05-13T12:43:16.328999592Z,2023-06-12T12:43:16.328999592Z,2023-06-05T10:24:11.645445321Z,4140.42,docker_used_memory_mb,bwa (DA353) (911),bwa (DA353) (911),2345205,911
,,0,2023-05-13T12:43:16.328999592Z,2023-06-12T12:43:16.328999592Z,2023-06-05T10:24:13.649276976Z,4214.11,docker_used_memory_mb,bwa (DA353) (911),bwa (DA353) (911),2345205,911
,,0,2023-05-13T12:43:16.328999592Z,2023-06-12T12:43:16.328999592Z,2023-06-05T10:24:15.645947909Z,4281.97,docker_used_memory_mb,bwa (DA353) (911),bwa (DA353) (911),2345205,911
,,0,2023-05-13T12:43:16.328999592Z,2023-06-12T12:43:16.328999592Z,2023-06-05T10:24:17.645778894Z,4386.05,docker_used_memory_mb,bwa (DA353) (911),bwa (DA353) (911),2345205,911
,,0,2023-05-13T12:43:16.328999592Z,2023-06-12T12:43:16.328999592Z,2023-06-05T10:24:20.64560707Z,4499.65,docker_used_memory_mb,bwa (DA353) (911),bwa (DA353) (911),2345205,911
,,0,2023-05-13T12:43:16.328999592Z,2023-06-12T12:43:16.328999592Z,2023-06-05T10:24:22.646372195Z,4547.47,docker_used_memory_mb,bwa (DA353) (911),bwa (DA353) (911),2345205,911
,,0,2023-05-13T12:43:16.328999592Z,2023-06-12T12:43:16.328999592Z,2023-06-05T10:24:24.645978353Z,4667.89,docker_used_memory_mb,bwa (DA353) (911),bwa (DA353) (911),2345205,911
,,0,2023-05-13T12:43:16.328999592Z,2023-06-12T12:43:16.328999592Z,2023-06-05T10:24:25.645847029Z,4696.69,docker_used_memory_mb,bwa (DA353) (911),bwa (DA353) (911),2345205,911
,,0,2023-05-13T12:43:16.328999592Z,2023-06-12T12:43:16.328999592Z,2023-06-05T10:24:28.645745037Z,4696.96,docker_used_memory_mb,bwa (DA353) (911),bwa (DA353) (911),2345205,911
,,0,2023-05-13T12:43:16.328999592Z,2023-06-12T12:43:16.328999592Z,2023-06-05T10:24:30.646357347Z,4725.2,docker_used_memory_mb,bwa (DA353) (911),bwa (DA353) (911),2345205,911
,,0,2023-05-13T12:43:16.328999592Z,2023-06-12T12:43:16.328999592Z,2023-06-05T10:24:32.646159732Z,4727.33,docker_used_memory_mb,bwa (DA353) (911),bwa (DA353) (911),2345205,911
,,0,2023-05-13T12:43:16.328999592Z,2023-06-12T12:43:16.328999592Z,2023-06-05T10:24:34.645927575Z,4761.19,docker_used_memory_mb,bwa (DA353) (911),bwa (DA353) (911),2345205,911
,,0,2023-05-13T12:43:16.328999592Z,2023-06-12T12:43:16.328999592Z,2023-06-05T10:24:36.645678937Z,4776.06,docker_used_memory_mb,bwa (DA353) (911),bwa (DA353) (911),2345205,911
,,0,2023-05-13T12:43:16.328999592Z,2023-06-12T12:43:16.328999592Z,2023-06-05T10:24:38.64573621Z,4816.25,docker_used_memory_mb,bwa (DA353) (911),bwa (DA353) (911),2345205,911
,,0,2023-05-13T12:43:16.328999592Z,2023-06-12T12:43:16.328999592Z,2023-06-05T10:24:40.645470722Z,4850.2,docker_used_memory_mb,bwa (DA353) (911),bwa (DA353) (911),2345205,911
,,0,2023-05-13T12:43:16.328999592Z,2023-06-12T12:43:16.328999592Z,2023-06-05T10:24:42.646254508Z,4863.27,docker_used_memory_mb,bwa (DA353) (911),bwa (DA353) (911),2345205,911
,,0,2023-05-13T12:43:16.328999592Z,2023-06-12T12:43:16.328999592Z,2023-06-05T10:24:44.653257856Z,4871.64,docker_used_memory_mb,bwa (DA353) (911),bwa (DA353) (911),2345205,911
,,0,2023-05-13T12:43:16.328999592Z,2023-06-12T12:43:16.328999592Z,2023-06-05T10:24:46.646169767Z,4872.04,docker_used_memory_mb,bwa (DA353) (911),bwa (DA353) (911),2345205,911
,,0,2023-05-13T12:43:16.328999592Z,2023-06-12T12:43:16.328999592Z,2023-06-05T10:24:48.645697203Z,4906.64,docker_used_memory_mb,bwa (DA353) (911),bwa (DA353) (911),2345205,911
,,0,2023-05-13T12:43:16.328999592Z,2023-06-12T12:43:16.328999592Z,2023-06-05T10:24:50.647113839Z,4911.22,docker_used_memory_mb,bwa (DA353) (911),bwa (DA353) (911),2345205,911
,,0,2023-05-13T12:43:16.328999592Z,2023-06-12T12:43:16.328999592Z,2023-06-05T10:24:52.64587445Z,4770.89,docker_used_memory_mb,bwa (DA353) (911),bwa (DA353) (911),2345205,911
,,0,2023-05-13T12:43:16.328999592Z,2023-06-12T12:43:16.328999592Z,2023-06-05T10:24:54.645622402Z,4441.24,docker_used_memory_mb,bwa (DA353) (911),bwa (DA353) (911),2345205,911
,,0,2023-05-13T12:43:16.328999592Z,2023-06-12T12:43:16.328999592Z,2023-06-05T10:24:56.64552847Z,3740.07,docker_used_memory_mb,bwa (DA353) (911),bwa (DA353) (911),2345205,911
,,0,2023-05-13T12:43:16.328999592Z,2023-06-12T12:43:16.328999592Z,2023-06-05T10:24:58.646280125Z,3842.06,docker_used_memory_mb,bwa (DA353) (911),bwa (DA353) (911),2345205,911
,,0,2023-05-13T12:43:16.328999592Z,2023-06-12T12:43:16.328999592Z,2023-06-05T10:25:00.645906204Z,4083.44,docker_used_memory_mb,bwa (DA353) (911),bwa (DA353) (911),2345205,911
,,0,2023-05-13T12:43:16.328999592Z,2023-06-12T12:43:16.328999592Z,2023-06-05T10:25:02.64576625Z,4339.54,docker_used_memory_mb,bwa (DA353) (911),bwa (DA353) (911),2345205,911
,,0,2023-05-13T12:43:16.328999592Z,2023-06-12T12:43:16.328999592Z,2023-06-05T10:25:04.645507592Z,4369.19,docker_used_memory_mb,bwa (DA353) (911),bwa (DA353) (911),2345205,911
,,0,2023-05-13T12:43:16.328999592Z,2023-06-12T12:43:16.328999592Z,2023-06-05T10:25:06.64632569Z,4472.41,docker_used_memory_mb,bwa (DA353) (911),bwa (DA353) (911),2345205,911
,,0,2023-05-13T12:43:16.328999592Z,2023-06-12T12:43:16.328999592Z,2023-06-05T10:25:08.646054352Z,4634.93,docker_used_memory_mb,bwa (DA353) (911),bwa (DA353) (911),2345205,911
,,0,2023-05-13T12:43:16.328999592Z,2023-06-12T12:43:16.328999592Z,2023-06-05T10:25:10.645703641Z,4658.08,docker_used_memory_mb,bwa (DA353) (911),bwa (DA353) (911),2345205,911
,,0,2023-05-13T12:43:16.328999592Z,2023-06-12T12:43:16.328999592Z,2023-06-05T10:25:12.64625756Z,4680.54,docker_used_memory_mb,bwa (DA353) (911),bwa (DA353) (911),2345205,911
,,0,2023-05-13T12:43:16.328999592Z,2023-06-12T12:43:16.328999592Z,2023-06-05T10:25:14.657276357Z,4698.89,docker_used_memory_mb,bwa (DA353) (911),bwa (DA353) (911),2345205,911
,,0,2023-05-13T12:43:16.328999592Z,2023-06-12T12:43:16.328999592Z,2023-06-05T10:25:18.645575571Z,4730.51,docker_used_memory_mb,bwa (DA353) (911),bwa (DA353) (911),2345205,911
,,0,2023-05-13T12:43:16.328999592Z,2023-06-12T12:43:16.328999592Z,2023-06-05T10:25:21.650184331Z,4744.29,docker_used_memory_mb,bwa (DA353) (911),bwa (DA353) (911),2345205,911
,,0,2023-05-13T12:43:16.328999592Z,2023-06-12T12:43:16.328999592Z,2023-06-05T10:25:24.645976676Z,4768.04,docker_used_memory_mb,bwa (DA353) (911),bwa (DA353) (911),2345205,911
,,0,2023-05-13T12:43:16.328999592Z,2023-06-12T12:43:16.328999592Z,2023-06-05T10:25:25.646037829Z,4783.89,docker_used_memory_mb,bwa (DA353) (911),bwa (DA353) (911),2345205,911
,,0,2023-05-13T12:43:16.328999592Z,2023-06-12T12:43:16.328999592Z,2023-06-05T10:25:28.645869035Z,4784,docker_used_memory_mb,bwa (DA353) (911),bwa (DA353) (911),2345205,911
,,0,2023-05-13T12:43:16.328999592Z,2023-06-12T12:43:16.328999592Z,2023-06-05T10:25:30.645622798Z,4786.8,docker_used_memory_mb,bwa (DA353) (911),bwa (DA353) (911),2345205,911
,,0,2023-05-13T12:43:16.328999592Z,2023-06-12T12:43:16.328999592Z,2023-06-05T10:25:32.646343392Z,4792.06,docker_used_memory_mb,bwa (DA353) (911),bwa (DA353) (911),2345205,911
,,0,2023-05-13T12:43:16.328999592Z,2023-06-12T12:43:16.328999592Z,2023-06-05T10:25:34.646295621Z,4807.55,docker_used_memory_mb,bwa (DA353) (911),bwa (DA353) (911),2345205,911
,,0,2023-05-13T12:43:16.328999592Z,2023-06-12T12:43:16.328999592Z,2023-06-05T10:25:36.646099716Z,4815.16,docker_used_memory_mb,bwa (DA353) (911),bwa (DA353) (911),2345205,911
,,0,2023-05-13T12:43:16.328999592Z,2023-06-12T12:43:16.328999592Z,2023-06-05T10:25:38.646188479Z,4690.04,docker_used_memory_mb,bwa (DA353) (911),bwa (DA353) (911),2345205,911
,,0,2023-05-13T12:43:16.328999592Z,2023-06-12T12:43:16.328999592Z,2023-06-05T10:25:40.64587685Z,4565.06,docker_used_memory_mb,bwa (DA353) (911),bwa (DA353) (911),2345205,911
,,0,2023-05-13T12:43:16.328999592Z,2023-06-12T12:43:16.328999592Z,2023-06-05T10:25:42.645691345Z,4565.42,docker_used_memory_mb,bwa (DA353) (911),bwa (DA353) (911),2345205,911
,,0,2023-05-13T12:43:16.328999592Z,2023-06-12T12:43:16.328999592Z,2023-06-05T10:25:44.645444318Z,4264.28,docker_used_memory_mb,bwa (DA353) (911),bwa (DA353) (911),2345205,911
,,0,2023-05-13T12:43:16.328999592Z,2023-06-12T12:43:16.328999592Z,2023-06-05T10:25:46.64639915Z,4113.24,docker_used_memory_mb,bwa (DA353) (911),bwa (DA353) (911),2345205,911
,,0,2023-05-13T12:43:16.328999592Z,2023-06-12T12:43:16.328999592Z,2023-06-05T10:25:48.645540803Z,3394.39,docker_used_memory_mb,bwa (DA353) (911),bwa (DA353) (911),2345205,911
,,0,2023-05-13T12:43:16.328999592Z,2023-06-12T12:43:16.328999592Z,2023-06-05T10:25:50.646393332Z,4001.08,docker_used_memory_mb,bwa (DA353) (911),bwa (DA353) (911),2345205,911
,,0,2023-05-13T12:43:16.328999592Z,2023-06-12T12:43:16.328999592Z,2023-06-05T10:25:52.645810884Z,4204.3,docker_used_memory_mb,bwa (DA353) (911),bwa (DA353) (911),2345205,911
,,0,2023-05-13T12:43:16.328999592Z,2023-06-12T12:43:16.328999592Z,2023-06-05T10:25:54.645542356Z,4330.95,docker_used_memory_mb,bwa (DA353) (911),bwa (DA353) (911),2345205,911
,,0,2023-05-13T12:43:16.328999592Z,2023-06-12T12:43:16.328999592Z,2023-06-05T10:25:56.64564649Z,4426.05,docker_used_memory_mb,bwa (DA353) (911),bwa (DA353) (911),2345205,911
,,0,2023-05-13T12:43:16.328999592Z,2023-06-12T12:43:16.328999592Z,2023-06-05T10:25:58.646478558Z,4501.93,docker_used_memory_mb,bwa (DA353) (911),bwa (DA353) (911),2345205,911
,,0,2023-05-13T12:43:16.328999592Z,2023-06-12T12:43:16.328999592Z,2023-06-05T10:26:00.646088696Z,4588.89,docker_used_memory_mb,bwa (DA353) (911),bwa (DA353) (911),2345205,911
,,0,2023-05-13T12:43:16.328999592Z,2023-06-12T12:43:16.328999592Z,2023-06-05T10:26:02.646234842Z,4648.49,docker_used_memory_mb,bwa (DA353) (911),bwa (DA353) (911),2345205,911
,,0,2023-05-13T12:43:16.328999592Z,2023-06-12T12:43:16.328999592Z,2023-06-05T10:26:04.646000745Z,4677.19,docker_used_memory_mb,bwa (DA353) (911),bwa (DA353) (911),2345205,911
,,0,2023-05-13T12:43:16.328999592Z,2023-06-12T12:43:16.328999592Z,2023-06-05T10:26:06.64579262Z,4746.18,docker_used_memory_mb,bwa (DA353) (911),bwa (DA353) (911),2345205,911
,,0,2023-05-13T12:43:16.328999592Z,2023-06-12T12:43:16.328999592Z,2023-06-05T10:26:08.645568374Z,4755.16,docker_used_memory_mb,bwa (DA353) (911),bwa (DA353) (911),2345205,911
,,0,2023-05-13T12:43:16.328999592Z,2023-06-12T12:43:16.328999592Z,2023-06-05T10:26:10.645552604Z,4770.46,docker_used_memory_mb,bwa (DA353) (911),bwa (DA353) (911),2345205,911
,,0,2023-05-13T12:43:16.328999592Z,2023-06-12T12:43:16.328999592Z,2023-06-05T10:26:12.645624917Z,4795.31,docker_used_memory_mb,bwa (DA353) (911),bwa (DA353) (911),2345205,911
,,0,2023-05-13T12:43:16.328999592Z,2023-06-12T12:43:16.328999592Z,2023-06-05T10:26:14.646378582Z,4798.58,docker_used_memory_mb,bwa (DA353) (911),bwa (DA353) (911),2345205,911
,,0,2023-05-13T12:43:16.328999592Z,2023-06-12T12:43:16.328999592Z,2023-06-05T10:26:16.646178307Z,4819.79,docker_used_memory_mb,bwa (DA353) (911),bwa (DA353) (911),2345205,911
,,0,2023-05-13T12:43:16.328999592Z,2023-06-12T12:43:16.328999592Z,2023-06-05T10:26:18.645700943Z,4834.32,docker_used_memory_mb,bwa (DA353) (911),bwa (DA353) (911),2345205,911
,,0,2023-05-13T12:43:16.328999592Z,2023-06-12T12:43:16.328999592Z,2023-06-05T10:26:20.645536658Z,4844.92,docker_used_memory_mb,bwa (DA353) (911),bwa (DA353) (911),2345205,911
,,0,2023-05-13T12:43:16.328999592Z,2023-06-12T12:43:16.328999592Z,2023-06-05T10:26:22.645651633Z,4868.84,docker_used_memory_mb,bwa (DA353) (911),bwa (DA353) (911),2345205,911
,,0,2023-05-13T12:43:16.328999592Z,2023-06-12T12:43:16.328999592Z,2023-06-05T10:26:24.646313556Z,4873.23,docker_used_memory_mb,bwa (DA353) (911),bwa (DA353) (911),2345205,911
,,0,2023-05-13T12:43:16.328999592Z,2023-06-12T12:43:16.328999592Z,2023-06-05T10:26:26.646178302Z,4873.18,docker_used_memory_mb,bwa (DA353) (911),bwa (DA353) (911),2345205,911
,,0,2023-05-13T12:43:16.328999592Z,2023-06-12T12:43:16.328999592Z,2023-06-05T10:26:28.645890144Z,4873.55,docker_used_memory_mb,bwa (DA353) (911),bwa (DA353) (911),2345205,911
,,0,2023-05-13T12:43:16.328999592Z,2023-06-12T12:43:16.328999592Z,2023-06-05T10:26:30.645670068Z,4877.11,docker_used_memory_mb,bwa (DA353) (911),bwa (DA353) (911),2345205,911
,,0,2023-05-13T12:43:16.328999592Z,2023-06-12T12:43:16.328999592Z,2023-06-05T10:26:32.645339898Z,4572.15,docker_used_memory_mb,bwa (DA353) (911),bwa (DA353) (911),2345205,911
,,0,2023-05-13T12:43:16.328999592Z,2023-06-12T12:43:16.328999592Z,2023-06-05T10:26:34.646140245Z,4141.62,docker_used_memory_mb,bwa (DA353) (911),bwa (DA353) (911),2345205,911
,,0,2023-05-13T12:43:16.328999592Z,2023-06-12T12:43:16.328999592Z,2023-06-05T10:26:36.645845846Z,3635.33,docker_used_memory_mb,bwa (DA353) (911),bwa (DA353) (911),2345205,911
,,0,2023-05-13T12:43:16.328999592Z,2023-06-12T12:43:16.328999592Z,2023-06-05T10:26:38.64562593Z,3848.77,docker_used_memory_mb,bwa (DA353) (911),bwa (DA353) (911),2345205,911
,,0,2023-05-13T12:43:16.328999592Z,2023-06-12T12:43:16.328999592Z,2023-06-05T10:26:40.645445646Z,4036.75,docker_used_memory_mb,bwa (DA353) (911),bwa (DA353) (911),2345205,911
,,0,2023-05-13T12:43:16.328999592Z,2023-06-12T12:43:16.328999592Z,2023-06-05T10:26:42.646201281Z,4240.04,docker_used_memory_mb,bwa (DA353) (911),bwa (DA353) (911),2345205,911
,,0,2023-05-13T12:43:16.328999592Z,2023-06-12T12:43:16.328999592Z,2023-06-05T10:26:44.646223883Z,4364.25,docker_used_memory_mb,bwa (DA353) (911),bwa (DA353) (911),2345205,911
,,0,2023-05-13T12:43:16.328999592Z,2023-06-12T12:43:16.328999592Z,2023-06-05T10:26:46.645982726Z,4453.21,docker_used_memory_mb,bwa (DA353) (911),bwa (DA353) (911),2345205,911
,,0,2023-05-13T12:43:16.328999592Z,2023-06-12T12:43:16.328999592Z,2023-06-05T10:26:48.645808572Z,4516.44,docker_used_memory_mb,bwa (DA353) (911),bwa (DA353) (911),2345205,911
,,0,2023-05-13T12:43:16.328999592Z,2023-06-12T12:43:16.328999592Z,2023-06-05T10:26:50.645537834Z,4565.95,docker_used_memory_mb,bwa (DA353) (911),bwa (DA353) (911),2345205,911
,,0,2023-05-13T12:43:16.328999592Z,2023-06-12T12:43:16.328999592Z,2023-06-05T10:26:52.646237858Z,4569.99,docker_used_memory_mb,bwa (DA353) (911),bwa (DA353) (911),2345205,911
,,0,2023-05-13T12:43:16.328999592Z,2023-06-12T12:43:16.328999592Z,2023-06-05T10:26:54.64595878Z,4695.21,docker_used_memory_mb,bwa (DA353) (911),bwa (DA353) (911),2345205,911
,,0,2023-05-13T12:43:16.328999592Z,2023-06-12T12:43:16.328999592Z,2023-06-05T10:26:56.649167604Z,4741.36,docker_used_memory_mb,bwa (DA353) (911),bwa (DA353) (911),2345205,911
,,0,2023-05-13T12:43:16.328999592Z,2023-06-12T12:43:16.328999592Z,2023-06-05T10:26:59.646128188Z,4794.61,docker_used_memory_mb,bwa (DA353) (911),bwa (DA353) (911),2345205,911
,,0,2023-05-13T12:43:16.328999592Z,2023-06-12T12:43:16.328999592Z,2023-06-05T10:27:01.645959944Z,4800.05,docker_used_memory_mb,bwa (DA353) (911),bwa (DA353) (911),2345205,911
,,0,2023-05-13T12:43:16.328999592Z,2023-06-12T12:43:16.328999592Z,2023-06-05T10:27:02.645584842Z,4801.47,docker_used_memory_mb,bwa (DA353) (911),bwa (DA353) (911),2345205,911
,,0,2023-05-13T12:43:16.328999592Z,2023-06-12T12:43:16.328999592Z,2023-06-05T10:27:05.645387967Z,4854.33,docker_used_memory_mb,bwa (DA353) (911),bwa (DA353) (911),2345205,911
,,0,2023-05-13T12:43:16.328999592Z,2023-06-12T12:43:16.328999592Z,2023-06-05T10:27:07.646156143Z,4854.08,docker_used_memory_mb,bwa (DA353) (911),bwa (DA353) (911),2345205,911
,,0,2023-05-13T12:43:16.328999592Z,2023-06-12T12:43:16.328999592Z,2023-06-05T10:27:09.64603697Z,4867.66,docker_used_memory_mb,bwa (DA353) (911),bwa (DA353) (911),2345205,911
,,0,2023-05-13T12:43:16.328999592Z,2023-06-12T12:43:16.328999592Z,2023-06-05T10:27:11.645826865Z,4869.84,docker_used_memory_mb,bwa (DA353) (911),bwa (DA353) (911),2345205,911
,,0,2023-05-13T12:43:16.328999592Z,2023-06-12T12:43:16.328999592Z,2023-06-05T10:27:13.645582108Z,4909.05,docker_used_memory_mb,bwa (DA353) (911),bwa (DA353) (911),2345205,911
,,0,2023-05-13T12:43:16.328999592Z,2023-06-12T12:43:16.328999592Z,2023-06-05T10:27:15.646256671Z,4909.32,docker_used_memory_mb,bwa (DA353) (911),bwa (DA353) (911),2345205,911
,,0,2023-05-13T12:43:16.328999592Z,2023-06-12T12:43:16.328999592Z,2023-06-05T10:27:17.646078686Z,4913.36,docker_used_memory_mb,bwa (DA353) (911),bwa (DA353) (911),2345205,911
,,0,2023-05-13T12:43:16.328999592Z,2023-06-12T12:43:16.328999592Z,2023-06-05T10:27:19.645603552Z,4914.53,docker_used_memory_mb,bwa (DA353) (911),bwa (DA353) (911),2345205,911
,,0,2023-05-13T12:43:16.328999592Z,2023-06-12T12:43:16.328999592Z,2023-06-05T10:27:21.645763238Z,4917.5,docker_used_memory_mb,bwa (DA353) (911),bwa (DA353) (911),2345205,911
,,0,2023-05-13T12:43:16.328999592Z,2023-06-12T12:43:16.328999592Z,2023-06-05T10:27:23.646373699Z,4710.71,docker_used_memory_mb,bwa (DA353) (911),bwa (DA353) (911),2345205,911
,,0,2023-05-13T12:43:16.328999592Z,2023-06-12T12:43:16.328999592Z,2023-06-05T10:27:25.645967557Z,4553.11,docker_used_memory_mb,bwa (DA353) (911),bwa (DA353) (911),2345205,911
,,0,2023-05-13T12:43:16.328999592Z,2023-06-12T12:43:16.328999592Z,2023-06-05T10:27:27.645655338Z,3975.12,docker_used_memory_mb,bwa (DA353) (911),bwa (DA353) (911),2345205,911
,,0,2023-05-13T12:43:16.328999592Z,2023-06-12T12:43:16.328999592Z,2023-06-05T10:27:29.645468223Z,3826.38,docker_used_memory_mb,bwa (DA353) (911),bwa (DA353) (911),2345205,911
,,0,2023-05-13T12:43:16.328999592Z,2023-06-12T12:43:16.328999592Z,2023-06-05T10:27:31.64626452Z,3668.31,docker_used_memory_mb,bwa (DA353) (911),bwa (DA353) (911),2345205,911
,,0,2023-05-13T12:43:16.328999592Z,2023-06-12T12:43:16.328999592Z,2023-06-05T10:27:33.646380545Z,4068.21,docker_used_memory_mb,bwa (DA353) (911),bwa (DA353) (911),2345205,911
,,0,2023-05-13T12:43:16.328999592Z,2023-06-12T12:43:16.328999592Z,2023-06-05T10:27:35.646157459Z,4267.82,docker_used_memory_mb,bwa (DA353) (911),bwa (DA353) (911),2345205,911
,,0,2023-05-13T12:43:16.328999592Z,2023-06-12T12:43:16.328999592Z,2023-06-05T10:27:37.645444107Z,4348.8,docker_used_memory_mb,bwa (DA353) (911),bwa (DA353) (911),2345205,911
,,0,2023-05-13T12:43:16.328999592Z,2023-06-12T12:43:16.328999592Z,2023-06-05T10:27:39.646246334Z,4462.69,docker_used_memory_mb,bwa (DA353) (911),bwa (DA353) (911),2345205,911
,,0,2023-05-13T12:43:16.328999592Z,2023-06-12T12:43:16.328999592Z,2023-06-05T10:27:41.645886974Z,4538.08,docker_used_memory_mb,bwa (DA353) (911),bwa (DA353) (911),2345205,911
,,0,2023-05-13T12:43:16.328999592Z,2023-06-12T12:43:16.328999592Z,2023-06-05T10:27:43.645672258Z,4582.68,docker_used_memory_mb,bwa (DA353) (911),bwa (DA353) (911),2345205,911
,,0,2023-05-13T12:43:16.328999592Z,2023-06-12T12:43:16.328999592Z,2023-06-05T10:27:45.645475833Z,4707.94,docker_used_memory_mb,bwa (DA353) (911),bwa (DA353) (911),2345205,911
,,0,2023-05-13T12:43:16.328999592Z,2023-06-12T12:43:16.328999592Z,2023-06-05T10:27:47.646166336Z,4709.98,docker_used_memory_mb,bwa (DA353) (911),bwa (DA353) (911),2345205,911
,,0,2023-05-13T12:43:16.328999592Z,2023-06-12T12:43:16.328999592Z,2023-06-05T10:27:49.646005282Z,4716.7,docker_used_memory_mb,bwa (DA353) (911),bwa (DA353) (911),2345205,911
,,0,2023-05-13T12:43:16.328999592Z,2023-06-12T12:43:16.328999592Z,2023-06-05T10:27:51.645701273Z,4716.56,docker_used_memory_mb,bwa (DA353) (911),bwa (DA353) (911),2345205,911
,,0,2023-05-13T12:43:16.328999592Z,2023-06-12T12:43:16.328999592Z,2023-06-05T10:27:53.645473897Z,4720.44,docker_used_memory_mb,bwa (DA353) (911),bwa (DA353) (911),2345205,911
,,0,2023-05-13T12:43:16.328999592Z,2023-06-12T12:43:16.328999592Z,2023-06-05T10:27:55.646254184Z,4730.08,docker_used_memory_mb,bwa (DA353) (911),bwa (DA353) (911),2345205,911
,,0,2023-05-13T12:43:16.328999592Z,2023-06-12T12:43:16.328999592Z,2023-06-05T10:27:57.646013347Z,4754.88,docker_used_memory_mb,bwa (DA353) (911),bwa (DA353) (911),2345205,911
,,0,2023-05-13T12:43:16.328999592Z,2023-06-12T12:43:16.328999592Z,2023-06-05T10:27:59.645664657Z,4781.39,docker_used_memory_mb,bwa (DA353) (911),bwa (DA353) (911),2345205,911
,,0,2023-05-13T12:43:16.328999592Z,2023-06-12T12:43:16.328999592Z,2023-06-05T10:28:01.645468852Z,4831.39,docker_used_memory_mb,bwa (DA353) (911),bwa (DA353) (911),2345205,911
,,0,2023-05-13T12:43:16.328999592Z,2023-06-12T12:43:16.328999592Z,2023-06-05T10:28:03.646196896Z,4869.87,docker_used_memory_mb,bwa (DA353) (911),bwa (DA353) (911),2345205,911
,,0,2023-05-13T12:43:16.328999592Z,2023-06-12T12:43:16.328999592Z,2023-06-05T10:28:05.645864557Z,4912.76,docker_used_memory_mb,bwa (DA353) (911),bwa (DA353) (911),2345205,911
,,0,2023-05-13T12:43:16.328999592Z,2023-06-12T12:43:16.328999592Z,2023-06-05T10:28:07.645570179Z,4960.37,docker_used_memory_mb,bwa (DA353) (911),bwa (DA353) (911),2345205,911
,,0,2023-05-13T12:43:16.328999592Z,2023-06-12T12:43:16.328999592Z,2023-06-05T10:28:09.646329174Z,4960.59,docker_used_memory_mb,bwa (DA353) (911),bwa (DA353) (911),2345205,911
,,0,2023-05-13T12:43:16.328999592Z,2023-06-12T12:43:16.328999592Z,2023-06-05T10:28:11.646057737Z,4960.42,docker_used_memory_mb,bwa (DA353) (911),bwa (DA353) (911),2345205,911
,,0,2023-05-13T12:43:16.328999592Z,2023-06-12T12:43:16.328999592Z,2023-06-05T10:28:13.645785119Z,4799.43,docker_used_memory_mb,bwa (DA353) (911),bwa (DA353) (911),2345205,911
,,0,2023-05-13T12:43:16.328999592Z,2023-06-12T12:43:16.328999592Z,2023-06-05T10:28:15.64578143Z,3955.78,docker_used_memory_mb,bwa (DA353) (911),bwa (DA353) (911),2345205,911
,,0,2023-05-13T12:43:16.328999592Z,2023-06-12T12:43:16.328999592Z,2023-06-05T10:28:17.646295948Z,3799.44,docker_used_memory_mb,bwa (DA353) (911),bwa (DA353) (911),2345205,911
,,0,2023-05-13T12:43:16.328999592Z,2023-06-12T12:43:16.328999592Z,2023-06-05T10:28:19.646208287Z,3791.62,docker_used_memory_mb,bwa (DA353) (911),bwa (DA353) (911),2345205,911
,,0,2023-05-13T12:43:16.328999592Z,2023-06-12T12:43:16.328999592Z,2023-06-05T10:28:21.64597515Z,4111.23,docker_used_memory_mb,bwa (DA353) (911),bwa (DA353) (911),2345205,911
,,0,2023-05-13T12:43:16.328999592Z,2023-06-12T12:43:16.328999592Z,2023-06-05T10:28:23.64562552Z,4266.68,docker_used_memory_mb,bwa (DA353) (911),bwa (DA353) (911),2345205,911
,,0,2023-05-13T12:43:16.328999592Z,2023-06-12T12:43:16.328999592Z,2023-06-05T10:28:25.645384004Z,4414.77,docker_used_memory_mb,bwa (DA353) (911),bwa (DA353) (911),2345205,911
,,0,2023-05-13T12:43:16.328999592Z,2023-06-12T12:43:16.328999592Z,2023-06-05T10:28:27.64923958Z,4442.63,docker_used_memory_mb,bwa (DA353) (911),bwa (DA353) (911),2345205,911
,,0,2023-05-13T12:43:16.328999592Z,2023-06-12T12:43:16.328999592Z,2023-06-05T10:28:29.646045958Z,4602.55,docker_used_memory_mb,bwa (DA353) (911),bwa (DA353) (911),2345205,911
,,0,2023-05-13T12:43:16.328999592Z,2023-06-12T12:43:16.328999592Z,2023-06-05T10:28:31.653019285Z,4632.34,docker_used_memory_mb,bwa (DA353) (911),bwa (DA353) (911),2345205,911
,,0,2023-05-13T12:43:16.328999592Z,2023-06-12T12:43:16.328999592Z,2023-06-05T10:28:34.646078672Z,4667.23,docker_used_memory_mb,bwa (DA353) (911),bwa (DA353) (911),2345205,911
,,0,2023-05-13T12:43:16.328999592Z,2023-06-12T12:43:16.328999592Z,2023-06-05T10:28:36.645770993Z,4685.42,docker_used_memory_mb,bwa (DA353) (911),bwa (DA353) (911),2345205,911
,,0,2023-05-13T12:43:16.328999592Z,2023-06-12T12:43:16.328999592Z,2023-06-05T10:28:37.645589818Z,4697.15,docker_used_memory_mb,bwa (DA353) (911),bwa (DA353) (911),2345205,911
,,0,2023-05-13T12:43:16.328999592Z,2023-06-12T12:43:16.328999592Z,2023-06-05T10:28:40.646246921Z,4709.48,docker_used_memory_mb,bwa (DA353) (911),bwa (DA353) (911),2345205,911
,,0,2023-05-13T12:43:16.328999592Z,2023-06-12T12:43:16.328999592Z,2023-06-05T10:28:42.645984154Z,4729.44,docker_used_memory_mb,bwa (DA353) (911),bwa (DA353) (911),2345205,911
,,0,2023-05-13T12:43:16.328999592Z,2023-06-12T12:43:16.328999592Z,2023-06-05T10:28:44.645850191Z,4737.13,docker_used_memory_mb,bwa (DA353) (911),bwa (DA353) (911),2345205,911
,,0,2023-05-13T12:43:16.328999592Z,2023-06-12T12:43:16.328999592Z,2023-06-05T10:28:46.645561993Z,4804.23,docker_used_memory_mb,bwa (DA353) (911),bwa (DA353) (911),2345205,911
,,0,2023-05-13T12:43:16.328999592Z,2023-06-12T12:43:16.328999592Z,2023-06-05T10:28:48.64636478Z,4838.17,docker_used_memory_mb,bwa (DA353) (911),bwa (DA353) (911),2345205,911
,,0,2023-05-13T12:43:16.328999592Z,2023-06-12T12:43:16.328999592Z,2023-06-05T10:28:50.646101793Z,4842.95,docker_used_memory_mb,bwa (DA353) (911),bwa (DA353) (911),2345205,911
,,0,2023-05-13T12:43:16.328999592Z,2023-06-12T12:43:16.328999592Z,2023-06-05T10:28:52.645812925Z,4845.7,docker_used_memory_mb,bwa (DA353) (911),bwa (DA353) (911),2345205,911
,,0,2023-05-13T12:43:16.328999592Z,2023-06-12T12:43:16.328999592Z,2023-06-05T10:28:54.645585589Z,4848.7,docker_used_memory_mb,bwa (DA353) (911),bwa (DA353) (911),2345205,911
,,0,2023-05-13T12:43:16.328999592Z,2023-06-12T12:43:16.328999592Z,2023-06-05T10:28:56.646439508Z,4851.07,docker_used_memory_mb,bwa (DA353) (911),bwa (DA353) (911),2345205,911
,,0,2023-05-13T12:43:16.328999592Z,2023-06-12T12:43:16.328999592Z,2023-06-05T10:28:58.646127189Z,4868.5,docker_used_memory_mb,bwa (DA353) (911),bwa (DA353) (911),2345205,911
,,0,2023-05-13T12:43:16.328999592Z,2023-06-12T12:43:16.328999592Z,2023-06-05T10:29:00.645845061Z,4877.64,docker_used_memory_mb,bwa (DA353) (911),bwa (DA353) (911),2345205,911
,,0,2023-05-13T12:43:16.328999592Z,2023-06-12T12:43:16.328999592Z,2023-06-05T10:29:02.645861493Z,4880.4,docker_used_memory_mb,bwa (DA353) (911),bwa (DA353) (911),2345205,911
,,0,2023-05-13T12:43:16.328999592Z,2023-06-12T12:43:16.328999592Z,2023-06-05T10:29:04.645514973Z,4517.76,docker_used_memory_mb,bwa (DA353) (911),bwa (DA353) (911),2345205,911
,,0,2023-05-13T12:43:16.328999592Z,2023-06-12T12:43:16.328999592Z,2023-06-05T10:29:06.646247378Z,4398.05,docker_used_memory_mb,bwa (DA353) (911),bwa (DA353) (911),2345205,911
,,0,2023-05-13T12:43:16.328999592Z,2023-06-12T12:43:16.328999592Z,2023-06-05T10:29:08.64593482Z,3947.76,docker_used_memory_mb,bwa (DA353) (911),bwa (DA353) (911),2345205,911
,,0,2023-05-13T12:43:16.328999592Z,2023-06-12T12:43:16.328999592Z,2023-06-05T10:29:10.645580959Z,3947.69,docker_used_memory_mb,bwa (DA353) (911),bwa (DA353) (911),2345205,911
,,0,2023-05-13T12:43:16.328999592Z,2023-06-12T12:43:16.328999592Z,2023-06-05T10:29:12.646322175Z,3835.68,docker_used_memory_mb,bwa (DA353) (911),bwa (DA353) (911),2345205,911
,,0,2023-05-13T12:43:16.328999592Z,2023-06-12T12:43:16.328999592Z,2023-06-05T10:29:14.646221773Z,3244.32,docker_used_memory_mb,bwa (DA353) (911),bwa (DA353) (911),2345205,911
,,0,2023-05-13T12:43:16.328999592Z,2023-06-12T12:43:16.328999592Z,2023-06-05T10:29:16.645957676Z,4033.16,docker_used_memory_mb,bwa (DA353) (911),bwa (DA353) (911),2345205,911
,,0,2023-05-13T12:43:16.328999592Z,2023-06-12T12:43:16.328999592Z,2023-06-05T10:29:18.645871884Z,4173.35,docker_used_memory_mb,bwa (DA353) (911),bwa (DA353) (911),2345205,911
,,0,2023-05-13T12:43:16.328999592Z,2023-06-12T12:43:16.328999592Z,2023-06-05T10:29:20.645535425Z,4214.14,docker_used_memory_mb,bwa (DA353) (911),bwa (DA353) (911),2345205,911
,,0,2023-05-13T12:43:16.328999592Z,2023-06-12T12:43:16.328999592Z,2023-06-05T10:29:22.646295011Z,4369.39,docker_used_memory_mb,bwa (DA353) (911),bwa (DA353) (911),2345205,911
,,0,2023-05-13T12:43:16.328999592Z,2023-06-12T12:43:16.328999592Z,2023-06-05T10:29:24.646102796Z,4425.8,docker_used_memory_mb,bwa (DA353) (911),bwa (DA353) (911),2345205,911
,,0,2023-05-13T12:43:16.328999592Z,2023-06-12T12:43:16.328999592Z,2023-06-05T10:29:26.64588157Z,4549.93,docker_used_memory_mb,bwa (DA353) (911),bwa (DA353) (911),2345205,911
,,0,2023-05-13T12:43:16.328999592Z,2023-06-12T12:43:16.328999592Z,2023-06-05T10:29:28.645593402Z,4611.66,docker_used_memory_mb,bwa (DA353) (911),bwa (DA353) (911),2345205,911
,,0,2023-05-13T12:43:16.328999592Z,2023-06-12T12:43:16.328999592Z,2023-06-05T10:29:30.646299236Z,4645.03,docker_used_memory_mb,bwa (DA353) (911),bwa (DA353) (911),2345205,911
,,0,2023-05-13T12:43:16.328999592Z,2023-06-12T12:43:16.328999592Z,2023-06-05T10:29:32.645630376Z,4660.84,docker_used_memory_mb,bwa (DA353) (911),bwa (DA353) (911),2345205,911
,,0,2023-05-13T12:43:16.328999592Z,2023-06-12T12:43:16.328999592Z,2023-06-05T10:29:34.645485763Z,4708.66,docker_used_memory_mb,bwa (DA353) (911),bwa (DA353) (911),2345205,911
,,0,2023-05-13T12:43:16.328999592Z,2023-06-12T12:43:16.328999592Z,2023-06-05T10:29:36.646153115Z,4717.05,docker_used_memory_mb,bwa (DA353) (911),bwa (DA353) (911),2345205,911
,,0,2023-05-13T12:43:16.328999592Z,2023-06-12T12:43:16.328999592Z,2023-06-05T10:29:38.645710592Z,4727.13,docker_used_memory_mb,bwa (DA353) (911),bwa (DA353) (911),2345205,911
,,0,2023-05-13T12:43:16.328999592Z,2023-06-12T12:43:16.328999592Z,2023-06-05T10:29:40.646271702Z,4737.91,docker_used_memory_mb,bwa (DA353) (911),bwa (DA353) (911),2345205,911
,,0,2023-05-13T12:43:16.328999592Z,2023-06-12T12:43:16.328999592Z,2023-06-05T10:29:42.645974714Z,4739.02,docker_used_memory_mb,bwa (DA353) (911),bwa (DA353) (911),2345205,911
,,0,2023-05-13T12:43:16.328999592Z,2023-06-12T12:43:16.328999592Z,2023-06-05T10:29:44.645940704Z,4744.16,docker_used_memory_mb,bwa (DA353) (911),bwa (DA353) (911),2345205,911
,,0,2023-05-13T12:43:16.328999592Z,2023-06-12T12:43:16.328999592Z,2023-06-05T10:29:46.645516932Z,4749.18,docker_used_memory_mb,bwa (DA353) (911),bwa (DA353) (911),2345205,911
,,0,2023-05-13T12:43:16.328999592Z,2023-06-12T12:43:16.328999592Z,2023-06-05T10:29:48.646212846Z,4749.3,docker_used_memory_mb,bwa (DA353) (911),bwa (DA353) (911),2345205,911
,,0,2023-05-13T12:43:16.328999592Z,2023-06-12T12:43:16.328999592Z,2023-06-05T10:29:50.646069792Z,4753.98,docker_used_memory_mb,bwa (DA353) (911),bwa (DA353) (911),2345205,911
,,0,2023-05-13T12:43:16.328999592Z,2023-06-12T12:43:16.328999592Z,2023-06-05T10:29:52.645863727Z,4757.82,docker_used_memory_mb,bwa (DA353) (911),bwa (DA353) (911),2345205,911
,,0,2023-05-13T12:43:16.328999592Z,2023-06-12T12:43:16.328999592Z,2023-06-05T10:29:54.645509857Z,4757.77,docker_used_memory_mb,bwa (DA353) (911),bwa (DA353) (911),2345205,911
,,0,2023-05-13T12:43:16.328999592Z,2023-06-12T12:43:16.328999592Z,2023-06-05T10:29:56.646458559Z,4808.39,docker_used_memory_mb,bwa (DA353) (911),bwa (DA353) (911),2345205,911
,,0,2023-05-13T12:43:16.328999592Z,2023-06-12T12:43:16.328999592Z,2023-06-05T10:29:58.646037837Z,4607.11,docker_used_memory_mb,bwa (DA353) (911),bwa (DA353) (911),2345205,911
,,0,2023-05-13T12:43:16.328999592Z,2023-06-12T12:43:16.328999592Z,2023-06-05T10:30:00.646023198Z,4606.93,docker_used_memory_mb,bwa (DA353) (911),bwa (DA353) (911),2345205,911
,,0,2023-05-13T12:43:16.328999592Z,2023-06-12T12:43:16.328999592Z,2023-06-05T10:30:02.645593395Z,3308.59,docker_used_memory_mb,bwa (DA353) (911),bwa (DA353) (911),2345205,911
,,0,2023-05-13T12:43:16.328999592Z,2023-06-12T12:43:16.328999592Z,2023-06-05T10:30:04.649216944Z,3848,docker_used_memory_mb,bwa (DA353) (911),bwa (DA353) (911),2345205,911
,,0,2023-05-13T12:43:16.328999592Z,2023-06-12T12:43:16.328999592Z,2023-06-05T10:30:06.649407241Z,3975.45,docker_used_memory_mb,bwa (DA353) (911),bwa (DA353) (911),2345205,911
,,0,2023-05-13T12:43:16.328999592Z,2023-06-12T12:43:16.328999592Z,2023-06-05T10:30:08.650084324Z,4126.49,docker_used_memory_mb,bwa (DA353) (911),bwa (DA353) (911),2345205,911
,,0,2023-05-13T12:43:16.328999592Z,2023-06-12T12:43:16.328999592Z,2023-06-05T10:30:11.646025216Z,4309.7,docker_used_memory_mb,bwa (DA353) (911),bwa (DA353) (911),2345205,911
,,0,2023-05-13T12:43:16.328999592Z,2023-06-12T12:43:16.328999592Z,2023-06-05T10:30:13.645663095Z,4370.25,docker_used_memory_mb,bwa (DA353) (911),bwa (DA353) (911),2345205,911
,,0,2023-05-13T12:43:16.328999592Z,2023-06-12T12:43:16.328999592Z,2023-06-05T10:30:15.64547343Z,4447.36,docker_used_memory_mb,bwa (DA353) (911),bwa (DA353) (911),2345205,911
,,0,2023-05-13T12:43:16.328999592Z,2023-06-12T12:43:16.328999592Z,2023-06-05T10:30:17.645676058Z,4536.11,docker_used_memory_mb,bwa (DA353) (911),bwa (DA353) (911),2345205,911
,,0,2023-05-13T12:43:16.328999592Z,2023-06-12T12:43:16.328999592Z,2023-06-05T10:30:19.64566896Z,4591.65,docker_used_memory_mb,bwa (DA353) (911),bwa (DA353) (911),2345205,911
,,0,2023-05-13T12:43:16.328999592Z,2023-06-12T12:43:16.328999592Z,2023-06-05T10:30:21.646408325Z,4599.62,docker_used_memory_mb,bwa (DA353) (911),bwa (DA353) (911),2345205,911
,,0,2023-05-13T12:43:16.328999592Z,2023-06-12T12:43:16.328999592Z,2023-06-05T10:30:23.646275812Z,4648.77,docker_used_memory_mb,bwa (DA353) (911),bwa (DA353) (911),2345205,911
,,0,2023-05-13T12:43:16.328999592Z,2023-06-12T12:43:16.328999592Z,2023-06-05T10:30:25.645901891Z,4693.39,docker_used_memory_mb,bwa (DA353) (911),bwa (DA353) (911),2345205,911
,,0,2023-05-13T12:43:16.328999592Z,2023-06-12T12:43:16.328999592Z,2023-06-05T10:30:27.645651805Z,4699.6,docker_used_memory_mb,bwa (DA353) (911),bwa (DA353) (911),2345205,911
,,0,2023-05-13T12:43:16.328999592Z,2023-06-12T12:43:16.328999592Z,2023-06-05T10:30:29.645677667Z,4720.29,docker_used_memory_mb,bwa (DA353) (911),bwa (DA353) (911),2345205,911
,,0,2023-05-13T12:43:16.328999592Z,2023-06-12T12:43:16.328999592Z,2023-06-05T10:30:31.646325129Z,4729.87,docker_used_memory_mb,bwa (DA353) (911),bwa (DA353) (911),2345205,911
,,0,2023-05-13T12:43:16.328999592Z,2023-06-12T12:43:16.328999592Z,2023-06-05T10:30:33.646230868Z,4791.9,docker_used_memory_mb,bwa (DA353) (911),bwa (DA353) (911),2345205,911
,,0,2023-05-13T12:43:16.328999592Z,2023-06-12T12:43:16.328999592Z,2023-06-05T10:30:35.64593103Z,4816.05,docker_used_memory_mb,bwa (DA353) (911),bwa (DA353) (911),2345205,911
,,0,2023-05-13T12:43:16.328999592Z,2023-06-12T12:43:16.328999592Z,2023-06-05T10:30:37.645614921Z,4833.78,docker_used_memory_mb,bwa (DA353) (911),bwa (DA353) (911),2345205,911
,,0,2023-05-13T12:43:16.328999592Z,2023-06-12T12:43:16.328999592Z,2023-06-05T10:30:39.646314815Z,4835.33,docker_used_memory_mb,bwa (DA353) (911),bwa (DA353) (911),2345205,911
,,0,2023-05-13T12:43:16.328999592Z,2023-06-12T12:43:16.328999592Z,2023-06-05T10:30:41.64609988Z,4849.31,docker_used_memory_mb,bwa (DA353) (911),bwa (DA353) (911),2345205,911
,,0,2023-05-13T12:43:16.328999592Z,2023-06-12T12:43:16.328999592Z,2023-06-05T10:30:43.64576053Z,4860.55,docker_used_memory_mb,bwa (DA353) (911),bwa (DA353) (911),2345205,911
,,0,2023-05-13T12:43:16.328999592Z,2023-06-12T12:43:16.328999592Z,2023-06-05T10:30:45.645951948Z,4734.79,docker_used_memory_mb,bwa (DA353) (911),bwa (DA353) (911),2345205,911
,,0,2023-05-13T12:43:16.328999592Z,2023-06-12T12:43:16.328999592Z,2023-06-05T10:30:47.646530198Z,4629.55,docker_used_memory_mb,bwa (DA353) (911),bwa (DA353) (911),2345205,911
,,0,2023-05-13T12:43:16.328999592Z,2023-06-12T12:43:16.328999592Z,2023-06-05T10:30:49.646153517Z,4194.8,docker_used_memory_mb,bwa (DA353) (911),bwa (DA353) (911),2345205,911
,,0,2023-05-13T12:43:16.328999592Z,2023-06-12T12:43:16.328999592Z,2023-06-05T10:30:51.645839549Z,3516.25,docker_used_memory_mb,bwa (DA353) (911),bwa (DA353) (911),2345205,911
,,0,2023-05-13T12:43:16.328999592Z,2023-06-12T12:43:16.328999592Z,2023-06-05T10:30:53.645645724Z,4053.16,docker_used_memory_mb,bwa (DA353) (911),bwa (DA353) (911),2345205,911
,,0,2023-05-13T12:43:16.328999592Z,2023-06-12T12:43:16.328999592Z,2023-06-05T10:30:55.646323397Z,4177.54,docker_used_memory_mb,bwa (DA353) (911),bwa (DA353) (911),2345205,911
,,0,2023-05-13T12:43:16.328999592Z,2023-06-12T12:43:16.328999592Z,2023-06-05T10:30:57.646216555Z,4322.66,docker_used_memory_mb,bwa (DA353) (911),bwa (DA353) (911),2345205,911
,,0,2023-05-13T12:43:16.328999592Z,2023-06-12T12:43:16.328999592Z,2023-06-05T10:30:59.645653688Z,4449.65,docker_used_memory_mb,bwa (DA353) (911),bwa (DA353) (911),2345205,911
,,0,2023-05-13T12:43:16.328999592Z,2023-06-12T12:43:16.328999592Z,2023-06-05T10:31:01.646352373Z,4532.45,docker_used_memory_mb,bwa (DA353) (911),bwa (DA353) (911),2345205,911
,,0,2023-05-13T12:43:16.328999592Z,2023-06-12T12:43:16.328999592Z,2023-06-05T10:31:03.646300173Z,4645.39,docker_used_memory_mb,bwa (DA353) (911),bwa (DA353) (911),2345205,911
,,0,2023-05-13T12:43:16.328999592Z,2023-06-12T12:43:16.328999592Z,2023-06-05T10:31:05.645912651Z,4648.03,docker_used_memory_mb,bwa (DA353) (911),bwa (DA353) (911),2345205,911
,,0,2023-05-13T12:43:16.328999592Z,2023-06-12T12:43:16.328999592Z,2023-06-05T10:31:07.645624224Z,4723.62,docker_used_memory_mb,bwa (DA353) (911),bwa (DA353) (911),2345205,911
,,0,2023-05-13T12:43:16.328999592Z,2023-06-12T12:43:16.328999592Z,2023-06-05T10:31:09.645610325Z,4731.9,docker_used_memory_mb,bwa (DA353) (911),bwa (DA353) (911),2345205,911
,,0,2023-05-13T12:43:16.328999592Z,2023-06-12T12:43:16.328999592Z,2023-06-05T10:31:11.646338549Z,4804.99,docker_used_memory_mb,bwa (DA353) (911),bwa (DA353) (911),2345205,911
,,0,2023-05-13T12:43:16.328999592Z,2023-06-12T12:43:16.328999592Z,2023-06-05T10:31:13.645610368Z,4816.39,docker_used_memory_mb,bwa (DA353) (911),bwa (DA353) (911),2345205,911
,,0,2023-05-13T12:43:16.328999592Z,2023-06-12T12:43:16.328999592Z,2023-06-05T10:31:15.64565235Z,4827.48,docker_used_memory_mb,bwa (DA353) (911),bwa (DA353) (911),2345205,911
,,0,2023-05-13T12:43:16.328999592Z,2023-06-12T12:43:16.328999592Z,2023-06-05T10:31:17.645673943Z,4832.1,docker_used_memory_mb,bwa (DA353) (911),bwa (DA353) (911),2345205,911
,,0,2023-05-13T12:43:16.328999592Z,2023-06-12T12:43:16.328999592Z,2023-06-05T10:31:19.646431289Z,4847.46,docker_used_memory_mb,bwa (DA353) (911),bwa (DA353) (911),2345205,911
,,0,2023-05-13T12:43:16.328999592Z,2023-06-12T12:43:16.328999592Z,2023-06-05T10:31:21.64612843Z,4856.34,docker_used_memory_mb,bwa (DA353) (911),bwa (DA353) (911),2345205,911
,,0,2023-05-13T12:43:16.328999592Z,2023-06-12T12:43:16.328999592Z,2023-06-05T10:31:23.645902565Z,4879.28,docker_used_memory_mb,bwa (DA353) (911),bwa (DA353) (911),2345205,911
,,0,2023-05-13T12:43:16.328999592Z,2023-06-12T12:43:16.328999592Z,2023-06-05T10:31:25.646096272Z,4956.23,docker_used_memory_mb,bwa (DA353) (911),bwa (DA353) (911),2345205,911
,,0,2023-05-13T12:43:16.328999592Z,2023-06-12T12:43:16.328999592Z,2023-06-05T10:31:27.645908638Z,4969.05,docker_used_memory_mb,bwa (DA353) (911),bwa (DA353) (911),2345205,911
,,0,2023-05-13T12:43:16.328999592Z,2023-06-12T12:43:16.328999592Z,2023-06-05T10:31:29.645669132Z,4985.65,docker_used_memory_mb,bwa (DA353) (911),bwa (DA353) (911),2345205,911
,,0,2023-05-13T12:43:16.328999592Z,2023-06-12T12:43:16.328999592Z,2023-06-05T10:31:31.646703407Z,4990.58,docker_used_memory_mb,bwa (DA353) (911),bwa (DA353) (911),2345205,911
,,0,2023-05-13T12:43:16.328999592Z,2023-06-12T12:43:16.328999592Z,2023-06-05T10:31:33.646356327Z,5009.89,docker_used_memory_mb,bwa (DA353) (911),bwa (DA353) (911),2345205,911
,,0,2023-05-13T12:43:16.328999592Z,2023-06-12T12:43:16.328999592Z,2023-06-05T10:31:35.646073669Z,5019.58,docker_used_memory_mb,bwa (DA353) (911),bwa (DA353) (911),2345205,911
,,0,2023-05-13T12:43:16.328999592Z,2023-06-12T12:43:16.328999592Z,2023-06-05T10:31:37.645933366Z,5021.58,docker_used_memory_mb,bwa (DA353) (911),bwa (DA353) (911),2345205,911
,,0,2023-05-13T12:43:16.328999592Z,2023-06-12T12:43:16.328999592Z,2023-06-05T10:31:39.645521225Z,4750.89,docker_used_memory_mb,bwa (DA353) (911),bwa (DA353) (911),2345205,911
,,0,2023-05-13T12:43:16.328999592Z,2023-06-12T12:43:16.328999592Z,2023-06-05T10:31:41.646202038Z,3717.35,docker_used_memory_mb,bwa (DA353) (911),bwa (DA353) (911),2345205,911
,,0,2023-05-13T12:43:16.328999592Z,2023-06-12T12:43:16.328999592Z,2023-06-05T10:31:43.646025444Z,3654.83,docker_used_memory_mb,bwa (DA353) (911),bwa (DA353) (911),2345205,911
,,0,2023-05-13T12:43:16.328999592Z,2023-06-12T12:43:16.328999592Z,2023-06-05T10:31:45.645620173Z,4025.59,docker_used_memory_mb,bwa (DA353) (911),bwa (DA353) (911),2345205,911
,,0,2023-05-13T12:43:16.328999592Z,2023-06-12T12:43:16.328999592Z,2023-06-05T10:31:47.645382936Z,4242.88,docker_used_memory_mb,bwa (DA353) (911),bwa (DA353) (911),2345205,911
,,0,2023-05-13T12:43:16.328999592Z,2023-06-12T12:43:16.328999592Z,2023-06-05T10:31:50.646256677Z,4399.33,docker_used_memory_mb,bwa (DA353) (911),bwa (DA353) (911),2345205,911
,,0,2023-05-13T12:43:16.328999592Z,2023-06-12T12:43:16.328999592Z,2023-06-05T10:31:52.646015861Z,4609.83,docker_used_memory_mb,bwa (DA353) (911),bwa (DA353) (911),2345205,911
,,0,2023-05-13T12:43:16.328999592Z,2023-06-12T12:43:16.328999592Z,2023-06-05T10:31:54.645770324Z,4630.09,docker_used_memory_mb,bwa (DA353) (911),bwa (DA353) (911),2345205,911
,,0,2023-05-13T12:43:16.328999592Z,2023-06-12T12:43:16.328999592Z,2023-06-05T10:31:56.645550709Z,4646.22,docker_used_memory_mb,bwa (DA353) (911),bwa (DA353) (911),2345205,911
,,0,2023-05-13T12:43:16.328999592Z,2023-06-12T12:43:16.328999592Z,2023-06-05T10:31:58.646284935Z,4688.88,docker_used_memory_mb,bwa (DA353) (911),bwa (DA353) (911),2345205,911
,,0,2023-05-13T12:43:16.328999592Z,2023-06-12T12:43:16.328999592Z,2023-06-05T10:32:00.645796651Z,4709.47,docker_used_memory_mb,bwa (DA353) (911),bwa (DA353) (911),2345205,911
,,0,2023-05-13T12:43:16.328999592Z,2023-06-12T12:43:16.328999592Z,2023-06-05T10:32:02.645566275Z,4722.13,docker_used_memory_mb,bwa (DA353) (911),bwa (DA353) (911),2345205,911
,,0,2023-05-13T12:43:16.328999592Z,2023-06-12T12:43:16.328999592Z,2023-06-05T10:32:04.646341301Z,4736.76,docker_used_memory_mb,bwa (DA353) (911),bwa (DA353) (911),2345205,911
,,0,2023-05-13T12:43:16.328999592Z,2023-06-12T12:43:16.328999592Z,2023-06-05T10:32:06.646179418Z,4803.4,docker_used_memory_mb,bwa (DA353) (911),bwa (DA353) (911),2345205,911
,,0,2023-05-13T12:43:16.328999592Z,2023-06-12T12:43:16.328999592Z,2023-06-05T10:32:08.645850929Z,4848.65,docker_used_memory_mb,bwa (DA353) (911),bwa (DA353) (911),2345205,911
,,0,2023-05-13T12:43:16.328999592Z,2023-06-12T12:43:16.328999592Z,2023-06-05T10:32:10.645501909Z,4849.65,docker_used_memory_mb,bwa (DA353) (911),bwa (DA353) (911),2345205,911
,,0,2023-05-13T12:43:16.328999592Z,2023-06-12T12:43:16.328999592Z,2023-06-05T10:32:12.645649935Z,4853.94,docker_used_memory_mb,bwa (DA353) (911),bwa (DA353) (911),2345205,911
,,0,2023-05-13T12:43:16.328999592Z,2023-06-12T12:43:16.328999592Z,2023-06-05T10:32:14.646262007Z,4853.94,docker_used_memory_mb,bwa (DA353) (911),bwa (DA353) (911),2345205,911
,,0,2023-05-13T12:43:16.328999592Z,2023-06-12T12:43:16.328999592Z,2023-06-05T10:32:16.646086543Z,4868.75,docker_used_memory_mb,bwa (DA353) (911),bwa (DA353) (911),2345205,911
,,0,2023-05-13T12:43:16.328999592Z,2023-06-12T12:43:16.328999592Z,2023-06-05T10:32:18.645820706Z,4877.85,docker_used_memory_mb,bwa (DA353) (911),bwa (DA353) (911),2345205,911
,,0,2023-05-13T12:43:16.328999592Z,2023-06-12T12:43:16.328999592Z,2023-06-05T10:32:20.645788657Z,4882.73,docker_used_memory_mb,bwa (DA353) (911),bwa (DA353) (911),2345205,911
,,0,2023-05-13T12:43:16.328999592Z,2023-06-12T12:43:16.328999592Z,2023-06-05T10:32:22.646439269Z,4882.73,docker_used_memory_mb,bwa (DA353) (911),bwa (DA353) (911),2345205,911
,,0,2023-05-13T12:43:16.328999592Z,2023-06-12T12:43:16.328999592Z,2023-06-05T10:32:24.64611942Z,4896.33,docker_used_memory_mb,bwa (DA353) (911),bwa (DA353) (911),2345205,911
,,0,2023-05-13T12:43:16.328999592Z,2023-06-12T12:43:16.328999592Z,2023-06-05T10:32:26.645900945Z,4585.22,docker_used_memory_mb,bwa (DA353) (911),bwa (DA353) (911),2345205,911
,,0,2023-05-13T12:43:16.328999592Z,2023-06-12T12:43:16.328999592Z,2023-06-05T10:32:28.645665939Z,4432.57,docker_used_memory_mb,bwa (DA353) (911),bwa (DA353) (911),2345205,911
,,0,2023-05-13T12:43:16.328999592Z,2023-06-12T12:43:16.328999592Z,2023-06-05T10:32:30.646346252Z,4108.43,docker_used_memory_mb,bwa (DA353) (911),bwa (DA353) (911),2345205,911
,,0,2023-05-13T12:43:16.328999592Z,2023-06-12T12:43:16.328999592Z,2023-06-05T10:32:32.646200329Z,3757.09,docker_used_memory_mb,bwa (DA353) (911),bwa (DA353) (911),2345205,911
,,0,2023-05-13T12:43:16.328999592Z,2023-06-12T12:43:16.328999592Z,2023-06-05T10:32:34.64585767Z,3935.65,docker_used_memory_mb,bwa (DA353) (911),bwa (DA353) (911),2345205,911
,,0,2023-05-13T12:43:16.328999592Z,2023-06-12T12:43:16.328999592Z,2023-06-05T10:32:36.645642855Z,4247.49,docker_used_memory_mb,bwa (DA353) (911),bwa (DA353) (911),2345205,911
,,0,2023-05-13T12:43:16.328999592Z,2023-06-12T12:43:16.328999592Z,2023-06-05T10:32:38.64544746Z,4339.95,docker_used_memory_mb,bwa (DA353) (911),bwa (DA353) (911),2345205,911
,,0,2023-05-13T12:43:16.328999592Z,2023-06-12T12:43:16.328999592Z,2023-06-05T10:32:40.646150754Z,4403.74,docker_used_memory_mb,bwa (DA353) (911),bwa (DA353) (911),2345205,911
,,0,2023-05-13T12:43:16.328999592Z,2023-06-12T12:43:16.328999592Z,2023-06-05T10:32:42.646030602Z,4558.66,docker_used_memory_mb,bwa (DA353) (911),bwa (DA353) (911),2345205,911
,,0,2023-05-13T12:43:16.328999592Z,2023-06-12T12:43:16.328999592Z,2023-06-05T10:32:44.645829107Z,4596.93,docker_used_memory_mb,bwa (DA353) (911),bwa (DA353) (911),2345205,911
,,0,2023-05-13T12:43:16.328999592Z,2023-06-12T12:43:16.328999592Z,2023-06-05T10:32:46.645629432Z,4634.04,docker_used_memory_mb,bwa (DA353) (911),bwa (DA353) (911),2345205,911
,,0,2023-05-13T12:43:16.328999592Z,2023-06-12T12:43:16.328999592Z,2023-06-05T10:32:48.646416039Z,4652.05,docker_used_memory_mb,bwa (DA353) (911),bwa (DA353) (911),2345205,911
,,0,2023-05-13T12:43:16.328999592Z,2023-06-12T12:43:16.328999592Z,2023-06-05T10:32:50.64638121Z,4692.72,docker_used_memory_mb,bwa (DA353) (911),bwa (DA353) (911),2345205,911
,,0,2023-05-13T12:43:16.328999592Z,2023-06-12T12:43:16.328999592Z,2023-06-05T10:32:52.645908126Z,4698.62,docker_used_memory_mb,bwa (DA353) (911),bwa (DA353) (911),2345205,911
,,0,2023-05-13T12:43:16.328999592Z,2023-06-12T12:43:16.328999592Z,2023-06-05T10:32:54.64566078Z,4726.77,docker_used_memory_mb,bwa (DA353) (911),bwa (DA353) (911),2345205,911
,,0,2023-05-13T12:43:16.328999592Z,2023-06-12T12:43:16.328999592Z,2023-06-05T10:32:56.646425956Z,4730.75,docker_used_memory_mb,bwa (DA353) (911),bwa (DA353) (911),2345205,911
,,0,2023-05-13T12:43:16.328999592Z,2023-06-12T12:43:16.328999592Z,2023-06-05T10:32:58.645359643Z,4742.62,docker_used_memory_mb,bwa (DA353) (911),bwa (DA353) (911),2345205,911
,,0,2023-05-13T12:43:16.328999592Z,2023-06-12T12:43:16.328999592Z,2023-06-05T10:33:00.645594643Z,4762.82,docker_used_memory_mb,bwa (DA353) (911),bwa (DA353) (911),2345205,911
,,0,2023-05-13T12:43:16.328999592Z,2023-06-12T12:43:16.328999592Z,2023-06-05T10:33:02.646349229Z,4774.68,docker_used_memory_mb,bwa (DA353) (911),bwa (DA353) (911),2345205,911
,,0,2023-05-13T12:43:16.328999592Z,2023-06-12T12:43:16.328999592Z,2023-06-05T10:33:04.646078811Z,4810.04,docker_used_memory_mb,bwa (DA353) (911),bwa (DA353) (911),2345205,911
,,0,2023-05-13T12:43:16.328999592Z,2023-06-12T12:43:16.328999592Z,2023-06-05T10:33:06.645857546Z,4813.15,docker_used_memory_mb,bwa (DA353) (911),bwa (DA353) (911),2345205,911
,,0,2023-05-13T12:43:16.328999592Z,2023-06-12T12:43:16.328999592Z,2023-06-05T10:33:08.645675072Z,4822.36,docker_used_memory_mb,bwa (DA353) (911),bwa (DA353) (911),2345205,911
,,0,2023-05-13T12:43:16.328999592Z,2023-06-12T12:43:16.328999592Z,2023-06-05T10:33:10.66103125Z,4842.27,docker_used_memory_mb,bwa (DA353) (911),bwa (DA353) (911),2345205,911
,,0,2023-05-13T12:43:16.328999592Z,2023-06-12T12:43:16.328999592Z,2023-06-05T10:33:12.649335793Z,4843.87,docker_used_memory_mb,bwa (DA353) (911),bwa (DA353) (911),2345205,911
,,0,2023-05-13T12:43:16.328999592Z,2023-06-12T12:43:16.328999592Z,2023-06-05T10:33:15.649205622Z,4872.59,docker_used_memory_mb,bwa (DA353) (911),bwa (DA353) (911),2345205,911
,,0,2023-05-13T12:43:16.328999592Z,2023-06-12T12:43:16.328999592Z,2023-06-05T10:33:18.649173993Z,4739.35,docker_used_memory_mb,bwa (DA353) (911),bwa (DA353) (911),2345205,911
,,0,2023-05-13T12:43:16.328999592Z,2023-06-12T12:43:16.328999592Z,2023-06-05T10:33:21.646190119Z,4262.84,docker_used_memory_mb,bwa (DA353) (911),bwa (DA353) (911),2345205,911
,,0,2023-05-13T12:43:16.328999592Z,2023-06-12T12:43:16.328999592Z,2023-06-05T10:33:23.645937122Z,3787.1,docker_used_memory_mb,bwa (DA353) (911),bwa (DA353) (911),2345205,911
,,0,2023-05-13T12:43:16.328999592Z,2023-06-12T12:43:16.328999592Z,2023-06-05T10:33:25.645627724Z,3787.1,docker_used_memory_mb,bwa (DA353) (911),bwa (DA353) (911),2345205,911
,,0,2023-05-13T12:43:16.328999592Z,2023-06-12T12:43:16.328999592Z,2023-06-05T10:33:27.645580094Z,3542.77,docker_used_memory_mb,bwa (DA353) (911),bwa (DA353) (911),2345205,911
,,0,2023-05-13T12:43:16.328999592Z,2023-06-12T12:43:16.328999592Z,2023-06-05T10:33:29.646200326Z,4117.53,docker_used_memory_mb,bwa (DA353) (911),bwa (DA353) (911),2345205,911
,,0,2023-05-13T12:43:16.328999592Z,2023-06-12T12:43:16.328999592Z,2023-06-05T10:33:31.645810595Z,4202.82,docker_used_memory_mb,bwa (DA353) (911),bwa (DA353) (911),2345205,911
,,0,2023-05-13T12:43:16.328999592Z,2023-06-12T12:43:16.328999592Z,2023-06-05T10:33:33.645696803Z,4379.49,docker_used_memory_mb,bwa (DA353) (911),bwa (DA353) (911),2345205,911
,,0,2023-05-13T12:43:16.328999592Z,2023-06-12T12:43:16.328999592Z,2023-06-05T10:33:35.646403248Z,4452.64,docker_used_memory_mb,bwa (DA353) (911),bwa (DA353) (911),2345205,911
,,0,2023-05-13T12:43:16.328999592Z,2023-06-12T12:43:16.328999592Z,2023-06-05T10:33:37.646126631Z,4521.59,docker_used_memory_mb,bwa (DA353) (911),bwa (DA353) (911),2345205,911
,,0,2023-05-13T12:43:16.328999592Z,2023-06-12T12:43:16.328999592Z,2023-06-05T10:33:39.645655987Z,4538.41,docker_used_memory_mb,bwa (DA353) (911),bwa (DA353) (911),2345205,911
,,0,2023-05-13T12:43:16.328999592Z,2023-06-12T12:43:16.328999592Z,2023-06-05T10:33:41.646396502Z,4605.72,docker_used_memory_mb,bwa (DA353) (911),bwa (DA353) (911),2345205,911
,,0,2023-05-13T12:43:16.328999592Z,2023-06-12T12:43:16.328999592Z,2023-06-05T10:33:43.646193838Z,4652,docker_used_memory_mb,bwa (DA353) (911),bwa (DA353) (911),2345205,911
,,0,2023-05-13T12:43:16.328999592Z,2023-06-12T12:43:16.328999592Z,2023-06-05T10:33:45.64590954Z,4689.09,docker_used_memory_mb,bwa (DA353) (911),bwa (DA353) (911),2345205,911
,,0,2023-05-13T12:43:16.328999592Z,2023-06-12T12:43:16.328999592Z,2023-06-05T10:33:47.646095648Z,4708.3,docker_used_memory_mb,bwa (DA353) (911),bwa (DA353) (911),2345205,911
,,0,2023-05-13T12:43:16.328999592Z,2023-06-12T12:43:16.328999592Z,2023-06-05T10:33:49.64578791Z,4727.9,docker_used_memory_mb,bwa (DA353) (911),bwa (DA353) (911),2345205,911
,,0,2023-05-13T12:43:16.328999592Z,2023-06-12T12:43:16.328999592Z,2023-06-05T10:33:51.645612325Z,4780.08,docker_used_memory_mb,bwa (DA353) (911),bwa (DA353) (911),2345205,911
,,0,2023-05-13T12:43:16.328999592Z,2023-06-12T12:43:16.328999592Z,2023-06-05T10:33:53.646339361Z,4802.06,docker_used_memory_mb,bwa (DA353) (911),bwa (DA353) (911),2345205,911
,,0,2023-05-13T12:43:16.328999592Z,2023-06-12T12:43:16.328999592Z,2023-06-05T10:33:55.646020782Z,4816.39,docker_used_memory_mb,bwa (DA353) (911),bwa (DA353) (911),2345205,911
,,0,2023-05-13T12:43:16.328999592Z,2023-06-12T12:43:16.328999592Z,2023-06-05T10:33:57.653109183Z,4873.07,docker_used_memory_mb,bwa (DA353) (911),bwa (DA353) (911),2345205,911
,,0,2023-05-13T12:43:16.328999592Z,2023-06-12T12:43:16.328999592Z,2023-06-05T10:33:59.646003465Z,4901.04,docker_used_memory_mb,bwa (DA353) (911),bwa (DA353) (911),2345205,911
,,0,2023-05-13T12:43:16.328999592Z,2023-06-12T12:43:16.328999592Z,2023-06-05T10:34:01.646128571Z,4900.89,docker_used_memory_mb,bwa (DA353) (911),bwa (DA353) (911),2345205,911
,,0,2023-05-13T12:43:16.328999592Z,2023-06-12T12:43:16.328999592Z,2023-06-05T10:34:03.645924026Z,4913.26,docker_used_memory_mb,bwa (DA353) (911),bwa (DA353) (911),2345205,911
,,0,2023-05-13T12:43:16.328999592Z,2023-06-12T12:43:16.328999592Z,2023-06-05T10:34:05.645599047Z,4921.33,docker_used_memory_mb,bwa (DA353) (911),bwa (DA353) (911),2345205,911
,,0,2023-05-13T12:43:16.328999592Z,2023-06-12T12:43:16.328999592Z,2023-06-05T10:34:07.646931691Z,4940.96,docker_used_memory_mb,bwa (DA353) (911),bwa (DA353) (911),2345205,911
,,0,2023-05-13T12:43:16.328999592Z,2023-06-12T12:43:16.328999592Z,2023-06-05T10:34:09.646170439Z,4948.96,docker_used_memory_mb,bwa (DA353) (911),bwa (DA353) (911),2345205,911
,,0,2023-05-13T12:43:16.328999592Z,2023-06-12T12:43:16.328999592Z,2023-06-05T10:34:11.646091728Z,4949.08,docker_used_memory_mb,bwa (DA353) (911),bwa (DA353) (911),2345205,911
,,0,2023-05-13T12:43:16.328999592Z,2023-06-12T12:43:16.328999592Z,2023-06-05T10:34:13.645705177Z,4960.86,docker_used_memory_mb,bwa (DA353) (911),bwa (DA353) (911),2345205,911
,,0,2023-05-13T12:43:16.328999592Z,2023-06-12T12:43:16.328999592Z,2023-06-05T10:34:15.645509642Z,4965.21,docker_used_memory_mb,bwa (DA353) (911),bwa (DA353) (911),2345205,911
,,0,2023-05-13T12:43:16.328999592Z,2023-06-12T12:43:16.328999592Z,2023-06-05T10:34:17.64630238Z,4681.82,docker_used_memory_mb,bwa (DA353) (911),bwa (DA353) (911),2345205,911
,,0,2023-05-13T12:43:16.328999592Z,2023-06-12T12:43:16.328999592Z,2023-06-05T10:34:19.646065854Z,4508.34,docker_used_memory_mb,bwa (DA353) (911),bwa (DA353) (911),2345205,911
,,0,2023-05-13T12:43:16.328999592Z,2023-06-12T12:43:16.328999592Z,2023-06-05T10:34:21.645797287Z,4118.72,docker_used_memory_mb,bwa (DA353) (911),bwa (DA353) (911),2345205,911
,,0,2023-05-13T12:43:16.328999592Z,2023-06-12T12:43:16.328999592Z,2023-06-05T10:34:23.64583953Z,3835.66,docker_used_memory_mb,bwa (DA353) (911),bwa (DA353) (911),2345205,911
,,0,2023-05-13T12:43:16.328999592Z,2023-06-12T12:43:16.328999592Z,2023-06-05T10:34:25.645377206Z,3718.2,docker_used_memory_mb,bwa (DA353) (911),bwa (DA353) (911),2345205,911
,,0,2023-05-13T12:43:16.328999592Z,2023-06-12T12:43:16.328999592Z,2023-06-05T10:34:27.646215385Z,3972.14,docker_used_memory_mb,bwa (DA353) (911),bwa (DA353) (911),2345205,911
,,0,2023-05-13T12:43:16.328999592Z,2023-06-12T12:43:16.328999592Z,2023-06-05T10:34:30.64596623Z,4170.25,docker_used_memory_mb,bwa (DA353) (911),bwa (DA353) (911),2345205,911
,,0,2023-05-13T12:43:16.328999592Z,2023-06-12T12:43:16.328999592Z,2023-06-05T10:34:32.645722324Z,4309.79,docker_used_memory_mb,bwa (DA353) (911),bwa (DA353) (911),2345205,911
,,0,2023-05-13T12:43:16.328999592Z,2023-06-12T12:43:16.328999592Z,2023-06-05T10:34:34.645584821Z,4381.66,docker_used_memory_mb,bwa (DA353) (911),bwa (DA353) (911),2345205,911
,,0,2023-05-13T12:43:16.328999592Z,2023-06-12T12:43:16.328999592Z,2023-06-05T10:34:36.646290525Z,4395.18,docker_used_memory_mb,bwa (DA353) (911),bwa (DA353) (911),2345205,911
,,0,2023-05-13T12:43:16.328999592Z,2023-06-12T12:43:16.328999592Z,2023-06-05T10:34:38.645886664Z,4439.37,docker_used_memory_mb,bwa (DA353) (911),bwa (DA353) (911),2345205,911
,,0,2023-05-13T12:43:16.328999592Z,2023-06-12T12:43:16.328999592Z,2023-06-05T10:34:40.645735371Z,4465.66,docker_used_memory_mb,bwa (DA353) (911),bwa (DA353) (911),2345205,911
,,0,2023-05-13T12:43:16.328999592Z,2023-06-12T12:43:16.328999592Z,2023-06-05T10:34:42.645770284Z,4516.69,docker_used_memory_mb,bwa (DA353) (911),bwa (DA353) (911),2345205,911
,,0,2023-05-13T12:43:16.328999592Z,2023-06-12T12:43:16.328999592Z,2023-06-05T10:34:44.645622241Z,4547.79,docker_used_memory_mb,bwa (DA353) (911),bwa (DA353) (911),2345205,911
,,0,2023-05-13T12:43:16.328999592Z,2023-06-12T12:43:16.328999592Z,2023-06-05T10:34:46.646405048Z,4603.8,docker_used_memory_mb,bwa (DA353) (911),bwa (DA353) (911),2345205,911
,,0,2023-05-13T12:43:16.328999592Z,2023-06-12T12:43:16.328999592Z,2023-06-05T10:34:48.645934214Z,4689.55,docker_used_memory_mb,bwa (DA353) (911),bwa (DA353) (911),2345205,911
,,0,2023-05-13T12:43:16.328999592Z,2023-06-12T12:43:16.328999592Z,2023-06-05T10:34:50.645795092Z,4766.9,docker_used_memory_mb,bwa (DA353) (911),bwa (DA353) (911),2345205,911
,,0,2023-05-13T12:43:16.328999592Z,2023-06-12T12:43:16.328999592Z,2023-06-05T10:34:52.645711591Z,4774.73,docker_used_memory_mb,bwa (DA353) (911),bwa (DA353) (911),2345205,911
,,0,2023-05-13T12:43:16.328999592Z,2023-06-12T12:43:16.328999592Z,2023-06-05T10:34:54.646453847Z,4791.71,docker_used_memory_mb,bwa (DA353) (911),bwa (DA353) (911),2345205,911
,,0,2023-05-13T12:43:16.328999592Z,2023-06-12T12:43:16.328999592Z,2023-06-05T10:34:56.646075486Z,4796.62,docker_used_memory_mb,bwa (DA353) (911),bwa (DA353) (911),2345205,911
,,0,2023-05-13T12:43:16.328999592Z,2023-06-12T12:43:16.328999592Z,2023-06-05T10:34:58.645854571Z,4797.64,docker_used_memory_mb,bwa (DA353) (911),bwa (DA353) (911),2345205,911
,,0,2023-05-13T12:43:16.328999592Z,2023-06-12T12:43:16.328999592Z,2023-06-05T10:35:00.645596144Z,4799.68,docker_used_memory_mb,bwa (DA353) (911),bwa (DA353) (911),2345205,911
,,0,2023-05-13T12:43:16.328999592Z,2023-06-12T12:43:16.328999592Z,2023-06-05T10:35:02.646270368Z,4852.51,docker_used_memory_mb,bwa (DA353) (911),bwa (DA353) (911),2345205,911
,,0,2023-05-13T12:43:16.328999592Z,2023-06-12T12:43:16.328999592Z,2023-06-05T10:35:04.646054982Z,4872.88,docker_used_memory_mb,bwa (DA353) (911),bwa (DA353) (911),2345205,911
,,0,2023-05-13T12:43:16.328999592Z,2023-06-12T12:43:16.328999592Z,2023-06-05T10:35:06.645881899Z,4904.87,docker_used_memory_mb,bwa (DA353) (911),bwa (DA353) (911),2345205,911
,,0,2023-05-13T12:43:16.328999592Z,2023-06-12T12:43:16.328999592Z,2023-06-05T10:35:08.645666713Z,4911.03,docker_used_memory_mb,bwa (DA353) (911),bwa (DA353) (911),2345205,911
,,0,2023-05-13T12:43:16.328999592Z,2023-06-12T12:43:16.328999592Z,2023-06-05T10:35:10.646253714Z,4924.53,docker_used_memory_mb,bwa (DA353) (911),bwa (DA353) (911),2345205,911
,,0,2023-05-13T12:43:16.328999592Z,2023-06-12T12:43:16.328999592Z,2023-06-05T10:35:12.646193774Z,4263.31,docker_used_memory_mb,bwa (DA353) (911),bwa (DA353) (911),2345205,911
,,0,2023-05-13T12:43:16.328999592Z,2023-06-12T12:43:16.328999592Z,2023-06-05T10:35:14.64601129Z,4098.82,docker_used_memory_mb,bwa (DA353) (911),bwa (DA353) (911),2345205,911
,,0,2023-05-13T12:43:16.328999592Z,2023-06-12T12:43:16.328999592Z,2023-06-05T10:35:16.645628209Z,4101.77,docker_used_memory_mb,bwa (DA353) (911),bwa (DA353) (911),2345205,911
,,0,2023-05-13T12:43:16.328999592Z,2023-06-12T12:43:16.328999592Z,2023-06-05T10:35:18.646417397Z,3749.43,docker_used_memory_mb,bwa (DA353) (911),bwa (DA353) (911),2345205,911
,,0,2023-05-13T12:43:16.328999592Z,2023-06-12T12:43:16.328999592Z,2023-06-05T10:35:20.64615561Z,3749.43,docker_used_memory_mb,bwa (DA353) (911),bwa (DA353) (911),2345205,911
,,0,2023-05-13T12:43:16.328999592Z,2023-06-12T12:43:16.328999592Z,2023-06-05T10:35:22.645979196Z,3881.4,docker_used_memory_mb,bwa (DA353) (911),bwa (DA353) (911),2345205,911
,,0,2023-05-13T12:43:16.328999592Z,2023-06-12T12:43:16.328999592Z,2023-06-05T10:35:24.645917105Z,4269.11,docker_used_memory_mb,bwa (DA353) (911),bwa (DA353) (911),2345205,911
,,0,2023-05-13T12:43:16.328999592Z,2023-06-12T12:43:16.328999592Z,2023-06-05T10:35:26.649309257Z,4402.57,docker_used_memory_mb,bwa (DA353) (911),bwa (DA353) (911),2345205,911
,,0,2023-05-13T12:43:16.328999592Z,2023-06-12T12:43:16.328999592Z,2023-06-05T10:35:28.64593066Z,4411.73,docker_used_memory_mb,bwa (DA353) (911),bwa (DA353) (911),2345205,911
,,0,2023-05-13T12:43:16.328999592Z,2023-06-12T12:43:16.328999592Z,2023-06-05T10:35:30.645849619Z,4507.09,docker_used_memory_mb,bwa (DA353) (911),bwa (DA353) (911),2345205,911
,,0,2023-05-13T12:43:16.328999592Z,2023-06-12T12:43:16.328999592Z,2023-06-05T10:35:32.645740717Z,4560.56,docker_used_memory_mb,bwa (DA353) (911),bwa (DA353) (911),2345205,911
,,0,2023-05-13T12:43:16.328999592Z,2023-06-12T12:43:16.328999592Z,2023-06-05T10:35:34.645749209Z,4578.54,docker_used_memory_mb,bwa (DA353) (911),bwa (DA353) (911),2345205,911
,,0,2023-05-13T12:43:16.328999592Z,2023-06-12T12:43:16.328999592Z,2023-06-05T10:35:36.649275005Z,4606.78,docker_used_memory_mb,bwa (DA353) (911),bwa (DA353) (911),2345205,911
,,0,2023-05-13T12:43:16.328999592Z,2023-06-12T12:43:16.328999592Z,2023-06-05T10:35:38.646186087Z,4645.71,docker_used_memory_mb,bwa (DA353) (911),bwa (DA353) (911),2345205,911
,,0,2023-05-13T12:43:16.328999592Z,2023-06-12T12:43:16.328999592Z,2023-06-05T10:35:40.645732264Z,4663.69,docker_used_memory_mb,bwa (DA353) (911),bwa (DA353) (911),2345205,911
,,0,2023-05-13T12:43:16.328999592Z,2023-06-12T12:43:16.328999592Z,2023-06-05T10:35:42.645477998Z,4686.14,docker_used_memory_mb,bwa (DA353) (911),bwa (DA353) (911),2345205,911
,,0,2023-05-13T12:43:16.328999592Z,2023-06-12T12:43:16.328999592Z,2023-06-05T10:35:44.645644094Z,4749.47,docker_used_memory_mb,bwa (DA353) (911),bwa (DA353) (911),2345205,911
,,0,2023-05-13T12:43:16.328999592Z,2023-06-12T12:43:16.328999592Z,2023-06-05T10:35:46.646274487Z,4753.9,docker_used_memory_mb,bwa (DA353) (911),bwa (DA353) (911),2345205,911
,,0,2023-05-13T12:43:16.328999592Z,2023-06-12T12:43:16.328999592Z,2023-06-05T10:35:48.646091463Z,4755.07,docker_used_memory_mb,bwa (DA353) (911),bwa (DA353) (911),2345205,911
,,0,2023-05-13T12:43:16.328999592Z,2023-06-12T12:43:16.328999592Z,2023-06-05T10:35:50.645752144Z,4767.58,docker_used_memory_mb,bwa (DA353) (911),bwa (DA353) (911),2345205,911
,,0,2023-05-13T12:43:16.328999592Z,2023-06-12T12:43:16.328999592Z,2023-06-05T10:35:52.645677433Z,4775.41,docker_used_memory_mb,bwa (DA353) (911),bwa (DA353) (911),2345205,911
,,0,2023-05-13T12:43:16.328999592Z,2023-06-12T12:43:16.328999592Z,2023-06-05T10:35:54.646237593Z,4777.07,docker_used_memory_mb,bwa (DA353) (911),bwa (DA353) (911),2345205,911
,,0,2023-05-13T12:43:16.328999592Z,2023-06-12T12:43:16.328999592Z,2023-06-05T10:35:56.645940315Z,4787.34,docker_used_memory_mb,bwa (DA353) (911),bwa (DA353) (911),2345205,911
,,0,2023-05-13T12:43:16.328999592Z,2023-06-12T12:43:16.328999592Z,2023-06-05T10:35:58.645783742Z,4811.64,docker_used_memory_mb,bwa (DA353) (911),bwa (DA353) (911),2345205,911
,,0,2023-05-13T12:43:16.328999592Z,2023-06-12T12:43:16.328999592Z,2023-06-05T10:36:00.649294747Z,4845.01,docker_used_memory_mb,bwa (DA353) (911),bwa (DA353) (911),2345205,911
,,0,2023-05-13T12:43:16.328999592Z,2023-06-12T12:43:16.328999592Z,2023-06-05T10:36:02.649292649Z,4846.19,docker_used_memory_mb,bwa (DA353) (911),bwa (DA353) (911),2345205,911
,,0,2023-05-13T12:43:16.328999592Z,2023-06-12T12:43:16.328999592Z,2023-06-05T10:36:05.646375997Z,4864.74,docker_used_memory_mb,bwa (DA353) (911),bwa (DA353) (911),2345205,911
,,0,2023-05-13T12:43:16.328999592Z,2023-06-12T12:43:16.328999592Z,2023-06-05T10:36:07.645922544Z,4710.91,docker_used_memory_mb,bwa (DA353) (911),bwa (DA353) (911),2345205,911
,,0,2023-05-13T12:43:16.328999592Z,2023-06-12T12:43:16.328999592Z,2023-06-05T10:36:09.645800362Z,4129.41,docker_used_memory_mb,bwa (DA353) (911),bwa (DA353) (911),2345205,911
,,0,2023-05-13T12:43:16.328999592Z,2023-06-12T12:43:16.328999592Z,2023-06-05T10:36:11.645554296Z,3570.77,docker_used_memory_mb,bwa (DA353) (911),bwa (DA353) (911),2345205,911
,,0,2023-05-13T12:43:16.328999592Z,2023-06-12T12:43:16.328999592Z,2023-06-05T10:36:13.646298171Z,3845.43,docker_used_memory_mb,bwa (DA353) (911),bwa (DA353) (911),2345205,911
,,0,2023-05-13T12:43:16.328999592Z,2023-06-12T12:43:16.328999592Z,2023-06-05T10:36:15.649185647Z,4126.3,docker_used_memory_mb,bwa (DA353) (911),bwa (DA353) (911),2345205,911
,,0,2023-05-13T12:43:16.328999592Z,2023-06-12T12:43:16.328999592Z,2023-06-05T10:36:17.645975374Z,4198.79,docker_used_memory_mb,bwa (DA353) (911),bwa (DA353) (911),2345205,911
,,0,2023-05-13T12:43:16.328999592Z,2023-06-12T12:43:16.328999592Z,2023-06-05T10:36:19.645732288Z,4296.68,docker_used_memory_mb,bwa (DA353) (911),bwa (DA353) (911),2345205,911
,,0,2023-05-13T12:43:16.328999592Z,2023-06-12T12:43:16.328999592Z,2023-06-05T10:36:21.653236383Z,4378.75,docker_used_memory_mb,bwa (DA353) (911),bwa (DA353) (911),2345205,911
,,0,2023-05-13T12:43:16.328999592Z,2023-06-12T12:43:16.328999592Z,2023-06-05T10:36:23.657268985Z,4450.73,docker_used_memory_mb,bwa (DA353) (911),bwa (DA353) (911),2345205,911
,,0,2023-05-13T12:43:16.328999592Z,2023-06-12T12:43:16.328999592Z,2023-06-05T10:36:25.646104966Z,4496.07,docker_used_memory_mb,bwa (DA353) (911),bwa (DA353) (911),2345205,911
,,0,2023-05-13T12:43:16.328999592Z,2023-06-12T12:43:16.328999592Z,2023-06-05T10:36:27.645760957Z,4540.09,docker_used_memory_mb,bwa (DA353) (911),bwa (DA353) (911),2345205,911
,,0,2023-05-13T12:43:16.328999592Z,2023-06-12T12:43:16.328999592Z,2023-06-05T10:36:29.645571512Z,4678.28,docker_used_memory_mb,bwa (DA353) (911),bwa (DA353) (911),2345205,911
,,0,2023-05-13T12:43:16.328999592Z,2023-06-12T12:43:16.328999592Z,2023-06-05T10:36:31.646227085Z,4709.91,docker_used_memory_mb,bwa (DA353) (911),bwa (DA353) (911),2345205,911
,,0,2023-05-13T12:43:16.328999592Z,2023-06-12T12:43:16.328999592Z,2023-06-05T10:36:33.645929648Z,4739.3,docker_used_memory_mb,bwa (DA353) (911),bwa (DA353) (911),2345205,911
,,0,2023-05-13T12:43:16.328999592Z,2023-06-12T12:43:16.328999592Z,2023-06-05T10:36:35.645673441Z,4744.25,docker_used_memory_mb,bwa (DA353) (911),bwa (DA353) (911),2345205,911
,,0,2023-05-13T12:43:16.328999592Z,2023-06-12T12:43:16.328999592Z,2023-06-05T10:36:37.645519818Z,4760.66,docker_used_memory_mb,bwa (DA353) (911),bwa (DA353) (911),2345205,911
,,0,2023-05-13T12:43:16.328999592Z,2023-06-12T12:43:16.328999592Z,2023-06-05T10:36:39.646481451Z,4776.42,docker_used_memory_mb,bwa (DA353) (911),bwa (DA353) (911),2345205,911
,,0,2023-05-13T12:43:16.328999592Z,2023-06-12T12:43:16.328999592Z,2023-06-05T10:36:41.645958866Z,4802.63,docker_used_memory_mb,bwa (DA353) (911),bwa (DA353) (911),2345205,911
,,0,2023-05-13T12:43:16.328999592Z,2023-06-12T12:43:16.328999592Z,2023-06-05T10:36:43.645323107Z,4846.85,docker_used_memory_mb,bwa (DA353) (911),bwa (DA353) (911),2345205,911
,,0,2023-05-13T12:43:16.328999592Z,2023-06-12T12:43:16.328999592Z,2023-06-05T10:36:45.646241149Z,4846.79,docker_used_memory_mb,bwa (DA353) (911),bwa (DA353) (911),2345205,911
,,0,2023-05-13T12:43:16.328999592Z,2023-06-12T12:43:16.328999592Z,2023-06-05T10:36:47.645823137Z,4849.95,docker_used_memory_mb,bwa (DA353) (911),bwa (DA353) (911),2345205,911
,,0,2023-05-13T12:43:16.328999592Z,2023-06-12T12:43:16.328999592Z,2023-06-05T10:36:49.645697635Z,4849.83,docker_used_memory_mb,bwa (DA353) (911),bwa (DA353) (911),2345205,911
,,0,2023-05-13T12:43:16.328999592Z,2023-06-12T12:43:16.328999592Z,2023-06-05T10:36:51.645747458Z,4882.07,docker_used_memory_mb,bwa (DA353) (911),bwa (DA353) (911),2345205,911
,,0,2023-05-13T12:43:16.328999592Z,2023-06-12T12:43:16.328999592Z,2023-06-05T10:36:53.645387559Z,4890.48,docker_used_memory_mb,bwa (DA353) (911),bwa (DA353) (911),2345205,911
,,0,2023-05-13T12:43:16.328999592Z,2023-06-12T12:43:16.328999592Z,2023-06-05T10:36:55.646266629Z,4890.83,docker_used_memory_mb,bwa (DA353) (911),bwa (DA353) (911),2345205,911
,,0,2023-05-13T12:43:16.328999592Z,2023-06-12T12:43:16.328999592Z,2023-06-05T10:36:57.645870378Z,4747.7,docker_used_memory_mb,bwa (DA353) (911),bwa (DA353) (911),2345205,911
,,0,2023-05-13T12:43:16.328999592Z,2023-06-12T12:43:16.328999592Z,2023-06-05T10:36:59.645622912Z,4112.09,docker_used_memory_mb,bwa (DA353) (911),bwa (DA353) (911),2345205,911
,,0,2023-05-13T12:43:16.328999592Z,2023-06-12T12:43:16.328999592Z,2023-06-05T10:37:01.645788939Z,3740.67,docker_used_memory_mb,bwa (DA353) (911),bwa (DA353) (911),2345205,911
,,0,2023-05-13T12:43:16.328999592Z,2023-06-12T12:43:16.328999592Z,2023-06-05T10:37:03.646059559Z,4067.43,docker_used_memory_mb,bwa (DA353) (911),bwa (DA353) (911),2345205,911
,,0,2023-05-13T12:43:16.328999592Z,2023-06-12T12:43:16.328999592Z,2023-06-05T10:37:05.646409162Z,4257.13,docker_used_memory_mb,bwa (DA353) (911),bwa (DA353) (911),2345205,911
,,0,2023-05-13T12:43:16.328999592Z,2023-06-12T12:43:16.328999592Z,2023-06-05T10:37:07.646105895Z,4346.02,docker_used_memory_mb,bwa (DA353) (911),bwa (DA353) (911),2345205,911
,,0,2023-05-13T12:43:16.328999592Z,2023-06-12T12:43:16.328999592Z,2023-06-05T10:37:09.653275128Z,4470.43,docker_used_memory_mb,bwa (DA353) (911),bwa (DA353) (911),2345205,911
,,0,2023-05-13T12:43:16.328999592Z,2023-06-12T12:43:16.328999592Z,2023-06-05T10:37:11.646200281Z,4556.52,docker_used_memory_mb,bwa (DA353) (911),bwa (DA353) (911),2345205,911
,,0,2023-05-13T12:43:16.328999592Z,2023-06-12T12:43:16.328999592Z,2023-06-05T10:37:13.64579823Z,4605.54,docker_used_memory_mb,bwa (DA353) (911),bwa (DA353) (911),2345205,911
,,0,2023-05-13T12:43:16.328999592Z,2023-06-12T12:43:16.328999592Z,2023-06-05T10:37:15.645626196Z,4680.42,docker_used_memory_mb,bwa (DA353) (911),bwa (DA353) (911),2345205,911
,,0,2023-05-13T12:43:16.328999592Z,2023-06-12T12:43:16.328999592Z,2023-06-05T10:37:17.646218457Z,4706.96,docker_used_memory_mb,bwa (DA353) (911),bwa (DA353) (911),2345205,911
,,0,2023-05-13T12:43:16.328999592Z,2023-06-12T12:43:16.328999592Z,2023-06-05T10:37:19.64903471Z,4799.8,docker_used_memory_mb,bwa (DA353) (911),bwa (DA353) (911),2345205,911
,,0,2023-05-13T12:43:16.328999592Z,2023-06-12T12:43:16.328999592Z,2023-06-05T10:37:21.645828278Z,4816.41,docker_used_memory_mb,bwa (DA353) (911),bwa (DA353) (911),2345205,911
,,0,2023-05-13T12:43:16.328999592Z,2023-06-12T12:43:16.328999592Z,2023-06-05T10:37:23.645597053Z,4839.43,docker_used_memory_mb,bwa (DA353) (911),bwa (DA353) (911),2345205,911
,,0,2023-05-13T12:43:16.328999592Z,2023-06-12T12:43:16.328999592Z,2023-06-05T10:37:25.646302768Z,4842.1,docker_used_memory_mb,bwa (DA353) (911),bwa (DA353) (911),2345205,911
,,0,2023-05-13T12:43:16.328999592Z,2023-06-12T12:43:16.328999592Z,2023-06-05T10:37:27.646160195Z,4880.84,docker_used_memory_mb,bwa (DA353) (911),bwa (DA353) (911),2345205,911
,,0,2023-05-13T12:43:16.328999592Z,2023-06-12T12:43:16.328999592Z,2023-06-05T10:37:29.645862387Z,4914.49,docker_used_memory_mb,bwa (DA353) (911),bwa (DA353) (911),2345205,911
,,0,2023-05-13T12:43:16.328999592Z,2023-06-12T12:43:16.328999592Z,2023-06-05T10:37:31.645675693Z,4954.93,docker_used_memory_mb,bwa (DA353) (911),bwa (DA353) (911),2345205,911
,,0,2023-05-13T12:43:16.328999592Z,2023-06-12T12:43:16.328999592Z,2023-06-05T10:37:33.646641846Z,4955.38,docker_used_memory_mb,bwa (DA353) (911),bwa (DA353) (911),2345205,911
,,0,2023-05-13T12:43:16.328999592Z,2023-06-12T12:43:16.328999592Z,2023-06-05T10:37:35.646118221Z,4962.5,docker_used_memory_mb,bwa (DA353) (911),bwa (DA353) (911),2345205,911
,,0,2023-05-13T12:43:16.328999592Z,2023-06-12T12:43:16.328999592Z,2023-06-05T10:37:37.646115833Z,4963.34,docker_used_memory_mb,bwa (DA353) (911),bwa (DA353) (911),2345205,911
,,0,2023-05-13T12:43:16.328999592Z,2023-06-12T12:43:16.328999592Z,2023-06-05T10:37:39.645737752Z,4973.09,docker_used_memory_mb,bwa (DA353) (911),bwa (DA353) (911),2345205,911
,,0,2023-05-13T12:43:16.328999592Z,2023-06-12T12:43:16.328999592Z,2023-06-05T10:37:42.64558134Z,4989.97,docker_used_memory_mb,bwa (DA353) (911),bwa (DA353) (911),2345205,911
,,0,2023-05-13T12:43:16.328999592Z,2023-06-12T12:43:16.328999592Z,2023-06-05T10:37:44.645641484Z,5001.84,docker_used_memory_mb,bwa (DA353) (911),bwa (DA353) (911),2345205,911
,,0,2023-05-13T12:43:16.328999592Z,2023-06-12T12:43:16.328999592Z,2023-06-05T10:37:46.649183351Z,5012.91,docker_used_memory_mb,bwa (DA353) (911),bwa (DA353) (911),2345205,911
,,0,2023-05-13T12:43:16.328999592Z,2023-06-12T12:43:16.328999592Z,2023-06-05T10:37:48.65715485Z,5016.45,docker_used_memory_mb,bwa (DA353) (911),bwa (DA353) (911),2345205,911
,,0,2023-05-13T12:43:16.328999592Z,2023-06-12T12:43:16.328999592Z,2023-06-05T10:37:50.645931279Z,4534.05,docker_used_memory_mb,bwa (DA353) (911),bwa (DA353) (911),2345205,911
,,0,2023-05-13T12:43:16.328999592Z,2023-06-12T12:43:16.328999592Z,2023-06-05T10:37:52.645753155Z,4054.08,docker_used_memory_mb,bwa (DA353) (911),bwa (DA353) (911),2345205,911
,,0,2023-05-13T12:43:16.328999592Z,2023-06-12T12:43:16.328999592Z,2023-06-05T10:37:54.645478718Z,3819.76,docker_used_memory_mb,bwa (DA353) (911),bwa (DA353) (911),2345205,911
,,0,2023-05-13T12:43:16.328999592Z,2023-06-12T12:43:16.328999592Z,2023-06-05T10:37:56.646331758Z,4067.51,docker_used_memory_mb,bwa (DA353) (911),bwa (DA353) (911),2345205,911
,,0,2023-05-13T12:43:16.328999592Z,2023-06-12T12:43:16.328999592Z,2023-06-05T10:37:58.646161044Z,4344.61,docker_used_memory_mb,bwa (DA353) (911),bwa (DA353) (911),2345205,911
,,0,2023-05-13T12:43:16.328999592Z,2023-06-12T12:43:16.328999592Z,2023-06-05T10:38:00.645733222Z,4482.57,docker_used_memory_mb,bwa (DA353) (911),bwa (DA353) (911),2345205,911
,,0,2023-05-13T12:43:16.328999592Z,2023-06-12T12:43:16.328999592Z,2023-06-05T10:38:02.645544087Z,4520.14,docker_used_memory_mb,bwa (DA353) (911),bwa (DA353) (911),2345205,911
,,0,2023-05-13T12:43:16.328999592Z,2023-06-12T12:43:16.328999592Z,2023-06-05T10:38:04.645755976Z,4627.29,docker_used_memory_mb,bwa (DA353) (911),bwa (DA353) (911),2345205,911
,,0,2023-05-13T12:43:16.328999592Z,2023-06-12T12:43:16.328999592Z,2023-06-05T10:38:06.645444878Z,4649.73,docker_used_memory_mb,bwa (DA353) (911),bwa (DA353) (911),2345205,911
,,0,2023-05-13T12:43:16.328999592Z,2023-06-12T12:43:16.328999592Z,2023-06-05T10:38:08.646108881Z,4665.43,docker_used_memory_mb,bwa (DA353) (911),bwa (DA353) (911),2345205,911
,,0,2023-05-13T12:43:16.328999592Z,2023-06-12T12:43:16.328999592Z,2023-06-05T10:38:10.645832074Z,4681.32,docker_used_memory_mb,bwa (DA353) (911),bwa (DA353) (911),2345205,911
,,0,2023-05-13T12:43:16.328999592Z,2023-06-12T12:43:16.328999592Z,2023-06-05T10:38:12.645925289Z,4693.38,docker_used_memory_mb,bwa (DA353) (911),bwa (DA353) (911),2345205,911
,,0,2023-05-13T12:43:16.328999592Z,2023-06-12T12:43:16.328999592Z,2023-06-05T10:38:14.645489657Z,4740.9,docker_used_memory_mb,bwa (DA353) (911),bwa (DA353) (911),2345205,911
,,0,2023-05-13T12:43:16.328999592Z,2023-06-12T12:43:16.328999592Z,2023-06-05T10:38:16.646158941Z,4759.24,docker_used_memory_mb,bwa (DA353) (911),bwa (DA353) (911),2345205,911
,,0,2023-05-13T12:43:16.328999592Z,2023-06-12T12:43:16.328999592Z,2023-06-05T10:38:18.646301218Z,4822.71,docker_used_memory_mb,bwa (DA353) (911),bwa (DA353) (911),2345205,911
,,0,2023-05-13T12:43:16.328999592Z,2023-06-12T12:43:16.328999592Z,2023-06-05T10:38:20.646012181Z,4831.89,docker_used_memory_mb,bwa (DA353) (911),bwa (DA353) (911),2345205,911
,,0,2023-05-13T12:43:16.328999592Z,2023-06-12T12:43:16.328999592Z,2023-06-05T10:38:22.645841097Z,4853.18,docker_used_memory_mb,bwa (DA353) (911),bwa (DA353) (911),2345205,911
,,0,2023-05-13T12:43:16.328999592Z,2023-06-12T12:43:16.328999592Z,2023-06-05T10:38:24.645605481Z,4853.09,docker_used_memory_mb,bwa (DA353) (911),bwa (DA353) (911),2345205,911
,,0,2023-05-13T12:43:16.328999592Z,2023-06-12T12:43:16.328999592Z,2023-06-05T10:38:26.646211333Z,4874.07,docker_used_memory_mb,bwa (DA353) (911),bwa (DA353) (911),2345205,911
,,0,2023-05-13T12:43:16.328999592Z,2023-06-12T12:43:16.328999592Z,2023-06-05T10:38:28.645909555Z,4886.71,docker_used_memory_mb,bwa (DA353) (911),bwa (DA353) (911),2345205,911
,,0,2023-05-13T12:43:16.328999592Z,2023-06-12T12:43:16.328999592Z,2023-06-05T10:38:30.64570669Z,4901.45,docker_used_memory_mb,bwa (DA353) (911),bwa (DA353) (911),2345205,911
,,0,2023-05-13T12:43:16.328999592Z,2023-06-12T12:43:16.328999592Z,2023-06-05T10:38:32.645613079Z,4922.71,docker_used_memory_mb,bwa (DA353) (911),bwa (DA353) (911),2345205,911
,,0,2023-05-13T12:43:16.328999592Z,2023-06-12T12:43:16.328999592Z,2023-06-05T10:38:34.653248668Z,4922.66,docker_used_memory_mb,bwa (DA353) (911),bwa (DA353) (911),2345205,911
,,0,2023-05-13T12:43:16.328999592Z,2023-06-12T12:43:16.328999592Z,2023-06-05T10:38:36.645701546Z,4932.64,docker_used_memory_mb,bwa (DA353) (911),bwa (DA353) (911),2345205,911
,,0,2023-05-13T12:43:16.328999592Z,2023-06-12T12:43:16.328999592Z,2023-06-05T10:38:38.645382437Z,4941.83,docker_used_memory_mb,bwa (DA353) (911),bwa (DA353) (911),2345205,911
,,0,2023-05-13T12:43:16.328999592Z,2023-06-12T12:43:16.328999592Z,2023-06-05T10:38:40.646199786Z,4949.41,docker_used_memory_mb,bwa (DA353) (911),bwa (DA353) (911),2345205,911
,,0,2023-05-13T12:43:16.328999592Z,2023-06-12T12:43:16.328999592Z,2023-06-05T10:38:42.645587278Z,4969.58,docker_used_memory_mb,bwa (DA353) (911),bwa (DA353) (911),2345205,911
,,0,2023-05-13T12:43:16.328999592Z,2023-06-12T12:43:16.328999592Z,2023-06-05T10:38:44.646718806Z,4830.36,docker_used_memory_mb,bwa (DA353) (911),bwa (DA353) (911),2345205,911
,,0,2023-05-13T12:43:16.328999592Z,2023-06-12T12:43:16.328999592Z,2023-06-05T10:38:46.645631323Z,4850.18,docker_used_memory_mb,bwa (DA353) (911),bwa (DA353) (911),2345205,911
,,0,2023-05-13T12:43:16.328999592Z,2023-06-12T12:43:16.328999592Z,2023-06-05T10:38:48.64641502Z,4855.15,docker_used_memory_mb,bwa (DA353) (911),bwa (DA353) (911),2345205,911
,,0,2023-05-13T12:43:16.328999592Z,2023-06-12T12:43:16.328999592Z,2023-06-05T10:38:50.646188485Z,4091.2,docker_used_memory_mb,bwa (DA353) (911),bwa (DA353) (911),2345205,911
,,0,2023-05-13T12:43:16.328999592Z,2023-06-12T12:43:16.328999592Z,2023-06-05T10:38:52.645863976Z,3904.73,docker_used_memory_mb,bwa (DA353) (911),bwa (DA353) (911),2345205,911
,,0,2023-05-13T12:43:16.328999592Z,2023-06-12T12:43:16.328999592Z,2023-06-05T10:38:54.645740904Z,3861.71,docker_used_memory_mb,bwa (DA353) (911),bwa (DA353) (911),2345205,911
,,0,2023-05-13T12:43:16.328999592Z,2023-06-12T12:43:16.328999592Z,2023-06-05T10:38:56.647135461Z,4142.49,docker_used_memory_mb,bwa (DA353) (911),bwa (DA353) (911),2345205,911
,,0,2023-05-13T12:43:16.328999592Z,2023-06-12T12:43:16.328999592Z,2023-06-05T10:38:58.645944035Z,4362.69,docker_used_memory_mb,bwa (DA353) (911),bwa (DA353) (911),2345205,911
,,0,2023-05-13T12:43:16.328999592Z,2023-06-12T12:43:16.328999592Z,2023-06-05T10:39:00.645785502Z,4403.43,docker_used_memory_mb,bwa (DA353) (911),bwa (DA353) (911),2345205,911
,,0,2023-05-13T12:43:16.328999592Z,2023-06-12T12:43:16.328999592Z,2023-06-05T10:39:02.645390571Z,4482.54,docker_used_memory_mb,bwa (DA353) (911),bwa (DA353) (911),2345205,911
,,0,2023-05-13T12:43:16.328999592Z,2023-06-12T12:43:16.328999592Z,2023-06-05T10:39:04.646155427Z,4506.61,docker_used_memory_mb,bwa (DA353) (911),bwa (DA353) (911),2345205,911
,,0,2023-05-13T12:43:16.328999592Z,2023-06-12T12:43:16.328999592Z,2023-06-05T10:39:06.645948343Z,4565.23,docker_used_memory_mb,bwa (DA353) (911),bwa (DA353) (911),2345205,911
,,0,2023-05-13T12:43:16.328999592Z,2023-06-12T12:43:16.328999592Z,2023-06-05T10:39:08.645705507Z,4654.71,docker_used_memory_mb,bwa (DA353) (911),bwa (DA353) (911),2345205,911
,,0,2023-05-13T12:43:16.328999592Z,2023-06-12T12:43:16.328999592Z,2023-06-05T10:39:10.645420929Z,4707.13,docker_used_memory_mb,bwa (DA353) (911),bwa (DA353) (911),2345205,911
,,0,2023-05-13T12:43:16.328999592Z,2023-06-12T12:43:16.328999592Z,2023-06-05T10:39:12.649307597Z,4719.6,docker_used_memory_mb,bwa (DA353) (911),bwa (DA353) (911),2345205,911
,,0,2023-05-13T12:43:16.328999592Z,2023-06-12T12:43:16.328999592Z,2023-06-05T10:39:14.646089485Z,4775.72,docker_used_memory_mb,bwa (DA353) (911),bwa (DA353) (911),2345205,911
,,0,2023-05-13T12:43:16.328999592Z,2023-06-12T12:43:16.328999592Z,2023-06-05T10:39:16.64927695Z,4792.67,docker_used_memory_mb,bwa (DA353) (911),bwa (DA353) (911),2345205,911
,,0,2023-05-13T12:43:16.328999592Z,2023-06-12T12:43:16.328999592Z,2023-06-05T10:39:19.646158362Z,4858.21,docker_used_memory_mb,bwa (DA353) (911),bwa (DA353) (911),2345205,911
,,0,2023-05-13T12:43:16.328999592Z,2023-06-12T12:43:16.328999592Z,2023-06-05T10:39:21.645640187Z,4867.96,docker_used_memory_mb,bwa (DA353) (911),bwa (DA353) (911),2345205,911
,,0,2023-05-13T12:43:16.328999592Z,2023-06-12T12:43:16.328999592Z,2023-06-05T10:39:23.646339601Z,4886.99,docker_used_memory_mb,bwa (DA353) (911),bwa (DA353) (911),2345205,911
,,0,2023-05-13T12:43:16.328999592Z,2023-06-12T12:43:16.328999592Z,2023-06-05T10:39:25.649437403Z,4890.71,docker_used_memory_mb,bwa (DA353) (911),bwa (DA353) (911),2345205,911
,,0,2023-05-13T12:43:16.328999592Z,2023-06-12T12:43:16.328999592Z,2023-06-05T10:39:27.646272963Z,4890.64,docker_used_memory_mb,bwa (DA353) (911),bwa (DA353) (911),2345205,911
,,0,2023-05-13T12:43:16.328999592Z,2023-06-12T12:43:16.328999592Z,2023-06-05T10:39:29.646689088Z,4891.51,docker_used_memory_mb,bwa (DA353) (911),bwa (DA353) (911),2345205,911
,,0,2023-05-13T12:43:16.328999592Z,2023-06-12T12:43:16.328999592Z,2023-06-05T10:39:31.645626886Z,4901.39,docker_used_memory_mb,bwa (DA353) (911),bwa (DA353) (911),2345205,911
,,0,2023-05-13T12:43:16.328999592Z,2023-06-12T12:43:16.328999592Z,2023-06-05T10:39:33.646352651Z,4901.64,docker_used_memory_mb,bwa (DA353) (911),bwa (DA353) (911),2345205,911
,,0,2023-05-13T12:43:16.328999592Z,2023-06-12T12:43:16.328999592Z,2023-06-05T10:39:35.646018643Z,4904.05,docker_used_memory_mb,bwa (DA353) (911),bwa (DA353) (911),2345205,911
,,0,2023-05-13T12:43:16.328999592Z,2023-06-12T12:43:16.328999592Z,2023-06-05T10:39:37.645585951Z,4904.12,docker_used_memory_mb,bwa (DA353) (911),bwa (DA353) (911),2345205,911
,,0,2023-05-13T12:43:16.328999592Z,2023-06-12T12:43:16.328999592Z,2023-06-05T10:39:39.646256434Z,4557.98,docker_used_memory_mb,bwa (DA353) (911),bwa (DA353) (911),2345205,911
,,0,2023-05-13T12:43:16.328999592Z,2023-06-12T12:43:16.328999592Z,2023-06-05T10:39:41.646152483Z,4418.84,docker_used_memory_mb,bwa (DA353) (911),bwa (DA353) (911),2345205,911
,,0,2023-05-13T12:43:16.328999592Z,2023-06-12T12:43:16.328999592Z,2023-06-05T10:39:43.645911827Z,4290.45,docker_used_memory_mb,bwa (DA353) (911),bwa (DA353) (911),2345205,911
,,0,2023-05-13T12:43:16.328999592Z,2023-06-12T12:43:16.328999592Z,2023-06-05T10:39:45.645585298Z,3595.71,docker_used_memory_mb,bwa (DA353) (911),bwa (DA353) (911),2345205,911
,,0,2023-05-13T12:43:16.328999592Z,2023-06-12T12:43:16.328999592Z,2023-06-05T10:39:47.64652263Z,3980.76,docker_used_memory_mb,bwa (DA353) (911),bwa (DA353) (911),2345205,911
,,0,2023-05-13T12:43:16.328999592Z,2023-06-12T12:43:16.328999592Z,2023-06-05T10:39:49.64613571Z,4272.09,docker_used_memory_mb,bwa (DA353) (911),bwa (DA353) (911),2345205,911
,,0,2023-05-13T12:43:16.328999592Z,2023-06-12T12:43:16.328999592Z,2023-06-05T10:39:51.646026858Z,4464.25,docker_used_memory_mb,bwa (DA353) (911),bwa (DA353) (911),2345205,911
,,0,2023-05-13T12:43:16.328999592Z,2023-06-12T12:43:16.328999592Z,2023-06-05T10:39:53.651622061Z,4482.53,docker_used_memory_mb,bwa (DA353) (911),bwa (DA353) (911),2345205,911
,,0,2023-05-13T12:43:16.328999592Z,2023-06-12T12:43:16.328999592Z,2023-06-05T10:39:55.646180497Z,4509.31,docker_used_memory_mb,bwa (DA353) (911),bwa (DA353) (911),2345205,911
,,0,2023-05-13T12:43:16.328999592Z,2023-06-12T12:43:16.328999592Z,2023-06-05T10:39:57.646015124Z,4574.77,docker_used_memory_mb,bwa (DA353) (911),bwa (DA353) (911),2345205,911
,,0,2023-05-13T12:43:16.328999592Z,2023-06-12T12:43:16.328999592Z,2023-06-05T10:39:59.647614168Z,4628.77,docker_used_memory_mb,bwa (DA353) (911),bwa (DA353) (911),2345205,911
,,0,2023-05-13T12:43:16.328999592Z,2023-06-12T12:43:16.328999592Z,2023-06-05T10:40:01.645731599Z,4692.66,docker_used_memory_mb,bwa (DA353) (911),bwa (DA353) (911),2345205,911
,,0,2023-05-13T12:43:16.328999592Z,2023-06-12T12:43:16.328999592Z,2023-06-05T10:40:03.653191002Z,4729.12,docker_used_memory_mb,bwa (DA353) (911),bwa (DA353) (911),2345205,911
,,0,2023-05-13T12:43:16.328999592Z,2023-06-12T12:43:16.328999592Z,2023-06-05T10:40:05.646015792Z,4794.83,docker_used_memory_mb,bwa (DA353) (911),bwa (DA353) (911),2345205,911
,,0,2023-05-13T12:43:16.328999592Z,2023-06-12T12:43:16.328999592Z,2023-06-05T10:40:07.6455886Z,4824.79,docker_used_memory_mb,bwa (DA353) (911),bwa (DA353) (911),2345205,911
,,0,2023-05-13T12:43:16.328999592Z,2023-06-12T12:43:16.328999592Z,2023-06-05T10:40:09.646498251Z,4838.04,docker_used_memory_mb,bwa (DA353) (911),bwa (DA353) (911),2345205,911
,,0,2023-05-13T12:43:16.328999592Z,2023-06-12T12:43:16.328999592Z,2023-06-05T10:40:11.646199383Z,4839.18,docker_used_memory_mb,bwa (DA353) (911),bwa (DA353) (911),2345205,911
,,0,2023-05-13T12:43:16.328999592Z,2023-06-12T12:43:16.328999592Z,2023-06-05T10:40:13.646054711Z,4845,docker_used_memory_mb,bwa (DA353) (911),bwa (DA353) (911),2345205,911
,,0,2023-05-13T12:43:16.328999592Z,2023-06-12T12:43:16.328999592Z,2023-06-05T10:40:15.645588197Z,4847.58,docker_used_memory_mb,bwa (DA353) (911),bwa (DA353) (911),2345205,911
,,0,2023-05-13T12:43:16.328999592Z,2023-06-12T12:43:16.328999592Z,2023-06-05T10:40:17.645550438Z,4848.23,docker_used_memory_mb,bwa (DA353) (911),bwa (DA353) (911),2345205,911
,,0,2023-05-13T12:43:16.328999592Z,2023-06-12T12:43:16.328999592Z,2023-06-05T10:40:19.645559Z,4853.51,docker_used_memory_mb,bwa (DA353) (911),bwa (DA353) (911),2345205,911
,,0,2023-05-13T12:43:16.328999592Z,2023-06-12T12:43:16.328999592Z,2023-06-05T10:40:21.646623407Z,4869.17,docker_used_memory_mb,bwa (DA353) (911),bwa (DA353) (911),2345205,911
,,0,2023-05-13T12:43:16.328999592Z,2023-06-12T12:43:16.328999592Z,2023-06-05T10:40:23.646225406Z,4874.65,docker_used_memory_mb,bwa (DA353) (911),bwa (DA353) (911),2345205,911
,,0,2023-05-13T12:43:16.328999592Z,2023-06-12T12:43:16.328999592Z,2023-06-05T10:40:25.645887176Z,4883.21,docker_used_memory_mb,bwa (DA353) (911),bwa (DA353) (911),2345205,911
,,0,2023-05-13T12:43:16.328999592Z,2023-06-12T12:43:16.328999592Z,2023-06-05T10:40:27.64561583Z,4914.5,docker_used_memory_mb,bwa (DA353) (911),bwa (DA353) (911),2345205,911
,,0,2023-05-13T12:43:16.328999592Z,2023-06-12T12:43:16.328999592Z,2023-06-05T10:40:29.64649772Z,4923.64,docker_used_memory_mb,bwa (DA353) (911),bwa (DA353) (911),2345205,911
,,0,2023-05-13T12:43:16.328999592Z,2023-06-12T12:43:16.328999592Z,2023-06-05T10:40:31.64613583Z,4961.68,docker_used_memory_mb,bwa (DA353) (911),bwa (DA353) (911),2345205,911
,,0,2023-05-13T12:43:16.328999592Z,2023-06-12T12:43:16.328999592Z,2023-06-05T10:40:33.645906095Z,4769.73,docker_used_memory_mb,bwa (DA353) (911),bwa (DA353) (911),2345205,911
,,0,2023-05-13T12:43:16.328999592Z,2023-06-12T12:43:16.328999592Z,2023-06-05T10:40:35.645667689Z,4422.77,docker_used_memory_mb,bwa (DA353) (911),bwa (DA353) (911),2345205,911
,,0,2023-05-13T12:43:16.328999592Z,2023-06-12T12:43:16.328999592Z,2023-06-05T10:40:37.645431493Z,4137.12,docker_used_memory_mb,bwa (DA353) (911),bwa (DA353) (911),2345205,911
,,0,2023-05-13T12:43:16.328999592Z,2023-06-12T12:43:16.328999592Z,2023-06-05T10:40:39.646171809Z,3719.88,docker_used_memory_mb,bwa (DA353) (911),bwa (DA353) (911),2345205,911
,,0,2023-05-13T12:43:16.328999592Z,2023-06-12T12:43:16.328999592Z,2023-06-05T10:40:41.646010766Z,3720.05,docker_used_memory_mb,bwa (DA353) (911),bwa (DA353) (911),2345205,911
,,0,2023-05-13T12:43:16.328999592Z,2023-06-12T12:43:16.328999592Z,2023-06-05T10:40:43.649278894Z,3967.76,docker_used_memory_mb,bwa (DA353) (911),bwa (DA353) (911),2345205,911
,,0,2023-05-13T12:43:16.328999592Z,2023-06-12T12:43:16.328999592Z,2023-06-05T10:40:45.649530024Z,4143.01,docker_used_memory_mb,bwa (DA353) (911),bwa (DA353) (911),2345205,911
,,0,2023-05-13T12:43:16.328999592Z,2023-06-12T12:43:16.328999592Z,2023-06-05T10:40:47.646288681Z,4283.34,docker_used_memory_mb,bwa (DA353) (911),bwa (DA353) (911),2345205,911
,,0,2023-05-13T12:43:16.328999592Z,2023-06-12T12:43:16.328999592Z,2023-06-05T10:40:49.649436885Z,4462.62,docker_used_memory_mb,bwa (DA353) (911),bwa (DA353) (911),2345205,911
,,0,2023-05-13T12:43:16.328999592Z,2023-06-12T12:43:16.328999592Z,2023-06-05T10:40:51.645790749Z,4529.65,docker_used_memory_mb,bwa (DA353) (911),bwa (DA353) (911),2345205,911
,,0,2023-05-13T12:43:16.328999592Z,2023-06-12T12:43:16.328999592Z,2023-06-05T10:40:54.645646777Z,4606.15,docker_used_memory_mb,bwa (DA353) (911),bwa (DA353) (911),2345205,911
,,0,2023-05-13T12:43:16.328999592Z,2023-06-12T12:43:16.328999592Z,2023-06-05T10:40:56.646412614Z,4654.37,docker_used_memory_mb,bwa (DA353) (911),bwa (DA353) (911),2345205,911
,,0,2023-05-13T12:43:16.328999592Z,2023-06-12T12:43:16.328999592Z,2023-06-05T10:40:58.645532657Z,4763.43,docker_used_memory_mb,bwa (DA353) (911),bwa (DA353) (911),2345205,911
,,0,2023-05-13T12:43:16.328999592Z,2023-06-12T12:43:16.328999592Z,2023-06-05T10:41:00.646321465Z,4802.62,docker_used_memory_mb,bwa (DA353) (911),bwa (DA353) (911),2345205,911
,,0,2023-05-13T12:43:16.328999592Z,2023-06-12T12:43:16.328999592Z,2023-06-05T10:41:02.64609834Z,4827.96,docker_used_memory_mb,bwa (DA353) (911),bwa (DA353) (911),2345205,911
,,0,2023-05-13T12:43:16.328999592Z,2023-06-12T12:43:16.328999592Z,2023-06-05T10:41:04.645848954Z,4837.9,docker_used_memory_mb,bwa (DA353) (911),bwa (DA353) (911),2345205,911
,,0,2023-05-13T12:43:16.328999592Z,2023-06-12T12:43:16.328999592Z,2023-06-05T10:41:06.645530685Z,4861.43,docker_used_memory_mb,bwa (DA353) (911),bwa (DA353) (911),2345205,911
,,0,2023-05-13T12:43:16.328999592Z,2023-06-12T12:43:16.328999592Z,2023-06-05T10:41:08.64623381Z,4861.41,docker_used_memory_mb,bwa (DA353) (911),bwa (DA353) (911),2345205,911
,,0,2023-05-13T12:43:16.328999592Z,2023-06-12T12:43:16.328999592Z,2023-06-05T10:41:10.657275229Z,4861.52,docker_used_memory_mb,bwa (DA353) (911),bwa (DA353) (911),2345205,911
,,0,2023-05-13T12:43:16.328999592Z,2023-06-12T12:43:16.328999592Z,2023-06-05T10:41:13.646058519Z,4881.48,docker_used_memory_mb,bwa (DA353) (911),bwa (DA353) (911),2345205,911
,,0,2023-05-13T12:43:16.328999592Z,2023-06-12T12:43:16.328999592Z,2023-06-05T10:41:15.64571666Z,4905.21,docker_used_memory_mb,bwa (DA353) (911),bwa (DA353) (911),2345205,911
,,0,2023-05-13T12:43:16.328999592Z,2023-06-12T12:43:16.328999592Z,2023-06-05T10:41:17.645587118Z,4913.46,docker_used_memory_mb,bwa (DA353) (911),bwa (DA353) (911),2345205,911
,,0,2023-05-13T12:43:16.328999592Z,2023-06-12T12:43:16.328999592Z,2023-06-05T10:41:19.646329994Z,4921.96,docker_used_memory_mb,bwa (DA353) (911),bwa (DA353) (911),2345205,911
,,0,2023-05-13T12:43:16.328999592Z,2023-06-12T12:43:16.328999592Z,2023-06-05T10:41:21.646085918Z,4928.69,docker_used_memory_mb,bwa (DA353) (911),bwa (DA353) (911),2345205,911
,,0,2023-05-13T12:43:16.328999592Z,2023-06-12T12:43:16.328999592Z,2023-06-05T10:41:23.645857043Z,4931.02,docker_used_memory_mb,bwa (DA353) (911),bwa (DA353) (911),2345205,911
,,0,2023-05-13T12:43:16.328999592Z,2023-06-12T12:43:16.328999592Z,2023-06-05T10:41:25.645682219Z,4943.77,docker_used_memory_mb,bwa (DA353) (911),bwa (DA353) (911),2345205,911
,,0,2023-05-13T12:43:16.328999592Z,2023-06-12T12:43:16.328999592Z,2023-06-05T10:41:27.645635909Z,4755.63,docker_used_memory_mb,bwa (DA353) (911),bwa (DA353) (911),2345205,911
,,0,2023-05-13T12:43:16.328999592Z,2023-06-12T12:43:16.328999592Z,2023-06-05T10:41:29.645441195Z,4107.28,docker_used_memory_mb,bwa (DA353) (911),bwa (DA353) (911),2345205,911
,,0,2023-05-13T12:43:16.328999592Z,2023-06-12T12:43:16.328999592Z,2023-06-05T10:41:31.646136839Z,3913.15,docker_used_memory_mb,bwa (DA353) (911),bwa (DA353) (911),2345205,911
,,0,2023-05-13T12:43:16.328999592Z,2023-06-12T12:43:16.328999592Z,2023-06-05T10:41:33.645743039Z,3287.04,docker_used_memory_mb,bwa (DA353) (911),bwa (DA353) (911),2345205,911
,,0,2023-05-13T12:43:16.328999592Z,2023-06-12T12:43:16.328999592Z,2023-06-05T10:41:35.645556854Z,3959.86,docker_used_memory_mb,bwa (DA353) (911),bwa (DA353) (911),2345205,911
,,0,2023-05-13T12:43:16.328999592Z,2023-06-12T12:43:16.328999592Z,2023-06-05T10:41:37.646240239Z,4293.36,docker_used_memory_mb,bwa (DA353) (911),bwa (DA353) (911),2345205,911
,,0,2023-05-13T12:43:16.328999592Z,2023-06-12T12:43:16.328999592Z,2023-06-05T10:41:39.646025814Z,4459.78,docker_used_memory_mb,bwa (DA353) (911),bwa (DA353) (911),2345205,911
,,0,2023-05-13T12:43:16.328999592Z,2023-06-12T12:43:16.328999592Z,2023-06-05T10:41:41.645776068Z,4521.82,docker_used_memory_mb,bwa (DA353) (911),bwa (DA353) (911),2345205,911
,,0,2023-05-13T12:43:16.328999592Z,2023-06-12T12:43:16.328999592Z,2023-06-05T10:41:43.645447479Z,4581.88,docker_used_memory_mb,bwa (DA353) (911),bwa (DA353) (911),2345205,911
,,0,2023-05-13T12:43:16.328999592Z,2023-06-12T12:43:16.328999592Z,2023-06-05T10:41:45.646243547Z,4666.11,docker_used_memory_mb,bwa (DA353) (911),bwa (DA353) (911),2345205,911
,,0,2023-05-13T12:43:16.328999592Z,2023-06-12T12:43:16.328999592Z,2023-06-05T10:41:47.645914858Z,4690.78,docker_used_memory_mb,bwa (DA353) (911),bwa (DA353) (911),2345205,911
,,0,2023-05-13T12:43:16.328999592Z,2023-06-12T12:43:16.328999592Z,2023-06-05T10:41:49.645701293Z,4706.83,docker_used_memory_mb,bwa (DA353) (911),bwa (DA353) (911),2345205,911
,,0,2023-05-13T12:43:16.328999592Z,2023-06-12T12:43:16.328999592Z,2023-06-05T10:41:51.645447307Z,4721.2,docker_used_memory_mb,bwa (DA353) (911),bwa (DA353) (911),2345205,911
,,0,2023-05-13T12:43:16.328999592Z,2023-06-12T12:43:16.328999592Z,2023-06-05T10:41:53.646384839Z,4776.94,docker_used_memory_mb,bwa (DA353) (911),bwa (DA353) (911),2345205,911
,,0,2023-05-13T12:43:16.328999592Z,2023-06-12T12:43:16.328999592Z,2023-06-05T10:41:55.645953997Z,4812.89,docker_used_memory_mb,bwa (DA353) (911),bwa (DA353) (911),2345205,911
,,0,2023-05-13T12:43:16.328999592Z,2023-06-12T12:43:16.328999592Z,2023-06-05T10:41:57.645738302Z,4841.73,docker_used_memory_mb,bwa (DA353) (911),bwa (DA353) (911),2345205,911
,,0,2023-05-13T12:43:16.328999592Z,2023-06-12T12:43:16.328999592Z,2023-06-05T10:41:59.646416126Z,4860.54,docker_used_memory_mb,bwa (DA353) (911),bwa (DA353) (911),2345205,911
,,0,2023-05-13T12:43:16.328999592Z,2023-06-12T12:43:16.328999592Z,2023-06-05T10:42:01.646218352Z,4869.16,docker_used_memory_mb,bwa (DA353) (911),bwa (DA353) (911),2345205,911
,,0,2023-05-13T12:43:16.328999592Z,2023-06-12T12:43:16.328999592Z,2023-06-05T10:42:03.645867803Z,4882.6,docker_used_memory_mb,bwa (DA353) (911),bwa (DA353) (911),2345205,911
,,0,2023-05-13T12:43:16.328999592Z,2023-06-12T12:43:16.328999592Z,2023-06-05T10:42:05.645910496Z,4890.72,docker_used_memory_mb,bwa (DA353) (911),bwa (DA353) (911),2345205,911
,,0,2023-05-13T12:43:16.328999592Z,2023-06-12T12:43:16.328999592Z,2023-06-05T10:42:07.645705311Z,4891.31,docker_used_memory_mb,bwa (DA353) (911),bwa (DA353) (911),2345205,911
,,0,2023-05-13T12:43:16.328999592Z,2023-06-12T12:43:16.328999592Z,2023-06-05T10:42:09.646408196Z,4898.15,docker_used_memory_mb,bwa (DA353) (911),bwa (DA353) (911),2345205,911
,,0,2023-05-13T12:43:16.328999592Z,2023-06-12T12:43:16.328999592Z,2023-06-05T10:42:11.646127209Z,4926.42,docker_used_memory_mb,bwa (DA353) (911),bwa (DA353) (911),2345205,911
,,0,2023-05-13T12:43:16.328999592Z,2023-06-12T12:43:16.328999592Z,2023-06-05T10:42:13.646058399Z,4948.01,docker_used_memory_mb,bwa (DA353) (911),bwa (DA353) (911),2345205,911
,,0,2023-05-13T12:43:16.328999592Z,2023-06-12T12:43:16.328999592Z,2023-06-05T10:42:15.645609076Z,4948.01,docker_used_memory_mb,bwa (DA353) (911),bwa (DA353) (911),2345205,911
,,0,2023-05-13T12:43:16.328999592Z,2023-06-12T12:43:16.328999592Z,2023-06-05T10:42:17.646366933Z,4951.56,docker_used_memory_mb,bwa (DA353) (911),bwa (DA353) (911),2345205,911
,,0,2023-05-13T12:43:16.328999592Z,2023-06-12T12:43:16.328999592Z,2023-06-05T10:42:19.646054445Z,4486.14,docker_used_memory_mb,bwa (DA353) (911),bwa (DA353) (911),2345205,911
,,0,2023-05-13T12:43:16.328999592Z,2023-06-12T12:43:16.328999592Z,2023-06-05T10:42:21.645926042Z,4296.58,docker_used_memory_mb,bwa (DA353) (911),bwa (DA353) (911),2345205,911
,,0,2023-05-13T12:43:16.328999592Z,2023-06-12T12:43:16.328999592Z,2023-06-05T10:42:23.645568893Z,3793.25,docker_used_memory_mb,bwa (DA353) (911),bwa (DA353) (911),2345205,911
,,0,2023-05-13T12:43:16.328999592Z,2023-06-12T12:43:16.328999592Z,2023-06-05T10:42:25.649219673Z,3590.08,docker_used_memory_mb,bwa (DA353) (911),bwa (DA353) (911),2345205,911
,,0,2023-05-13T12:43:16.328999592Z,2023-06-12T12:43:16.328999592Z,2023-06-05T10:42:27.648029956Z,4163.2,docker_used_memory_mb,bwa (DA353) (911),bwa (DA353) (911),2345205,911
,,0,2023-05-13T12:43:16.328999592Z,2023-06-12T12:43:16.328999592Z,2023-06-05T10:42:30.645985303Z,4309.24,docker_used_memory_mb,bwa (DA353) (911),bwa (DA353) (911),2345205,911
,,0,2023-05-13T12:43:16.328999592Z,2023-06-12T12:43:16.328999592Z,2023-06-05T10:42:32.645696616Z,4437.18,docker_used_memory_mb,bwa (DA353) (911),bwa (DA353) (911),2345205,911
,,0,2023-05-13T12:43:16.328999592Z,2023-06-12T12:43:16.328999592Z,2023-06-05T10:42:34.646250215Z,4476.79,docker_used_memory_mb,bwa (DA353) (911),bwa (DA353) (911),2345205,911
,,0,2023-05-13T12:43:16.328999592Z,2023-06-12T12:43:16.328999592Z,2023-06-05T10:42:36.646252867Z,4513.42,docker_used_memory_mb,bwa (DA353) (911),bwa (DA353) (911),2345205,911
,,0,2023-05-13T12:43:16.328999592Z,2023-06-12T12:43:16.328999592Z,2023-06-05T10:42:38.645929609Z,4554.38,docker_used_memory_mb,bwa (DA353) (911),bwa (DA353) (911),2345205,911
,,0,2023-05-13T12:43:16.328999592Z,2023-06-12T12:43:16.328999592Z,2023-06-05T10:42:40.649060832Z,4643.75,docker_used_memory_mb,bwa (DA353) (911),bwa (DA353) (911),2345205,911
,,0,2023-05-13T12:43:16.328999592Z,2023-06-12T12:43:16.328999592Z,2023-06-05T10:42:42.645674795Z,4674.42,docker_used_memory_mb,bwa (DA353) (911),bwa (DA353) (911),2345205,911
,,0,2023-05-13T12:43:16.328999592Z,2023-06-12T12:43:16.328999592Z,2023-06-05T10:42:44.65720868Z,4706.25,docker_used_memory_mb,bwa (DA353) (911),bwa (DA353) (911),2345205,911
,,0,2023-05-13T12:43:16.328999592Z,2023-06-12T12:43:16.328999592Z,2023-06-05T10:42:46.645669589Z,4757.85,docker_used_memory_mb,bwa (DA353) (911),bwa (DA353) (911),2345205,911
,,0,2023-05-13T12:43:16.328999592Z,2023-06-12T12:43:16.328999592Z,2023-06-05T10:42:48.646523268Z,4826.86,docker_used_memory_mb,bwa (DA353) (911),bwa (DA353) (911),2345205,911
,,0,2023-05-13T12:43:16.328999592Z,2023-06-12T12:43:16.328999592Z,2023-06-05T10:42:50.646269592Z,4837.21,docker_used_memory_mb,bwa (DA353) (911),bwa (DA353) (911),2345205,911
,,0,2023-05-13T12:43:16.328999592Z,2023-06-12T12:43:16.328999592Z,2023-06-05T10:42:52.646360317Z,4840.31,docker_used_memory_mb,bwa (DA353) (911),bwa (DA353) (911),2345205,911
,,0,2023-05-13T12:43:16.328999592Z,2023-06-12T12:43:16.328999592Z,2023-06-05T10:42:54.646119091Z,4842.06,docker_used_memory_mb,bwa (DA353) (911),bwa (DA353) (911),2345205,911
,,0,2023-05-13T12:43:16.328999592Z,2023-06-12T12:43:16.328999592Z,2023-06-05T10:42:56.645811333Z,4853.09,docker_used_memory_mb,bwa (DA353) (911),bwa (DA353) (911),2345205,911
,,0,2023-05-13T12:43:16.328999592Z,2023-06-12T12:43:16.328999592Z,2023-06-05T10:42:58.645550277Z,4877.14,docker_used_memory_mb,bwa (DA353) (911),bwa (DA353) (911),2345205,911
,,0,2023-05-13T12:43:16.328999592Z,2023-06-12T12:43:16.328999592Z,2023-06-05T10:43:00.646697786Z,4886.7,docker_used_memory_mb,bwa (DA353) (911),bwa (DA353) (911),2345205,911
,,0,2023-05-13T12:43:16.328999592Z,2023-06-12T12:43:16.328999592Z,2023-06-05T10:43:02.646205942Z,4896.11,docker_used_memory_mb,bwa (DA353) (911),bwa (DA353) (911),2345205,911
,,0,2023-05-13T12:43:16.328999592Z,2023-06-12T12:43:16.328999592Z,2023-06-05T10:43:04.645997627Z,4902.18,docker_used_memory_mb,bwa (DA353) (911),bwa (DA353) (911),2345205,911
,,0,2023-05-13T12:43:16.328999592Z,2023-06-12T12:43:16.328999592Z,2023-06-05T10:43:06.645511044Z,4902.22,docker_used_memory_mb,bwa (DA353) (911),bwa (DA353) (911),2345205,911
,,0,2023-05-13T12:43:16.328999592Z,2023-06-12T12:43:16.328999592Z,2023-06-05T10:43:08.646335622Z,4909.51,docker_used_memory_mb,bwa (DA353) (911),bwa (DA353) (911),2345205,911
,,0,2023-05-13T12:43:16.328999592Z,2023-06-12T12:43:16.328999592Z,2023-06-05T10:43:10.646088036Z,4918.63,docker_used_memory_mb,bwa (DA353) (911),bwa (DA353) (911),2345205,911
,,0,2023-05-13T12:43:16.328999592Z,2023-06-12T12:43:16.328999592Z,2023-06-05T10:43:12.64736282Z,4925.45,docker_used_memory_mb,bwa (DA353) (911),bwa (DA353) (911),2345205,911
,,0,2023-05-13T12:43:16.328999592Z,2023-06-12T12:43:16.328999592Z,2023-06-05T10:43:14.64607545Z,4926.88,docker_used_memory_mb,bwa (DA353) (911),bwa (DA353) (911),2345205,911
,,0,2023-05-13T12:43:16.328999592Z,2023-06-12T12:43:16.328999592Z,2023-06-05T10:43:16.645839574Z,4390.96,docker_used_memory_mb,bwa (DA353) (911),bwa (DA353) (911),2345205,911
,,0,2023-05-13T12:43:16.328999592Z,2023-06-12T12:43:16.328999592Z,2023-06-05T10:43:18.645587298Z,3927.11,docker_used_memory_mb,bwa (DA353) (911),bwa (DA353) (911),2345205,911
,,0,2023-05-13T12:43:16.328999592Z,2023-06-12T12:43:16.328999592Z,2023-06-05T10:43:20.646257772Z,3755.44,docker_used_memory_mb,bwa (DA353) (911),bwa (DA353) (911),2345205,911
,,0,2023-05-13T12:43:16.328999592Z,2023-06-12T12:43:16.328999592Z,2023-06-05T10:43:22.649048654Z,3755.44,docker_used_memory_mb,bwa (DA353) (911),bwa (DA353) (911),2345205,911
,,0,2023-05-13T12:43:16.328999592Z,2023-06-12T12:43:16.328999592Z,2023-06-05T10:43:24.645678117Z,3748.25,docker_used_memory_mb,bwa (DA353) (911),bwa (DA353) (911),2345205,911
,,0,2023-05-13T12:43:16.328999592Z,2023-06-12T12:43:16.328999592Z,2023-06-05T10:43:26.646390222Z,4189.66,docker_used_memory_mb,bwa (DA353) (911),bwa (DA353) (911),2345205,911
,,0,2023-05-13T12:43:16.328999592Z,2023-06-12T12:43:16.328999592Z,2023-06-05T10:43:28.645663551Z,4376.21,docker_used_memory_mb,bwa (DA353) (911),bwa (DA353) (911),2345205,911
,,0,2023-05-13T12:43:16.328999592Z,2023-06-12T12:43:16.328999592Z,2023-06-05T10:43:30.645590941Z,4480.06,docker_used_memory_mb,bwa (DA353) (911),bwa (DA353) (911),2345205,911
,,0,2023-05-13T12:43:16.328999592Z,2023-06-12T12:43:16.328999592Z,2023-06-05T10:43:32.649011913Z,4545.99,docker_used_memory_mb,bwa (DA353) (911),bwa (DA353) (911),2345205,911
,,0,2023-05-13T12:43:16.328999592Z,2023-06-12T12:43:16.328999592Z,2023-06-05T10:43:34.645824602Z,4575.51,docker_used_memory_mb,bwa (DA353) (911),bwa (DA353) (911),2345205,911
,,0,2023-05-13T12:43:16.328999592Z,2023-06-12T12:43:16.328999592Z,2023-06-05T10:43:36.645471813Z,4595.33,docker_used_memory_mb,bwa (DA353) (911),bwa (DA353) (911),2345205,911
,,0,2023-05-13T12:43:16.328999592Z,2023-06-12T12:43:16.328999592Z,2023-06-05T10:43:38.646240589Z,4702.13,docker_used_memory_mb,bwa (DA353) (911),bwa (DA353) (911),2345205,911
,,0,2023-05-13T12:43:16.328999592Z,2023-06-12T12:43:16.328999592Z,2023-06-05T10:43:40.645607691Z,4749.17,docker_used_memory_mb,bwa (DA353) (911),bwa (DA353) (911),2345205,911
,,0,2023-05-13T12:43:16.328999592Z,2023-06-12T12:43:16.328999592Z,2023-06-05T10:43:42.646321726Z,4764,docker_used_memory_mb,bwa (DA353) (911),bwa (DA353) (911),2345205,911
,,0,2023-05-13T12:43:16.328999592Z,2023-06-12T12:43:16.328999592Z,2023-06-05T10:43:44.646156543Z,4789.78,docker_used_memory_mb,bwa (DA353) (911),bwa (DA353) (911),2345205,911
,,0,2023-05-13T12:43:16.328999592Z,2023-06-12T12:43:16.328999592Z,2023-06-05T10:43:46.645940478Z,4797.72,docker_used_memory_mb,bwa (DA353) (911),bwa (DA353) (911),2345205,911
,,0,2023-05-13T12:43:16.328999592Z,2023-06-12T12:43:16.328999592Z,2023-06-05T10:43:48.645647281Z,4800.24,docker_used_memory_mb,bwa (DA353) (911),bwa (DA353) (911),2345205,911
,,0,2023-05-13T12:43:16.328999592Z,2023-06-12T12:43:16.328999592Z,2023-06-05T10:43:50.646473099Z,4826.36,docker_used_memory_mb,bwa (DA353) (911),bwa (DA353) (911),2345205,911
,,0,2023-05-13T12:43:16.328999592Z,2023-06-12T12:43:16.328999592Z,2023-06-05T10:43:52.646189602Z,4833.62,docker_used_memory_mb,bwa (DA353) (911),bwa (DA353) (911),2345205,911
,,0,2023-05-13T12:43:16.328999592Z,2023-06-12T12:43:16.328999592Z,2023-06-05T10:43:54.645824762Z,4833.54,docker_used_memory_mb,bwa (DA353) (911),bwa (DA353) (911),2345205,911
,,0,2023-05-13T12:43:16.328999592Z,2023-06-12T12:43:16.328999592Z,2023-06-05T10:43:56.645641319Z,4846.18,docker_used_memory_mb,bwa (DA353) (911),bwa (DA353) (911),2345205,911
,,0,2023-05-13T12:43:16.328999592Z,2023-06-12T12:43:16.328999592Z,2023-06-05T10:43:58.646305592Z,4870.82,docker_used_memory_mb,bwa (DA353) (911),bwa (DA353) (911),2345205,911
,,0,2023-05-13T12:43:16.328999592Z,2023-06-12T12:43:16.328999592Z,2023-06-05T10:44:00.649206638Z,4877.82,docker_used_memory_mb,bwa (DA353) (911),bwa (DA353) (911),2345205,911
,,0,2023-05-13T12:43:16.328999592Z,2023-06-12T12:43:16.328999592Z,2023-06-05T10:44:02.649281562Z,4896.3,docker_used_memory_mb,bwa (DA353) (911),bwa (DA353) (911),2345205,911
,,0,2023-05-13T12:43:16.328999592Z,2023-06-12T12:43:16.328999592Z,2023-06-05T10:44:05.646140034Z,4908.36,docker_used_memory_mb,bwa (DA353) (911),bwa (DA353) (911),2345205,911
,,0,2023-05-13T12:43:16.328999592Z,2023-06-12T12:43:16.328999592Z,2023-06-05T10:44:07.645694141Z,4909.35,docker_used_memory_mb,bwa (DA353) (911),bwa (DA353) (911),2345205,911
,,0,2023-05-13T12:43:16.328999592Z,2023-06-12T12:43:16.328999592Z,2023-06-05T10:44:09.646308563Z,4655.82,docker_used_memory_mb,bwa (DA353) (911),bwa (DA353) (911),2345205,911
,,0,2023-05-13T12:43:16.328999592Z,2023-06-12T12:43:16.328999592Z,2023-06-05T10:44:11.64614638Z,4150.56,docker_used_memory_mb,bwa (DA353) (911),bwa (DA353) (911),2345205,911
,,0,2023-05-13T12:43:16.328999592Z,2023-06-12T12:43:16.328999592Z,2023-06-05T10:44:13.645719538Z,3810.56,docker_used_memory_mb,bwa (DA353) (911),bwa (DA353) (911),2345205,911
,,0,2023-05-13T12:43:16.328999592Z,2023-06-12T12:43:16.328999592Z,2023-06-05T10:44:15.653190542Z,3991.03,docker_used_memory_mb,bwa (DA353) (911),bwa (DA353) (911),2345205,911
,,0,2023-05-13T12:43:16.328999592Z,2023-06-12T12:43:16.328999592Z,2023-06-05T10:44:17.64595842Z,4276.86,docker_used_memory_mb,bwa (DA353) (911),bwa (DA353) (911),2345205,911
,,0,2023-05-13T12:43:16.328999592Z,2023-06-12T12:43:16.328999592Z,2023-06-05T10:44:19.645811717Z,4431.45,docker_used_memory_mb,bwa (DA353) (911),bwa (DA353) (911),2345205,911
,,0,2023-05-13T12:43:16.328999592Z,2023-06-12T12:43:16.328999592Z,2023-06-05T10:44:21.645566122Z,4491.4,docker_used_memory_mb,bwa (DA353) (911),bwa (DA353) (911),2345205,911
,,0,2023-05-13T12:43:16.328999592Z,2023-06-12T12:43:16.328999592Z,2023-06-05T10:44:23.645538243Z,4542.26,docker_used_memory_mb,bwa (DA353) (911),bwa (DA353) (911),2345205,911
,,0,2023-05-13T12:43:16.328999592Z,2023-06-12T12:43:16.328999592Z,2023-06-05T10:44:25.649454241Z,4556.02,docker_used_memory_mb,bwa (DA353) (911),bwa (DA353) (911),2345205,911
,,0,2023-05-13T12:43:16.328999592Z,2023-06-12T12:43:16.328999592Z,2023-06-05T10:44:27.646046933Z,4631.89,docker_used_memory_mb,bwa (DA353) (911),bwa (DA353) (911),2345205,911
,,0,2023-05-13T12:43:16.328999592Z,2023-06-12T12:43:16.328999592Z,2023-06-05T10:44:29.649095824Z,4657.93,docker_used_memory_mb,bwa (DA353) (911),bwa (DA353) (911),2345205,911
,,0,2023-05-13T12:43:16.328999592Z,2023-06-12T12:43:16.328999592Z,2023-06-05T10:44:31.645569482Z,4684.8,docker_used_memory_mb,bwa (DA353) (911),bwa (DA353) (911),2345205,911
,,0,2023-05-13T12:43:16.328999592Z,2023-06-12T12:43:16.328999592Z,2023-06-05T10:44:33.646207615Z,4729.46,docker_used_memory_mb,bwa (DA353) (911),bwa (DA353) (911),2345205,911
,,0,2023-05-13T12:43:16.328999592Z,2023-06-12T12:43:16.328999592Z,2023-06-05T10:44:35.646773835Z,4755.29,docker_used_memory_mb,bwa (DA353) (911),bwa (DA353) (911),2345205,911
,,0,2023-05-13T12:43:16.328999592Z,2023-06-12T12:43:16.328999592Z,2023-06-05T10:44:37.649419611Z,4782.59,docker_used_memory_mb,bwa (DA353) (911),bwa (DA353) (911),2345205,911
,,0,2023-05-13T12:43:16.328999592Z,2023-06-12T12:43:16.328999592Z,2023-06-05T10:44:39.646056445Z,4795.34,docker_used_memory_mb,bwa (DA353) (911),bwa (DA353) (911),2345205,911
,,0,2023-05-13T12:43:16.328999592Z,2023-06-12T12:43:16.328999592Z,2023-06-05T10:44:41.645771437Z,4797.09,docker_used_memory_mb,bwa (DA353) (911),bwa (DA353) (911),2345205,911
,,0,2023-05-13T12:43:16.328999592Z,2023-06-12T12:43:16.328999592Z,2023-06-05T10:44:43.64576871Z,4849.73,docker_used_memory_mb,bwa (DA353) (911),bwa (DA353) (911),2345205,911
,,0,2023-05-13T12:43:16.328999592Z,2023-06-12T12:43:16.328999592Z,2023-06-05T10:44:45.645601936Z,4868.4,docker_used_memory_mb,bwa (DA353) (911),bwa (DA353) (911),2345205,911
,,0,2023-05-13T12:43:16.328999592Z,2023-06-12T12:43:16.328999592Z,2023-06-05T10:44:47.646395654Z,4921.98,docker_used_memory_mb,bwa (DA353) (911),bwa (DA353) (911),2345205,911
,,0,2023-05-13T12:43:16.328999592Z,2023-06-12T12:43:16.328999592Z,2023-06-05T10:44:49.646056295Z,4933.62,docker_used_memory_mb,bwa (DA353) (911),bwa (DA353) (911),2345205,911
,,0,2023-05-13T12:43:16.328999592Z,2023-06-12T12:43:16.328999592Z,2023-06-05T10:44:51.645921423Z,4944.09,docker_used_memory_mb,bwa (DA353) (911),bwa (DA353) (911),2345205,911
,,0,2023-05-13T12:43:16.328999592Z,2023-06-12T12:43:16.328999592Z,2023-06-05T10:44:53.645750489Z,4957.79,docker_used_memory_mb,bwa (DA353) (911),bwa (DA353) (911),2345205,911
,,0,2023-05-13T12:43:16.328999592Z,2023-06-12T12:43:16.328999592Z,2023-06-05T10:44:55.645356798Z,4960.29,docker_used_memory_mb,bwa (DA353) (911),bwa (DA353) (911),2345205,911
,,0,2023-05-13T12:43:16.328999592Z,2023-06-12T12:43:16.328999592Z,2023-06-05T10:44:57.646251659Z,4969.05,docker_used_memory_mb,bwa (DA353) (911),bwa (DA353) (911),2345205,911
,,0,2023-05-13T12:43:16.328999592Z,2023-06-12T12:43:16.328999592Z,2023-06-05T10:44:59.646018634Z,4975.55,docker_used_memory_mb,bwa (DA353) (911),bwa (DA353) (911),2345205,911
,,0,2023-05-13T12:43:16.328999592Z,2023-06-12T12:43:16.328999592Z,2023-06-05T10:45:01.645658034Z,4986.71,docker_used_memory_mb,bwa (DA353) (911),bwa (DA353) (911),2345205,911
,,0,2023-05-13T12:43:16.328999592Z,2023-06-12T12:43:16.328999592Z,2023-06-05T10:45:03.645440549Z,4590.86,docker_used_memory_mb,bwa (DA353) (911),bwa (DA353) (911),2345205,911
,,0,2023-05-13T12:43:16.328999592Z,2023-06-12T12:43:16.328999592Z,2023-06-05T10:45:05.649197383Z,4317.53,docker_used_memory_mb,bwa (DA353) (911),bwa (DA353) (911),2345205,911
,,0,2023-05-13T12:43:16.328999592Z,2023-06-12T12:43:16.328999592Z,2023-06-05T10:45:07.64905023Z,3739.25,docker_used_memory_mb,bwa (DA353) (911),bwa (DA353) (911),2345205,911
,,0,2023-05-13T12:43:16.328999592Z,2023-06-12T12:43:16.328999592Z,2023-06-05T10:45:09.646538311Z,4126.04,docker_used_memory_mb,bwa (DA353) (911),bwa (DA353) (911),2345205,911
,,0,2023-05-13T12:43:16.328999592Z,2023-06-12T12:43:16.328999592Z,2023-06-05T10:45:11.645997876Z,4374.07,docker_used_memory_mb,bwa (DA353) (911),bwa (DA353) (911),2345205,911
,,0,2023-05-13T12:43:16.328999592Z,2023-06-12T12:43:16.328999592Z,2023-06-05T10:45:13.645884314Z,4408.55,docker_used_memory_mb,bwa (DA353) (911),bwa (DA353) (911),2345205,911
,,0,2023-05-13T12:43:16.328999592Z,2023-06-12T12:43:16.328999592Z,2023-06-05T10:45:15.645517354Z,4575.09,docker_used_memory_mb,bwa (DA353) (911),bwa (DA353) (911),2345205,911
,,0,2023-05-13T12:43:16.328999592Z,2023-06-12T12:43:16.328999592Z,2023-06-05T10:45:17.64624408Z,4621.94,docker_used_memory_mb,bwa (DA353) (911),bwa (DA353) (911),2345205,911
,,0,2023-05-13T12:43:16.328999592Z,2023-06-12T12:43:16.328999592Z,2023-06-05T10:45:19.646118707Z,4655.67,docker_used_memory_mb,bwa (DA353) (911),bwa (DA353) (911),2345205,911
,,0,2023-05-13T12:43:16.328999592Z,2023-06-12T12:43:16.328999592Z,2023-06-05T10:45:21.64583137Z,4667.53,docker_used_memory_mb,bwa (DA353) (911),bwa (DA353) (911),2345205,911
,,0,2023-05-13T12:43:16.328999592Z,2023-06-12T12:43:16.328999592Z,2023-06-05T10:45:23.645522503Z,4695.81,docker_used_memory_mb,bwa (DA353) (911),bwa (DA353) (911),2345205,911
,,0,2023-05-13T12:43:16.328999592Z,2023-06-12T12:43:16.328999592Z,2023-06-05T10:45:25.649372869Z,4701.1,docker_used_memory_mb,bwa (DA353) (911),bwa (DA353) (911),2345205,911
,,0,2023-05-13T12:43:16.328999592Z,2023-06-12T12:43:16.328999592Z,2023-06-05T10:45:27.645875178Z,4736.14,docker_used_memory_mb,bwa (DA353) (911),bwa (DA353) (911),2345205,911
,,0,2023-05-13T12:43:16.328999592Z,2023-06-12T12:43:16.328999592Z,2023-06-05T10:45:29.645709014Z,4775.96,docker_used_memory_mb,bwa (DA353) (911),bwa (DA353) (911),2345205,911
,,0,2023-05-13T12:43:16.328999592Z,2023-06-12T12:43:16.328999592Z,2023-06-05T10:45:31.645553562Z,4825.08,docker_used_memory_mb,bwa (DA353) (911),bwa (DA353) (911),2345205,911
,,0,2023-05-13T12:43:16.328999592Z,2023-06-12T12:43:16.328999592Z,2023-06-05T10:45:33.646298718Z,4847.86,docker_used_memory_mb,bwa (DA353) (911),bwa (DA353) (911),2345205,911
,,0,2023-05-13T12:43:16.328999592Z,2023-06-12T12:43:16.328999592Z,2023-06-05T10:45:35.647252261Z,4862.16,docker_used_memory_mb,bwa (DA353) (911),bwa (DA353) (911),2345205,911
,,0,2023-05-13T12:43:16.328999592Z,2023-06-12T12:43:16.328999592Z,2023-06-05T10:45:37.646128156Z,4864.42,docker_used_memory_mb,bwa (DA353) (911),bwa (DA353) (911),2345205,911
,,0,2023-05-13T12:43:16.328999592Z,2023-06-12T12:43:16.328999592Z,2023-06-05T10:45:39.647931917Z,4876.32,docker_used_memory_mb,bwa (DA353) (911),bwa (DA353) (911),2345205,911
,,0,2023-05-13T12:43:16.328999592Z,2023-06-12T12:43:16.328999592Z,2023-06-05T10:45:42.645746869Z,4877.91,docker_used_memory_mb,bwa (DA353) (911),bwa (DA353) (911),2345205,911
,,0,2023-05-13T12:43:16.328999592Z,2023-06-12T12:43:16.328999592Z,2023-06-05T10:45:44.645627318Z,4885.52,docker_used_memory_mb,bwa (DA353) (911),bwa (DA353) (911),2345205,911
,,0,2023-05-13T12:43:16.328999592Z,2023-06-12T12:43:16.328999592Z,2023-06-05T10:45:46.64565212Z,4885.52,docker_used_memory_mb,bwa (DA353) (911),bwa (DA353) (911),2345205,911
,,0,2023-05-13T12:43:16.328999592Z,2023-06-12T12:43:16.328999592Z,2023-06-05T10:45:48.646402417Z,4889.59,docker_used_memory_mb,bwa (DA353) (911),bwa (DA353) (911),2345205,911
,,0,2023-05-13T12:43:16.328999592Z,2023-06-12T12:43:16.328999592Z,2023-06-05T10:45:50.646064978Z,4909.5,docker_used_memory_mb,bwa (DA353) (911),bwa (DA353) (911),2345205,911
,,0,2023-05-13T12:43:16.328999592Z,2023-06-12T12:43:16.328999592Z,2023-06-05T10:45:52.645628636Z,4940.99,docker_used_memory_mb,bwa (DA353) (911),bwa (DA353) (911),2345205,911
,,0,2023-05-13T12:43:16.328999592Z,2023-06-12T12:43:16.328999592Z,2023-06-05T10:45:54.645418531Z,4952.75,docker_used_memory_mb,bwa (DA353) (911),bwa (DA353) (911),2345205,911
,,0,2023-05-13T12:43:16.328999592Z,2023-06-12T12:43:16.328999592Z,2023-06-05T10:45:56.646173967Z,4486.99,docker_used_memory_mb,bwa (DA353) (911),bwa (DA353) (911),2345205,911
,,0,2023-05-13T12:43:16.328999592Z,2023-06-12T12:43:16.328999592Z,2023-06-05T10:45:58.649406804Z,4234.33,docker_used_memory_mb,bwa (DA353) (911),bwa (DA353) (911),2345205,911
,,0,2023-05-13T12:43:16.328999592Z,2023-06-12T12:43:16.328999592Z,2023-06-05T10:46:00.645925963Z,4067.45,docker_used_memory_mb,bwa (DA353) (911),bwa (DA353) (911),2345205,911
,,0,2023-05-13T12:43:16.328999592Z,2023-06-12T12:43:16.328999592Z,2023-06-05T10:46:02.645584334Z,3816.18,docker_used_memory_mb,bwa (DA353) (911),bwa (DA353) (911),2345205,911
,,0,2023-05-13T12:43:16.328999592Z,2023-06-12T12:43:16.328999592Z,2023-06-05T10:46:04.648917374Z,3652.77,docker_used_memory_mb,bwa (DA353) (911),bwa (DA353) (911),2345205,911
,,0,2023-05-13T12:43:16.328999592Z,2023-06-12T12:43:16.328999592Z,2023-06-05T10:46:06.646172278Z,3757.24,docker_used_memory_mb,bwa (DA353) (911),bwa (DA353) (911),2345205,911
,,0,2023-05-13T12:43:16.328999592Z,2023-06-12T12:43:16.328999592Z,2023-06-05T10:46:08.645846589Z,4121.89,docker_used_memory_mb,bwa (DA353) (911),bwa (DA353) (911),2345205,911
,,0,2023-05-13T12:43:16.328999592Z,2023-06-12T12:43:16.328999592Z,2023-06-05T10:46:10.645717887Z,4238.74,docker_used_memory_mb,bwa (DA353) (911),bwa (DA353) (911),2345205,911
,,0,2023-05-13T12:43:16.328999592Z,2023-06-12T12:43:16.328999592Z,2023-06-05T10:46:12.645407559Z,4314.82,docker_used_memory_mb,bwa (DA353) (911),bwa (DA353) (911),2345205,911
,,0,2023-05-13T12:43:16.328999592Z,2023-06-12T12:43:16.328999592Z,2023-06-05T10:46:14.646057172Z,4394.18,docker_used_memory_mb,bwa (DA353) (911),bwa (DA353) (911),2345205,911
,,0,2023-05-13T12:43:16.328999592Z,2023-06-12T12:43:16.328999592Z,2023-06-05T10:46:16.64593607Z,4469.14,docker_used_memory_mb,bwa (DA353) (911),bwa (DA353) (911),2345205,911
,,0,2023-05-13T12:43:16.328999592Z,2023-06-12T12:43:16.328999592Z,2023-06-05T10:46:18.645611782Z,4624.29,docker_used_memory_mb,bwa (DA353) (911),bwa (DA353) (911),2345205,911
,,0,2023-05-13T12:43:16.328999592Z,2023-06-12T12:43:16.328999592Z,2023-06-05T10:46:20.646309936Z,4696.54,docker_used_memory_mb,bwa (DA353) (911),bwa (DA353) (911),2345205,911
,,0,2023-05-13T12:43:16.328999592Z,2023-06-12T12:43:16.328999592Z,2023-06-05T10:46:22.646092552Z,4731.27,docker_used_memory_mb,bwa (DA353) (911),bwa (DA353) (911),2345205,911
,,0,2023-05-13T12:43:16.328999592Z,2023-06-12T12:43:16.328999592Z,2023-06-05T10:46:24.645776284Z,4786.82,docker_used_memory_mb,bwa (DA353) (911),bwa (DA353) (911),2345205,911
,,0,2023-05-13T12:43:16.328999592Z,2023-06-12T12:43:16.328999592Z,2023-06-05T10:46:26.645628701Z,4828.36,docker_used_memory_mb,bwa (DA353) (911),bwa (DA353) (911),2345205,911
,,0,2023-05-13T12:43:16.328999592Z,2023-06-12T12:43:16.328999592Z,2023-06-05T10:46:28.645601462Z,4847.65,docker_used_memory_mb,bwa (DA353) (911),bwa (DA353) (911),2345205,911
,,0,2023-05-13T12:43:16.328999592Z,2023-06-12T12:43:16.328999592Z,2023-06-05T10:46:30.648948712Z,4854.54,docker_used_memory_mb,bwa (DA353) (911),bwa (DA353) (911),2345205,911
,,0,2023-05-13T12:43:16.328999592Z,2023-06-12T12:43:16.328999592Z,2023-06-05T10:46:32.646076061Z,4869.96,docker_used_memory_mb,bwa (DA353) (911),bwa (DA353) (911),2345205,911
,,0,2023-05-13T12:43:16.328999592Z,2023-06-12T12:43:16.328999592Z,2023-06-05T10:46:34.645868467Z,4870.71,docker_used_memory_mb,bwa (DA353) (911),bwa (DA353) (911),2345205,911
,,0,2023-05-13T12:43:16.328999592Z,2023-06-12T12:43:16.328999592Z,2023-06-05T10:46:36.645650332Z,4883.86,docker_used_memory_mb,bwa (DA353) (911),bwa (DA353) (911),2345205,911
,,0,2023-05-13T12:43:16.328999592Z,2023-06-12T12:43:16.328999592Z,2023-06-05T10:46:38.646492851Z,4901.54,docker_used_memory_mb,bwa (DA353) (911),bwa (DA353) (911),2345205,911
,,0,2023-05-13T12:43:16.328999592Z,2023-06-12T12:43:16.328999592Z,2023-06-05T10:46:40.646229045Z,4901.91,docker_used_memory_mb,bwa (DA353) (911),bwa (DA353) (911),2345205,911
,,0,2023-05-13T12:43:16.328999592Z,2023-06-12T12:43:16.328999592Z,2023-06-05T10:46:42.645906196Z,4938.84,docker_used_memory_mb,bwa (DA353) (911),bwa (DA353) (911),2345205,911
,,0,2023-05-13T12:43:16.328999592Z,2023-06-12T12:43:16.328999592Z,2023-06-05T10:46:44.645703662Z,4955.72,docker_used_memory_mb,bwa (DA353) (911),bwa (DA353) (911),2345205,911
,,0,2023-05-13T12:43:16.328999592Z,2023-06-12T12:43:16.328999592Z,2023-06-05T10:46:46.646335905Z,4972.09,docker_used_memory_mb,bwa (DA353) (911),bwa (DA353) (911),2345205,911
,,0,2023-05-13T12:43:16.328999592Z,2023-06-12T12:43:16.328999592Z,2023-06-05T10:46:48.649480558Z,4977.02,docker_used_memory_mb,bwa (DA353) (911),bwa (DA353) (911),2345205,911
,,0,2023-05-13T12:43:16.328999592Z,2023-06-12T12:43:16.328999592Z,2023-06-05T10:46:50.649231413Z,5008.52,docker_used_memory_mb,bwa (DA353) (911),bwa (DA353) (911),2345205,911
,,0,2023-05-13T12:43:16.328999592Z,2023-06-12T12:43:16.328999592Z,2023-06-05T10:46:52.645605487Z,5017.89,docker_used_memory_mb,bwa (DA353) (911),bwa (DA353) (911),2345205,911
,,0,2023-05-13T12:43:16.328999592Z,2023-06-12T12:43:16.328999592Z,2023-06-05T10:46:54.646403905Z,5040.47,docker_used_memory_mb,bwa (DA353) (911),bwa (DA353) (911),2345205,911
,,0,2023-05-13T12:43:16.328999592Z,2023-06-12T12:43:16.328999592Z,2023-06-05T10:46:56.646073927Z,4689.1,docker_used_memory_mb,bwa (DA353) (911),bwa (DA353) (911),2345205,911
,,0,2023-05-13T12:43:16.328999592Z,2023-06-12T12:43:16.328999592Z,2023-06-05T10:46:58.645845281Z,4369.51,docker_used_memory_mb,bwa (DA353) (911),bwa (DA353) (911),2345205,911
,,0,2023-05-13T12:43:16.328999592Z,2023-06-12T12:43:16.328999592Z,2023-06-05T10:47:00.645554784Z,3835.46,docker_used_memory_mb,bwa (DA353) (911),bwa (DA353) (911),2345205,911
,,0,2023-05-13T12:43:16.328999592Z,2023-06-12T12:43:16.328999592Z,2023-06-05T10:47:02.646509207Z,3608.31,docker_used_memory_mb,bwa (DA353) (911),bwa (DA353) (911),2345205,911
,,0,2023-05-13T12:43:16.328999592Z,2023-06-12T12:43:16.328999592Z,2023-06-05T10:47:04.654420035Z,4096.81,docker_used_memory_mb,bwa (DA353) (911),bwa (DA353) (911),2345205,911
,,0,2023-05-13T12:43:16.328999592Z,2023-06-12T12:43:16.328999592Z,2023-06-05T10:47:06.649522178Z,4199.08,docker_used_memory_mb,bwa (DA353) (911),bwa (DA353) (911),2345205,911
,,0,2023-05-13T12:43:16.328999592Z,2023-06-12T12:43:16.328999592Z,2023-06-05T10:47:08.646018067Z,4405.93,docker_used_memory_mb,bwa (DA353) (911),bwa (DA353) (911),2345205,911
,,0,2023-05-13T12:43:16.328999592Z,2023-06-12T12:43:16.328999592Z,2023-06-05T10:47:10.645649647Z,4487.34,docker_used_memory_mb,bwa (DA353) (911),bwa (DA353) (911),2345205,911
,,0,2023-05-13T12:43:16.328999592Z,2023-06-12T12:43:16.328999592Z,2023-06-05T10:47:12.645756963Z,4548.99,docker_used_memory_mb,bwa (DA353) (911),bwa (DA353) (911),2345205,911
,,0,2023-05-13T12:43:16.328999592Z,2023-06-12T12:43:16.328999592Z,2023-06-05T10:47:15.646294393Z,4563.03,docker_used_memory_mb,bwa (DA353) (911),bwa (DA353) (911),2345205,911
,,0,2023-05-13T12:43:16.328999592Z,2023-06-12T12:43:16.328999592Z,2023-06-05T10:47:17.645992896Z,4637.97,docker_used_memory_mb,bwa (DA353) (911),bwa (DA353) (911),2345205,911
,,0,2023-05-13T12:43:16.328999592Z,2023-06-12T12:43:16.328999592Z,2023-06-05T10:47:19.645671157Z,4687.32,docker_used_memory_mb,bwa (DA353) (911),bwa (DA353) (911),2345205,911
,,0,2023-05-13T12:43:16.328999592Z,2023-06-12T12:43:16.328999592Z,2023-06-05T10:47:21.645439082Z,4713.93,docker_used_memory_mb,bwa (DA353) (911),bwa (DA353) (911),2345205,911
,,0,2023-05-13T12:43:16.328999592Z,2023-06-12T12:43:16.328999592Z,2023-06-05T10:47:23.646185168Z,4775.3,docker_used_memory_mb,bwa (DA353) (911),bwa (DA353) (911),2345205,911
,,0,2023-05-13T12:43:16.328999592Z,2023-06-12T12:43:16.328999592Z,2023-06-05T10:47:25.645986444Z,4796.31,docker_used_memory_mb,bwa (DA353) (911),bwa (DA353) (911),2345205,911
,,0,2023-05-13T12:43:16.328999592Z,2023-06-12T12:43:16.328999592Z,2023-06-05T10:47:27.645707517Z,4802.87,docker_used_memory_mb,bwa (DA353) (911),bwa (DA353) (911),2345205,911
,,0,2023-05-13T12:43:16.328999592Z,2023-06-12T12:43:16.328999592Z,2023-06-05T10:47:29.649226633Z,4805.62,docker_used_memory_mb,bwa (DA353) (911),bwa (DA353) (911),2345205,911
,,0,2023-05-13T12:43:16.328999592Z,2023-06-12T12:43:16.328999592Z,2023-06-05T10:47:31.646328431Z,4819.03,docker_used_memory_mb,bwa (DA353) (911),bwa (DA353) (911),2345205,911
,,0,2023-05-13T12:43:16.328999592Z,2023-06-12T12:43:16.328999592Z,2023-06-05T10:47:33.645692293Z,4826.02,docker_used_memory_mb,bwa (DA353) (911),bwa (DA353) (911),2345205,911
,,0,2023-05-13T12:43:16.328999592Z,2023-06-12T12:43:16.328999592Z,2023-06-05T10:47:35.646397628Z,4827.66,docker_used_memory_mb,bwa (DA353) (911),bwa (DA353) (911),2345205,911
,,0,2023-05-13T12:43:16.328999592Z,2023-06-12T12:43:16.328999592Z,2023-06-05T10:47:37.646156182Z,4833.29,docker_used_memory_mb,bwa (DA353) (911),bwa (DA353) (911),2345205,911
,,0,2023-05-13T12:43:16.328999592Z,2023-06-12T12:43:16.328999592Z,2023-06-05T10:47:39.645961448Z,4833.44,docker_used_memory_mb,bwa (DA353) (911),bwa (DA353) (911),2345205,911
,,0,2023-05-13T12:43:16.328999592Z,2023-06-12T12:43:16.328999592Z,2023-06-05T10:47:41.645632299Z,4860.53,docker_used_memory_mb,bwa (DA353) (911),bwa (DA353) (911),2345205,911
,,0,2023-05-13T12:43:16.328999592Z,2023-06-12T12:43:16.328999592Z,2023-06-05T10:47:43.645632391Z,4869.59,docker_used_memory_mb,bwa (DA353) (911),bwa (DA353) (911),2345205,911
,,0,2023-05-13T12:43:16.328999592Z,2023-06-12T12:43:16.328999592Z,2023-06-05T10:47:45.646388717Z,4914.46,docker_used_memory_mb,bwa (DA353) (911),bwa (DA353) (911),2345205,911
,,0,2023-05-13T12:43:16.328999592Z,2023-06-12T12:43:16.328999592Z,2023-06-05T10:47:47.646149032Z,4981.93,docker_used_memory_mb,bwa (DA353) (911),bwa (DA353) (911),2345205,911
,,0,2023-05-13T12:43:16.328999592Z,2023-06-12T12:43:16.328999592Z,2023-06-05T10:47:49.649597726Z,5000.25,docker_used_memory_mb,bwa (DA353) (911),bwa (DA353) (911),2345205,911
,,0,2023-05-13T12:43:16.328999592Z,2023-06-12T12:43:16.328999592Z,2023-06-05T10:47:51.649299708Z,5000.2,docker_used_memory_mb,bwa (DA353) (911),bwa (DA353) (911),2345205,911
,,0,2023-05-13T12:43:16.328999592Z,2023-06-12T12:43:16.328999592Z,2023-06-05T10:47:53.646106967Z,5003.88,docker_used_memory_mb,bwa (DA353) (911),bwa (DA353) (911),2345205,911
,,0,2023-05-13T12:43:16.328999592Z,2023-06-12T12:43:16.328999592Z,2023-06-05T10:47:55.645921623Z,4853.67,docker_used_memory_mb,bwa (DA353) (911),bwa (DA353) (911),2345205,911
,,0,2023-05-13T12:43:16.328999592Z,2023-06-12T12:43:16.328999592Z,2023-06-05T10:47:57.645562654Z,4463.98,docker_used_memory_mb,bwa (DA353) (911),bwa (DA353) (911),2345205,911
,,0,2023-05-13T12:43:16.328999592Z,2023-06-12T12:43:16.328999592Z,2023-06-05T10:47:59.648647575Z,3798.63,docker_used_memory_mb,bwa (DA353) (911),bwa (DA353) (911),2345205,911
,,0,2023-05-13T12:43:16.328999592Z,2023-06-12T12:43:16.328999592Z,2023-06-05T10:48:01.646222479Z,3762.25,docker_used_memory_mb,bwa (DA353) (911),bwa (DA353) (911),2345205,911
,,0,2023-05-13T12:43:16.328999592Z,2023-06-12T12:43:16.328999592Z,2023-06-05T10:48:03.645985233Z,4052.35,docker_used_memory_mb,bwa (DA353) (911),bwa (DA353) (911),2345205,911
,,0,2023-05-13T12:43:16.328999592Z,2023-06-12T12:43:16.328999592Z,2023-06-05T10:48:05.645707607Z,4249.15,docker_used_memory_mb,bwa (DA353) (911),bwa (DA353) (911),2345205,911
,,0,2023-05-13T12:43:16.328999592Z,2023-06-12T12:43:16.328999592Z,2023-06-05T10:48:07.64545134Z,4295.61,docker_used_memory_mb,bwa (DA353) (911),bwa (DA353) (911),2345205,911
,,0,2023-05-13T12:43:16.328999592Z,2023-06-12T12:43:16.328999592Z,2023-06-05T10:48:09.646172996Z,4417.12,docker_used_memory_mb,bwa (DA353) (911),bwa (DA353) (911),2345205,911
,,0,2023-05-13T12:43:16.328999592Z,2023-06-12T12:43:16.328999592Z,2023-06-05T10:48:11.645879708Z,4471.28,docker_used_memory_mb,bwa (DA353) (911),bwa (DA353) (911),2345205,911
,,0,2023-05-13T12:43:16.328999592Z,2023-06-12T12:43:16.328999592Z,2023-06-05T10:48:13.645684054Z,4641.73,docker_used_memory_mb,bwa (DA353) (911),bwa (DA353) (911),2345205,911
,,0,2023-05-13T12:43:16.328999592Z,2023-06-12T12:43:16.328999592Z,2023-06-05T10:48:15.646364388Z,4728.54,docker_used_memory_mb,bwa (DA353) (911),bwa (DA353) (911),2345205,911
,,0,2023-05-13T12:43:16.328999592Z,2023-06-12T12:43:16.328999592Z,2023-06-05T10:48:17.646259047Z,4741.28,docker_used_memory_mb,bwa (DA353) (911),bwa (DA353) (911),2345205,911
,,0,2023-05-13T12:43:16.328999592Z,2023-06-12T12:43:16.328999592Z,2023-06-05T10:48:19.645947299Z,4805.55,docker_used_memory_mb,bwa (DA353) (911),bwa (DA353) (911),2345205,911
,,0,2023-05-13T12:43:16.328999592Z,2023-06-12T12:43:16.328999592Z,2023-06-05T10:48:21.645576089Z,4823.43,docker_used_memory_mb,bwa (DA353) (911),bwa (DA353) (911),2345205,911
,,0,2023-05-13T12:43:16.328999592Z,2023-06-12T12:43:16.328999592Z,2023-06-05T10:48:23.646249563Z,4823.48,docker_used_memory_mb,bwa (DA353) (911),bwa (DA353) (911),2345205,911
,,0,2023-05-13T12:43:16.328999592Z,2023-06-12T12:43:16.328999592Z,2023-06-05T10:48:25.645946145Z,4841.85,docker_used_memory_mb,bwa (DA353) (911),bwa (DA353) (911),2345205,911
,,0,2023-05-13T12:43:16.328999592Z,2023-06-12T12:43:16.328999592Z,2023-06-05T10:48:27.645795472Z,4870.27,docker_used_memory_mb,bwa (DA353) (911),bwa (DA353) (911),2345205,911
,,0,2023-05-13T12:43:16.328999592Z,2023-06-12T12:43:16.328999592Z,2023-06-05T10:48:29.645385331Z,4889.88,docker_used_memory_mb,bwa (DA353) (911),bwa (DA353) (911),2345205,911
,,0,2023-05-13T12:43:16.328999592Z,2023-06-12T12:43:16.328999592Z,2023-06-05T10:48:31.646452238Z,4903.55,docker_used_memory_mb,bwa (DA353) (911),bwa (DA353) (911),2345205,911
,,0,2023-05-13T12:43:16.328999592Z,2023-06-12T12:43:16.328999592Z,2023-06-05T10:48:33.646177181Z,4904.55,docker_used_memory_mb,bwa (DA353) (911),bwa (DA353) (911),2345205,911
,,0,2023-05-13T12:43:16.328999592Z,2023-06-12T12:43:16.328999592Z,2023-06-05T10:48:35.645945876Z,4931.63,docker_used_memory_mb,bwa (DA353) (911),bwa (DA353) (911),2345205,911
,,0,2023-05-13T12:43:16.328999592Z,2023-06-12T12:43:16.328999592Z,2023-06-05T10:48:37.645626417Z,4941.56,docker_used_memory_mb,bwa (DA353) (911),bwa (DA353) (911),2345205,911
,,0,2023-05-13T12:43:16.328999592Z,2023-06-12T12:43:16.328999592Z,2023-06-05T10:48:39.646192118Z,4956.14,docker_used_memory_mb,bwa (DA353) (911),bwa (DA353) (911),2345205,911
,,0,2023-05-13T12:43:16.328999592Z,2023-06-12T12:43:16.328999592Z,2023-06-05T10:48:41.646108347Z,4960.64,docker_used_memory_mb,bwa (DA353) (911),bwa (DA353) (911),2345205,911
,,0,2023-05-13T12:43:16.328999592Z,2023-06-12T12:43:16.328999592Z,2023-06-05T10:48:43.648807457Z,4969.36,docker_used_memory_mb,bwa (DA353) (911),bwa (DA353) (911),2345205,911
,,0,2023-05-13T12:43:16.328999592Z,2023-06-12T12:43:16.328999592Z,2023-06-05T10:48:45.645590484Z,4973.85,docker_used_memory_mb,bwa (DA353) (911),bwa (DA353) (911),2345205,911
,,0,2023-05-13T12:43:16.328999592Z,2023-06-12T12:43:16.328999592Z,2023-06-05T10:48:47.646999282Z,4857.41,docker_used_memory_mb,bwa (DA353) (911),bwa (DA353) (911),2345205,911
,,0,2023-05-13T12:43:16.328999592Z,2023-06-12T12:43:16.328999592Z,2023-06-05T10:48:50.645998023Z,4526.55,docker_used_memory_mb,bwa (DA353) (911),bwa (DA353) (911),2345205,911
,,0,2023-05-13T12:43:16.328999592Z,2023-06-12T12:43:16.328999592Z,2023-06-05T10:48:52.645409026Z,4002.02,docker_used_memory_mb,bwa (DA353) (911),bwa (DA353) (911),2345205,911
,,0,2023-05-13T12:43:16.328999592Z,2023-06-12T12:43:16.328999592Z,2023-06-05T10:48:54.646158562Z,3804.37,docker_used_memory_mb,bwa (DA353) (911),bwa (DA353) (911),2345205,911
,,0,2023-05-13T12:43:16.328999592Z,2023-06-12T12:43:16.328999592Z,2023-06-05T10:48:56.646364351Z,3748.56,docker_used_memory_mb,bwa (DA353) (911),bwa (DA353) (911),2345205,911
,,0,2023-05-13T12:43:16.328999592Z,2023-06-12T12:43:16.328999592Z,2023-06-05T10:48:58.645732122Z,3766.72,docker_used_memory_mb,bwa (DA353) (911),bwa (DA353) (911),2345205,911
,,0,2023-05-13T12:43:16.328999592Z,2023-06-12T12:43:16.328999592Z,2023-06-05T10:49:00.646379785Z,4104.79,docker_used_memory_mb,bwa (DA353) (911),bwa (DA353) (911),2345205,911
,,0,2023-05-13T12:43:16.328999592Z,2023-06-12T12:43:16.328999592Z,2023-06-05T10:49:02.65727623Z,4354.08,docker_used_memory_mb,bwa (DA353) (911),bwa (DA353) (911),2345205,911
,,0,2023-05-13T12:43:16.328999592Z,2023-06-12T12:43:16.328999592Z,2023-06-05T10:49:04.648963343Z,4453.54,docker_used_memory_mb,bwa (DA353) (911),bwa (DA353) (911),2345205,911
,,0,2023-05-13T12:43:16.328999592Z,2023-06-12T12:43:16.328999592Z,2023-06-05T10:49:07.66115281Z,4527.15,docker_used_memory_mb,bwa (DA353) (911),bwa (DA353) (911),2345205,911
,,0,2023-05-13T12:43:16.328999592Z,2023-06-12T12:43:16.328999592Z,2023-06-05T10:49:10.646101237Z,4670.29,docker_used_memory_mb,bwa (DA353) (911),bwa (DA353) (911),2345205,911
,,0,2023-05-13T12:43:16.328999592Z,2023-06-12T12:43:16.328999592Z,2023-06-05T10:49:12.649476458Z,4710.27,docker_used_memory_mb,bwa (DA353) (911),bwa (DA353) (911),2345205,911
,,0,2023-05-13T12:43:16.328999592Z,2023-06-12T12:43:16.328999592Z,2023-06-05T10:49:14.645994268Z,4728.75,docker_used_memory_mb,bwa (DA353) (911),bwa (DA353) (911),2345205,911
,,0,2023-05-13T12:43:16.328999592Z,2023-06-12T12:43:16.328999592Z,2023-06-05T10:49:16.645802153Z,4742.35,docker_used_memory_mb,bwa (DA353) (911),bwa (DA353) (911),2345205,911
,,0,2023-05-13T12:43:16.328999592Z,2023-06-12T12:43:16.328999592Z,2023-06-05T10:49:18.646282491Z,4787.42,docker_used_memory_mb,bwa (DA353) (911),bwa (DA353) (911),2345205,911
,,0,2023-05-13T12:43:16.328999592Z,2023-06-12T12:43:16.328999592Z,2023-06-05T10:49:20.646239192Z,4802.81,docker_used_memory_mb,bwa (DA353) (911),bwa (DA353) (911),2345205,911
,,0,2023-05-13T12:43:16.328999592Z,2023-06-12T12:43:16.328999592Z,2023-06-05T10:49:22.645789369Z,4827.2,docker_used_memory_mb,bwa (DA353) (911),bwa (DA353) (911),2345205,911
,,0,2023-05-13T12:43:16.328999592Z,2023-06-12T12:43:16.328999592Z,2023-06-05T10:49:24.645507372Z,4863.28,docker_used_memory_mb,bwa (DA353) (911),bwa (DA353) (911),2345205,911
,,0,2023-05-13T12:43:16.328999592Z,2023-06-12T12:43:16.328999592Z,2023-06-05T10:49:26.646369112Z,4893.96,docker_used_memory_mb,bwa (DA353) (911),bwa (DA353) (911),2345205,911
,,0,2023-05-13T12:43:16.328999592Z,2023-06-12T12:43:16.328999592Z,2023-06-05T10:49:28.645974562Z,4918.99,docker_used_memory_mb,bwa (DA353) (911),bwa (DA353) (911),2345205,911
,,0,2023-05-13T12:43:16.328999592Z,2023-06-12T12:43:16.328999592Z,2023-06-05T10:49:30.645667744Z,4983.6,docker_used_memory_mb,bwa (DA353) (911),bwa (DA353) (911),2345205,911
,,0,2023-05-13T12:43:16.328999592Z,2023-06-12T12:43:16.328999592Z,2023-06-05T10:49:32.645698827Z,4996.16,docker_used_memory_mb,bwa (DA353) (911),bwa (DA353) (911),2345205,911
,,0,2023-05-13T12:43:16.328999592Z,2023-06-12T12:43:16.328999592Z,2023-06-05T10:49:34.646323059Z,5003.79,docker_used_memory_mb,bwa (DA353) (911),bwa (DA353) (911),2345205,911
,,0,2023-05-13T12:43:16.328999592Z,2023-06-12T12:43:16.328999592Z,2023-06-05T10:49:36.646233149Z,5010.52,docker_used_memory_mb,bwa (DA353) (911),bwa (DA353) (911),2345205,911
,,0,2023-05-13T12:43:16.328999592Z,2023-06-12T12:43:16.328999592Z,2023-06-05T10:49:38.645868109Z,5018.55,docker_used_memory_mb,bwa (DA353) (911),bwa (DA353) (911),2345205,911
,,0,2023-05-13T12:43:16.328999592Z,2023-06-12T12:43:16.328999592Z,2023-06-05T10:49:40.645981455Z,5018.53,docker_used_memory_mb,bwa (DA353) (911),bwa (DA353) (911),2345205,911
,,0,2023-05-13T12:43:16.328999592Z,2023-06-12T12:43:16.328999592Z,2023-06-05T10:49:42.645504141Z,5021.52,docker_used_memory_mb,bwa (DA353) (911),bwa (DA353) (911),2345205,911
,,0,2023-05-13T12:43:16.328999592Z,2023-06-12T12:43:16.328999592Z,2023-06-05T10:49:44.646110293Z,5033.76,docker_used_memory_mb,bwa (DA353) (911),bwa (DA353) (911),2345205,911
,,0,2023-05-13T12:43:16.328999592Z,2023-06-12T12:43:16.328999592Z,2023-06-05T10:49:46.645917729Z,5086.3,docker_used_memory_mb,bwa (DA353) (911),bwa (DA353) (911),2345205,911
,,0,2023-05-13T12:43:16.328999592Z,2023-06-12T12:43:16.328999592Z,2023-06-05T10:49:48.645564399Z,5088.5,docker_used_memory_mb,bwa (DA353) (911),bwa (DA353) (911),2345205,911
,,0,2023-05-13T12:43:16.328999592Z,2023-06-12T12:43:16.328999592Z,2023-06-05T10:49:50.646567254Z,5088.39,docker_used_memory_mb,bwa (DA353) (911),bwa (DA353) (911),2345205,911
,,0,2023-05-13T12:43:16.328999592Z,2023-06-12T12:43:16.328999592Z,2023-06-05T10:49:52.646137582Z,5088.29,docker_used_memory_mb,bwa (DA353) (911),bwa (DA353) (911),2345205,911
,,0,2023-05-13T12:43:16.328999592Z,2023-06-12T12:43:16.328999592Z,2023-06-05T10:49:54.645846405Z,5088.29,docker_used_memory_mb,bwa (DA353) (911),bwa (DA353) (911),2345205,911
,,0,2023-05-13T12:43:16.328999592Z,2023-06-12T12:43:16.328999592Z,2023-06-05T10:49:56.645594299Z,4561.99,docker_used_memory_mb,bwa (DA353) (911),bwa (DA353) (911),2345205,911
,,0,2023-05-13T12:43:16.328999592Z,2023-06-12T12:43:16.328999592Z,2023-06-05T10:49:58.646415158Z,4235.73,docker_used_memory_mb,bwa (DA353) (911),bwa (DA353) (911),2345205,911
,,0,2023-05-13T12:43:16.328999592Z,2023-06-12T12:43:16.328999592Z,2023-06-05T10:50:00.646239664Z,3824.15,docker_used_memory_mb,bwa (DA353) (911),bwa (DA353) (911),2345205,911
,,0,2023-05-13T12:43:16.328999592Z,2023-06-12T12:43:16.328999592Z,2023-06-05T10:50:02.645970877Z,3459.41,docker_used_memory_mb,bwa (DA353) (911),bwa (DA353) (911),2345205,911
,,0,2023-05-13T12:43:16.328999592Z,2023-06-12T12:43:16.328999592Z,2023-06-05T10:50:04.645709291Z,3966.25,docker_used_memory_mb,bwa (DA353) (911),bwa (DA353) (911),2345205,911
,,0,2023-05-13T12:43:16.328999592Z,2023-06-12T12:43:16.328999592Z,2023-06-05T10:50:06.64562644Z,4249.57,docker_used_memory_mb,bwa (DA353) (911),bwa (DA353) (911),2345205,911
,,0,2023-05-13T12:43:16.328999592Z,2023-06-12T12:43:16.328999592Z,2023-06-05T10:50:08.646325945Z,4426.74,docker_used_memory_mb,bwa (DA353) (911),bwa (DA353) (911),2345205,911
,,0,2023-05-13T12:43:16.328999592Z,2023-06-12T12:43:16.328999592Z,2023-06-05T10:50:10.646048328Z,4543.11,docker_used_memory_mb,bwa (DA353) (911),bwa (DA353) (911),2345205,911
,,0,2023-05-13T12:43:16.328999592Z,2023-06-12T12:43:16.328999592Z,2023-06-05T10:50:12.645745771Z,4563,docker_used_memory_mb,bwa (DA353) (911),bwa (DA353) (911),2345205,911
,,0,2023-05-13T12:43:16.328999592Z,2023-06-12T12:43:16.328999592Z,2023-06-05T10:50:14.645622479Z,4644.66,docker_used_memory_mb,bwa (DA353) (911),bwa (DA353) (911),2345205,911
,,0,2023-05-13T12:43:16.328999592Z,2023-06-12T12:43:16.328999592Z,2023-06-05T10:50:16.646469148Z,4728.04,docker_used_memory_mb,bwa (DA353) (911),bwa (DA353) (911),2345205,911
,,0,2023-05-13T12:43:16.328999592Z,2023-06-12T12:43:16.328999592Z,2023-06-05T10:50:18.649311832Z,4735.68,docker_used_memory_mb,bwa (DA353) (911),bwa (DA353) (911),2345205,911
,,0,2023-05-13T12:43:16.328999592Z,2023-06-12T12:43:16.328999592Z,2023-06-05T10:50:20.645991667Z,4747.33,docker_used_memory_mb,bwa (DA353) (911),bwa (DA353) (911),2345205,911
,,0,2023-05-13T12:43:16.328999592Z,2023-06-12T12:43:16.328999592Z,2023-06-05T10:50:22.646719473Z,4754.76,docker_used_memory_mb,bwa (DA353) (911),bwa (DA353) (911),2345205,911
,,0,2023-05-13T12:43:16.328999592Z,2023-06-12T12:43:16.328999592Z,2023-06-05T10:50:25.645556108Z,4802.4,docker_used_memory_mb,bwa (DA353) (911),bwa (DA353) (911),2345205,911
,,0,2023-05-13T12:43:16.328999592Z,2023-06-12T12:43:16.328999592Z,2023-06-05T10:50:26.646635384Z,4838.83,docker_used_memory_mb,bwa (DA353) (911),bwa (DA353) (911),2345205,911
,,0,2023-05-13T12:43:16.328999592Z,2023-06-12T12:43:16.328999592Z,2023-06-05T10:50:29.645696997Z,4856.5,docker_used_memory_mb,bwa (DA353) (911),bwa (DA353) (911),2345205,911
,,0,2023-05-13T12:43:16.328999592Z,2023-06-12T12:43:16.328999592Z,2023-06-05T10:50:31.646311309Z,4856.5,docker_used_memory_mb,bwa (DA353) (911),bwa (DA353) (911),2345205,911
,,0,2023-05-13T12:43:16.328999592Z,2023-06-12T12:43:16.328999592Z,2023-06-05T10:50:33.646391284Z,4871.35,docker_used_memory_mb,bwa (DA353) (911),bwa (DA353) (911),2345205,911
,,0,2023-05-13T12:43:16.328999592Z,2023-06-12T12:43:16.328999592Z,2023-06-05T10:50:35.646037364Z,4878.93,docker_used_memory_mb,bwa (DA353) (911),bwa (DA353) (911),2345205,911
,,0,2023-05-13T12:43:16.328999592Z,2023-06-12T12:43:16.328999592Z,2023-06-05T10:50:37.645751677Z,4900.91,docker_used_memory_mb,bwa (DA353) (911),bwa (DA353) (911),2345205,911
,,0,2023-05-13T12:43:16.328999592Z,2023-06-12T12:43:16.328999592Z,2023-06-05T10:50:39.645535702Z,4904.96,docker_used_memory_mb,bwa (DA353) (911),bwa (DA353) (911),2345205,911
,,0,2023-05-13T12:43:16.328999592Z,2023-06-12T12:43:16.328999592Z,2023-06-05T10:50:41.646270758Z,4905.08,docker_used_memory_mb,bwa (DA353) (911),bwa (DA353) (911),2345205,911
,,0,2023-05-13T12:43:16.328999592Z,2023-06-12T12:43:16.328999592Z,2023-06-05T10:50:43.646063934Z,4911.42,docker_used_memory_mb,bwa (DA353) (911),bwa (DA353) (911),2345205,911
,,0,2023-05-13T12:43:16.328999592Z,2023-06-12T12:43:16.328999592Z,2023-06-05T10:50:45.646221441Z,4915.54,docker_used_memory_mb,bwa (DA353) (911),bwa (DA353) (911),2345205,911
,,0,2023-05-13T12:43:16.328999592Z,2023-06-12T12:43:16.328999592Z,2023-06-05T10:50:47.64922263Z,4919.81,docker_used_memory_mb,bwa (DA353) (911),bwa (DA353) (911),2345205,911
,,0,2023-05-13T12:43:16.328999592Z,2023-06-12T12:43:16.328999592Z,2023-06-05T10:50:49.64606573Z,4927.84,docker_used_memory_mb,bwa (DA353) (911),bwa (DA353) (911),2345205,911
,,0,2023-05-13T12:43:16.328999592Z,2023-06-12T12:43:16.328999592Z,2023-06-05T10:50:51.645876236Z,4756.58,docker_used_memory_mb,bwa (DA353) (911),bwa (DA353) (911),2345205,911
,,0,2023-05-13T12:43:16.328999592Z,2023-06-12T12:43:16.328999592Z,2023-06-05T10:50:53.645651771Z,4319.88,docker_used_memory_mb,bwa (DA353) (911),bwa (DA353) (911),2345205,911
,,0,2023-05-13T12:43:16.328999592Z,2023-06-12T12:43:16.328999592Z,2023-06-05T10:50:55.646382466Z,3990.07,docker_used_memory_mb,bwa (DA353) (911),bwa (DA353) (911),2345205,911
,,0,2023-05-13T12:43:16.328999592Z,2023-06-12T12:43:16.328999592Z,2023-06-05T10:50:57.646073479Z,3579.42,docker_used_memory_mb,bwa (DA353) (911),bwa (DA353) (911),2345205,911
,,0,2023-05-13T12:43:16.328999592Z,2023-06-12T12:43:16.328999592Z,2023-06-05T10:50:59.649298505Z,3934.87,docker_used_memory_mb,bwa (DA353) (911),bwa (DA353) (911),2345205,911
,,0,2023-05-13T12:43:16.328999592Z,2023-06-12T12:43:16.328999592Z,2023-06-05T10:51:01.64567673Z,4072.38,docker_used_memory_mb,bwa (DA353) (911),bwa (DA353) (911),2345205,911
,,0,2023-05-13T12:43:16.328999592Z,2023-06-12T12:43:16.328999592Z,2023-06-05T10:51:03.646400326Z,4280.57,docker_used_memory_mb,bwa (DA353) (911),bwa (DA353) (911),2345205,911
,,0,2023-05-13T12:43:16.328999592Z,2023-06-12T12:43:16.328999592Z,2023-06-05T10:51:05.646329986Z,4366.96,docker_used_memory_mb,bwa (DA353) (911),bwa (DA353) (911),2345205,911
,,0,2023-05-13T12:43:16.328999592Z,2023-06-12T12:43:16.328999592Z,2023-06-05T10:51:07.645810611Z,4445.32,docker_used_memory_mb,bwa (DA353) (911),bwa (DA353) (911),2345205,911
,,0,2023-05-13T12:43:16.328999592Z,2023-06-12T12:43:16.328999592Z,2023-06-05T10:51:09.645587386Z,4479.82,docker_used_memory_mb,bwa (DA353) (911),bwa (DA353) (911),2345205,911
,,0,2023-05-13T12:43:16.328999592Z,2023-06-12T12:43:16.328999592Z,2023-06-05T10:51:11.646300521Z,4552.67,docker_used_memory_mb,bwa (DA353) (911),bwa (DA353) (911),2345205,911
,,0,2023-05-13T12:43:16.328999592Z,2023-06-12T12:43:16.328999592Z,2023-06-05T10:51:13.646078276Z,4631.18,docker_used_memory_mb,bwa (DA353) (911),bwa (DA353) (911),2345205,911
,,0,2023-05-13T12:43:16.328999592Z,2023-06-12T12:43:16.328999592Z,2023-06-05T10:51:15.645862571Z,4693.69,docker_used_memory_mb,bwa (DA353) (911),bwa (DA353) (911),2345205,911
,,0,2023-05-13T12:43:16.328999592Z,2023-06-12T12:43:16.328999592Z,2023-06-05T10:51:17.645549073Z,4760.38,docker_used_memory_mb,bwa (DA353) (911),bwa (DA353) (911),2345205,911
,,0,2023-05-13T12:43:16.328999592Z,2023-06-12T12:43:16.328999592Z,2023-06-05T10:51:19.646394653Z,4774.83,docker_used_memory_mb,bwa (DA353) (911),bwa (DA353) (911),2345205,911
,,0,2023-05-13T12:43:16.328999592Z,2023-06-12T12:43:16.328999592Z,2023-06-05T10:51:21.646346793Z,4778.7,docker_used_memory_mb,bwa (DA353) (911),bwa (DA353) (911),2345205,911
,,0,2023-05-13T12:43:16.328999592Z,2023-06-12T12:43:16.328999592Z,2023-06-05T10:51:23.646054746Z,4785.72,docker_used_memory_mb,bwa (DA353) (911),bwa (DA353) (911),2345205,911
,,0,2023-05-13T12:43:16.328999592Z,2023-06-12T12:43:16.328999592Z,2023-06-05T10:51:25.645778239Z,4806.23,docker_used_memory_mb,bwa (DA353) (911),bwa (DA353) (911),2345205,911
,,0,2023-05-13T12:43:16.328999592Z,2023-06-12T12:43:16.328999592Z,2023-06-05T10:51:27.645470311Z,4832,docker_used_memory_mb,bwa (DA353) (911),bwa (DA353) (911),2345205,911
,,0,2023-05-13T12:43:16.328999592Z,2023-06-12T12:43:16.328999592Z,2023-06-05T10:51:29.645616848Z,4862.71,docker_used_memory_mb,bwa (DA353) (911),bwa (DA353) (911),2345205,911
,,0,2023-05-13T12:43:16.328999592Z,2023-06-12T12:43:16.328999592Z,2023-06-05T10:51:31.646330193Z,4878.46,docker_used_memory_mb,bwa (DA353) (911),bwa (DA353) (911),2345205,911
,,0,2023-05-13T12:43:16.328999592Z,2023-06-12T12:43:16.328999592Z,2023-06-05T10:51:33.646141229Z,4893.68,docker_used_memory_mb,bwa (DA353) (911),bwa (DA353) (911),2345205,911
,,0,2023-05-13T12:43:16.328999592Z,2023-06-12T12:43:16.328999592Z,2023-06-05T10:51:35.645881463Z,4893.68,docker_used_memory_mb,bwa (DA353) (911),bwa (DA353) (911),2345205,911
,,0,2023-05-13T12:43:16.328999592Z,2023-06-12T12:43:16.328999592Z,2023-06-05T10:51:37.645599536Z,4902.8,docker_used_memory_mb,bwa (DA353) (911),bwa (DA353) (911),2345205,911
,,0,2023-05-13T12:43:16.328999592Z,2023-06-12T12:43:16.328999592Z,2023-06-05T10:51:39.646337872Z,4919.23,docker_used_memory_mb,bwa (DA353) (911),bwa (DA353) (911),2345205,911
,,0,2023-05-13T12:43:16.328999592Z,2023-06-12T12:43:16.328999592Z,2023-06-05T10:51:41.646180909Z,4925.34,docker_used_memory_mb,bwa (DA353) (911),bwa (DA353) (911),2345205,911
,,0,2023-05-13T12:43:16.328999592Z,2023-06-12T12:43:16.328999592Z,2023-06-05T10:51:43.646084738Z,4934.96,docker_used_memory_mb,bwa (DA353) (911),bwa (DA353) (911),2345205,911
,,0,2023-05-13T12:43:16.328999592Z,2023-06-12T12:43:16.328999592Z,2023-06-05T10:51:45.645737689Z,4934.68,docker_used_memory_mb,bwa (DA353) (911),bwa (DA353) (911),2345205,911
,,0,2023-05-13T12:43:16.328999592Z,2023-06-12T12:43:16.328999592Z,2023-06-05T10:51:47.64630733Z,4648.99,docker_used_memory_mb,bwa (DA353) (911),bwa (DA353) (911),2345205,911
,,0,2023-05-13T12:43:16.328999592Z,2023-06-12T12:43:16.328999592Z,2023-06-05T10:51:49.646242789Z,4488.64,docker_used_memory_mb,bwa (DA353) (911),bwa (DA353) (911),2345205,911
,,0,2023-05-13T12:43:16.328999592Z,2023-06-12T12:43:16.328999592Z,2023-06-05T10:51:51.645996374Z,3892.05,docker_used_memory_mb,bwa (DA353) (911),bwa (DA353) (911),2345205,911
,,0,2023-05-13T12:43:16.328999592Z,2023-06-12T12:43:16.328999592Z,2023-06-05T10:51:53.645794489Z,3591.48,docker_used_memory_mb,bwa (DA353) (911),bwa (DA353) (911),2345205,911
,,0,2023-05-13T12:43:16.328999592Z,2023-06-12T12:43:16.328999592Z,2023-06-05T10:51:55.649191981Z,4210.05,docker_used_memory_mb,bwa (DA353) (911),bwa (DA353) (911),2345205,911
,,0,2023-05-13T12:43:16.328999592Z,2023-06-12T12:43:16.328999592Z,2023-06-05T10:51:57.645900197Z,4371.31,docker_used_memory_mb,bwa (DA353) (911),bwa (DA353) (911),2345205,911
,,0,2023-05-13T12:43:16.328999592Z,2023-06-12T12:43:16.328999592Z,2023-06-05T10:52:00.64590576Z,4494.42,docker_used_memory_mb,bwa (DA353) (911),bwa (DA353) (911),2345205,911
,,0,2023-05-13T12:43:16.328999592Z,2023-06-12T12:43:16.328999592Z,2023-06-05T10:52:02.649417056Z,4507.06,docker_used_memory_mb,bwa (DA353) (911),bwa (DA353) (911),2345205,911
,,0,2023-05-13T12:43:16.328999592Z,2023-06-12T12:43:16.328999592Z,2023-06-05T10:52:04.646023918Z,4595.65,docker_used_memory_mb,bwa (DA353) (911),bwa (DA353) (911),2345205,911
,,0,2023-05-13T12:43:16.328999592Z,2023-06-12T12:43:16.328999592Z,2023-06-05T10:52:06.645787923Z,4618.88,docker_used_memory_mb,bwa (DA353) (911),bwa (DA353) (911),2345205,911
,,0,2023-05-13T12:43:16.328999592Z,2023-06-12T12:43:16.328999592Z,2023-06-05T10:52:08.645526357Z,4676.49,docker_used_memory_mb,bwa (DA353) (911),bwa (DA353) (911),2345205,911
,,0,2023-05-13T12:43:16.328999592Z,2023-06-12T12:43:16.328999592Z,2023-06-05T10:52:10.646572103Z,4691.54,docker_used_memory_mb,bwa (DA353) (911),bwa (DA353) (911),2345205,911
,,0,2023-05-13T12:43:16.328999592Z,2023-06-12T12:43:16.328999592Z,2023-06-05T10:52:12.64612508Z,4717.72,docker_used_memory_mb,bwa (DA353) (911),bwa (DA353) (911),2345205,911
,,0,2023-05-13T12:43:16.328999592Z,2023-06-12T12:43:16.328999592Z,2023-06-05T10:52:14.645628086Z,4740.91,docker_used_memory_mb,bwa (DA353) (911),bwa (DA353) (911),2345205,911
,,0,2023-05-13T12:43:16.328999592Z,2023-06-12T12:43:16.328999592Z,2023-06-05T10:52:16.646359842Z,4757.29,docker_used_memory_mb,bwa (DA353) (911),bwa (DA353) (911),2345205,911
,,0,2023-05-13T12:43:16.328999592Z,2023-06-12T12:43:16.328999592Z,2023-06-05T10:52:18.646188848Z,4779.6,docker_used_memory_mb,bwa (DA353) (911),bwa (DA353) (911),2345205,911
,,0,2023-05-13T12:43:16.328999592Z,2023-06-12T12:43:16.328999592Z,2023-06-05T10:52:20.64587102Z,4783.36,docker_used_memory_mb,bwa (DA353) (911),bwa (DA353) (911),2345205,911
,,0,2023-05-13T12:43:16.328999592Z,2023-06-12T12:43:16.328999592Z,2023-06-05T10:52:22.645604744Z,4787.71,docker_used_memory_mb,bwa (DA353) (911),bwa (DA353) (911),2345205,911
,,0,2023-05-13T12:43:16.328999592Z,2023-06-12T12:43:16.328999592Z,2023-06-05T10:52:24.64541935Z,4802.02,docker_used_memory_mb,bwa (DA353) (911),bwa (DA353) (911),2345205,911
,,0,2023-05-13T12:43:16.328999592Z,2023-06-12T12:43:16.328999592Z,2023-06-05T10:52:26.646218588Z,4817.93,docker_used_memory_mb,bwa (DA353) (911),bwa (DA353) (911),2345205,911
,,0,2023-05-13T12:43:16.328999592Z,2023-06-12T12:43:16.328999592Z,2023-06-05T10:52:28.646122097Z,4825.05,docker_used_memory_mb,bwa (DA353) (911),bwa (DA353) (911),2345205,911
,,0,2023-05-13T12:43:16.328999592Z,2023-06-12T12:43:16.328999592Z,2023-06-05T10:52:30.645674445Z,4826.39,docker_used_memory_mb,bwa (DA353) (911),bwa (DA353) (911),2345205,911
,,0,2023-05-13T12:43:16.328999592Z,2023-06-12T12:43:16.328999592Z,2023-06-05T10:52:32.645370787Z,4680.41,docker_used_memory_mb,bwa (DA353) (911),bwa (DA353) (911),2345205,911
,,0,2023-05-13T12:43:16.328999592Z,2023-06-12T12:43:16.328999592Z,2023-06-05T10:52:34.646129014Z,4518.19,docker_used_memory_mb,bwa (DA353) (911),bwa (DA353) (911),2345205,911
,,0,2023-05-13T12:43:16.328999592Z,2023-06-12T12:43:16.328999592Z,2023-06-05T10:52:36.645803875Z,3988.39,docker_used_memory_mb,bwa (DA353) (911),bwa (DA353) (911),2345205,911
,,0,2023-05-13T12:43:16.328999592Z,2023-06-12T12:43:16.328999592Z,2023-06-05T10:52:38.645622171Z,1584.2,docker_used_memory_mb,bwa (DA353) (911),bwa (DA353) (911),2345205,911
,,0,2023-05-13T12:43:16.328999592Z,2023-06-12T12:43:16.328999592Z,2023-06-05T10:52:40.646229223Z,3201.17,docker_used_memory_mb,bwa (DA353) (911),bwa (DA353) (911),2345205,911
,,0,2023-05-13T12:43:16.328999592Z,2023-06-12T12:43:16.328999592Z,2023-06-05T10:52:42.646439372Z,4647.78,docker_used_memory_mb,bwa (DA353) (911),bwa (DA353) (911),2345205,911
,,0,2023-05-13T12:43:16.328999592Z,2023-06-12T12:43:16.328999592Z,2023-06-05T10:52:44.645854075Z,217.43,docker_used_memory_mb,bwa (DA353) (911),bwa (DA353) (911),2345205,911
,,0,2023-05-13T12:43:16.328999592Z,2023-06-12T12:43:16.328999592Z,2023-06-05T10:52:46.645637471Z,3489.77,docker_used_memory_mb,bwa (DA353) (911),bwa (DA353) (911),2345205,911
,,0,2023-05-13T12:43:16.328999592Z,2023-06-12T12:43:16.328999592Z,2023-06-05T10:52:48.646312965Z,4715.7,docker_used_memory_mb,bwa (DA353) (911),bwa (DA353) (911),2345205,911
,,0,2023-05-13T12:43:16.328999592Z,2023-06-12T12:43:16.328999592Z,2023-06-05T10:52:50.646365668Z,293.23,docker_used_memory_mb,bwa (DA353) (911),bwa (DA353) (911),2345205,911
,,0,2023-05-13T12:43:16.328999592Z,2023-06-12T12:43:16.328999592Z,2023-06-05T10:52:52.645851034Z,4181.85,docker_used_memory_mb,bwa (DA353) (911),bwa (DA353) (911),2345205,911
,,0,2023-05-13T12:43:16.328999592Z,2023-06-12T12:43:16.328999592Z,2023-06-05T10:52:54.645528785Z,4781.85,docker_used_memory_mb,bwa (DA353) (911),bwa (DA353) (911),2345205,911
,,0,2023-05-13T12:43:16.328999592Z,2023-06-12T12:43:16.328999592Z,2023-06-05T10:52:56.646129737Z,351.3,docker_used_memory_mb,bwa (DA353) (911),bwa (DA353) (911),2345205,911
,,0,2023-05-13T12:43:16.328999592Z,2023-06-12T12:43:16.328999592Z,2023-06-05T10:52:58.645630773Z,4762.68,docker_used_memory_mb,bwa (DA353) (911),bwa (DA353) (911),2345205,911
,,0,2023-05-13T12:43:16.328999592Z,2023-06-12T12:43:16.328999592Z,2023-06-05T10:53:00.645538882Z,3442.09,docker_used_memory_mb,bwa (DA353) (911),bwa (DA353) (911),2345205,911
,,0,2023-05-13T12:43:16.328999592Z,2023-06-12T12:43:16.328999592Z,2023-06-05T10:53:02.646316449Z,1497.98,docker_used_memory_mb,bwa (DA353) (911),bwa (DA353) (911),2345205,911
,,0,2023-05-13T12:43:16.328999592Z,2023-06-12T12:43:16.328999592Z,2023-06-05T10:53:04.64596754Z,4914.08,docker_used_memory_mb,bwa (DA353) (911),bwa (DA353) (911),2345205,911
,,0,2023-05-13T12:43:16.328999592Z,2023-06-12T12:43:16.328999592Z,2023-06-05T10:53:06.6458756Z,3269.62,docker_used_memory_mb,bwa (DA353) (911),bwa (DA353) (911),2345205,911
,,0,2023-05-13T12:43:16.328999592Z,2023-06-12T12:43:16.328999592Z,2023-06-05T10:53:08.64551008Z,1500.5,docker_used_memory_mb,bwa (DA353) (911),bwa (DA353) (911),2345205,911
,,0,2023-05-13T12:43:16.328999592Z,2023-06-12T12:43:16.328999592Z,2023-06-05T10:53:10.646270127Z,4983.67,docker_used_memory_mb,bwa (DA353) (911),bwa (DA353) (911),2345205,911
,,0,2023-05-13T12:43:16.328999592Z,2023-06-12T12:43:16.328999592Z,2023-06-05T10:53:12.645918247Z,681.49,docker_used_memory_mb,bwa (DA353) (911),bwa (DA353) (911),2345205,911
,,0,2023-05-13T12:43:16.328999592Z,2023-06-12T12:43:16.328999592Z,2023-06-05T10:53:14.645744124Z,1520.57,docker_used_memory_mb,bwa (DA353) (911),bwa (DA353) (911),2345205,911
,,0,2023-05-13T12:43:16.328999592Z,2023-06-12T12:43:16.328999592Z,2023-06-05T10:53:16.645261401Z,5045.87,docker_used_memory_mb,bwa (DA353) (911),bwa (DA353) (911),2345205,911
,,0,2023-05-13T12:43:16.328999592Z,2023-06-12T12:43:16.328999592Z,2023-06-05T10:53:18.646341668Z,3092.45,docker_used_memory_mb,bwa (DA353) (911),bwa (DA353) (911),2345205,911
,,0,2023-05-13T12:43:16.328999592Z,2023-06-12T12:43:16.328999592Z,2023-06-05T10:53:20.645762031Z,1608.81,docker_used_memory_mb,bwa (DA353) (911),bwa (DA353) (911),2345205,911
,,0,2023-05-13T12:43:16.328999592Z,2023-06-12T12:43:16.328999592Z,2023-06-05T10:53:22.645575837Z,5111.88,docker_used_memory_mb,bwa (DA353) (911),bwa (DA353) (911),2345205,911
,,0,2023-05-13T12:43:16.328999592Z,2023-06-12T12:43:16.328999592Z,2023-06-05T10:53:24.646374285Z,1453.69,docker_used_memory_mb,bwa (DA353) (911),bwa (DA353) (911),2345205,911
,,0,2023-05-13T12:43:16.328999592Z,2023-06-12T12:43:16.328999592Z,2023-06-05T10:53:26.646122829Z,2124.65,docker_used_memory_mb,bwa (DA353) (911),bwa (DA353) (911),2345205,911
,,0,2023-05-13T12:43:16.328999592Z,2023-06-12T12:43:16.328999592Z,2023-06-05T10:53:28.645836552Z,5178.18,docker_used_memory_mb,bwa (DA353) (911),bwa (DA353) (911),2345205,911
,,0,2023-05-13T12:43:16.328999592Z,2023-06-12T12:43:16.328999592Z,2023-06-05T10:53:30.645754781Z,764.27,docker_used_memory_mb,bwa (DA353) (911),bwa (DA353) (911),2345205,911
,,0,2023-05-13T12:43:16.328999592Z,2023-06-12T12:43:16.328999592Z,2023-06-05T10:53:32.64626041Z,2367.14,docker_used_memory_mb,bwa (DA353) (911),bwa (DA353) (911),2345205,911
,,0,2023-05-13T12:43:16.328999592Z,2023-06-12T12:43:16.328999592Z,2023-06-05T10:53:34.646146458Z,5244.11,docker_used_memory_mb,bwa (DA353) (911),bwa (DA353) (911),2345205,911
,,0,2023-05-13T12:43:16.328999592Z,2023-06-12T12:43:16.328999592Z,2023-06-05T10:53:36.645740637Z,1358.42,docker_used_memory_mb,bwa (DA353) (911),bwa (DA353) (911),2345205,911
,,0,2023-05-13T12:43:16.328999592Z,2023-06-12T12:43:16.328999592Z,2023-06-05T10:53:38.645533103Z,1934.81,docker_used_memory_mb,bwa (DA353) (911),bwa (DA353) (911),2345205,911
,,0,2023-05-13T12:43:16.328999592Z,2023-06-12T12:43:16.328999592Z,2023-06-05T10:53:40.646177366Z,5314.66,docker_used_memory_mb,bwa (DA353) (911),bwa (DA353) (911),2345205,911
,,0,2023-05-13T12:43:16.328999592Z,2023-06-12T12:43:16.328999592Z,2023-06-05T10:53:42.645987912Z,2489.89,docker_used_memory_mb,bwa (DA353) (911),bwa (DA353) (911),2345205,911
,,0,2023-05-13T12:43:16.328999592Z,2023-06-12T12:43:16.328999592Z,2023-06-05T10:53:44.645724675Z,2013.28,docker_used_memory_mb,bwa (DA353) (911),bwa (DA353) (911),2345205,911
,,0,2023-05-13T12:43:16.328999592Z,2023-06-12T12:43:16.328999592Z,2023-06-05T10:53:46.646369968Z,5375.86,docker_used_memory_mb,bwa (DA353) (911),bwa (DA353) (911),2345205,911
,,0,2023-05-13T12:43:16.328999592Z,2023-06-12T12:43:16.328999592Z,2023-06-05T10:53:48.646148203Z,1565.84,docker_used_memory_mb,bwa (DA353) (911),bwa (DA353) (911),2345205,911
,,0,2023-05-13T12:43:16.328999592Z,2023-06-12T12:43:16.328999592Z,2023-06-05T10:53:51.645808095Z,2335.85,docker_used_memory_mb,bwa (DA353) (911),bwa (DA353) (911),2345205,911
,,0,2023-05-13T12:43:16.328999592Z,2023-06-12T12:43:16.328999592Z,2023-06-05T10:53:53.645830018Z,5441.62,docker_used_memory_mb,bwa (DA353) (911),bwa (DA353) (911),2345205,911
,,0,2023-05-13T12:43:16.328999592Z,2023-06-12T12:43:16.328999592Z,2023-06-05T10:53:55.645484919Z,1341.08,docker_used_memory_mb,bwa (DA353) (911),bwa (DA353) (911),2345205,911
,,0,2023-05-13T12:43:16.328999592Z,2023-06-12T12:43:16.328999592Z,2023-06-05T10:53:57.646092541Z,2949.82,docker_used_memory_mb,bwa (DA353) (911),bwa (DA353) (911),2345205,911
,,0,2023-05-13T12:43:16.328999592Z,2023-06-12T12:43:16.328999592Z,2023-06-05T10:53:59.645964569Z,5507.62,docker_used_memory_mb,bwa (DA353) (911),bwa (DA353) (911),2345205,911
,,0,2023-05-13T12:43:16.328999592Z,2023-06-12T12:43:16.328999592Z,2023-06-05T10:54:01.645726963Z,1612.68,docker_used_memory_mb,bwa (DA353) (911),bwa (DA353) (911),2345205,911
,,0,2023-05-13T12:43:16.328999592Z,2023-06-12T12:43:16.328999592Z,2023-06-05T10:54:03.646434508Z,2943.9,docker_used_memory_mb,bwa (DA353) (911),bwa (DA353) (911),2345205,911
,,0,2023-05-13T12:43:16.328999592Z,2023-06-12T12:43:16.328999592Z,2023-06-05T10:54:05.646122511Z,5573.62,docker_used_memory_mb,bwa (DA353) (911),bwa (DA353) (911),2345205,911
,,0,2023-05-13T12:43:16.328999592Z,2023-06-12T12:43:16.328999592Z,2023-06-05T10:54:07.645856524Z,1444.21,docker_used_memory_mb,bwa (DA353) (911),bwa (DA353) (911),2345205,911
,,0,2023-05-13T12:43:16.328999592Z,2023-06-12T12:43:16.328999592Z,2023-06-05T10:54:09.645550216Z,2951.28,docker_used_memory_mb,bwa (DA353) (911),bwa (DA353) (911),2345205,911
,,0,2023-05-13T12:43:16.328999592Z,2023-06-12T12:43:16.328999592Z,2023-06-05T10:54:11.646350934Z,5640.16,docker_used_memory_mb,bwa (DA353) (911),bwa (DA353) (911),2345205,911
,,0,2023-05-13T12:43:16.328999592Z,2023-06-12T12:43:16.328999592Z,2023-06-05T10:54:13.64614362Z,1610.87,docker_used_memory_mb,bwa (DA353) (911),bwa (DA353) (911),2345205,911
,,0,2023-05-13T12:43:16.328999592Z,2023-06-12T12:43:16.328999592Z,2023-06-05T10:54:15.645719718Z,2983.99,docker_used_memory_mb,bwa (DA353) (911),bwa (DA353) (911),2345205,911
,,0,2023-05-13T12:43:16.328999592Z,2023-06-12T12:43:16.328999592Z,2023-06-05T10:54:17.645507193Z,5713.11,docker_used_memory_mb,bwa (DA353) (911),bwa (DA353) (911),2345205,911
,,0,2023-05-13T12:43:16.328999592Z,2023-06-12T12:43:16.328999592Z,2023-06-05T10:54:19.646120015Z,1743.4,docker_used_memory_mb,bwa (DA353) (911),bwa (DA353) (911),2345205,911
,,0,2023-05-13T12:43:16.328999592Z,2023-06-12T12:43:16.328999592Z,2023-06-05T10:54:21.645727885Z,3166.35,docker_used_memory_mb,bwa (DA353) (911),bwa (DA353) (911),2345205,911
,,0,2023-05-13T12:43:16.328999592Z,2023-06-12T12:43:16.328999592Z,2023-06-05T10:54:23.64551295Z,5771.76,docker_used_memory_mb,bwa (DA353) (911),bwa (DA353) (911),2345205,911
,,0,2023-05-13T12:43:16.328999592Z,2023-06-12T12:43:16.328999592Z,2023-06-05T10:54:25.646224845Z,1924.79,docker_used_memory_mb,bwa (DA353) (911),bwa (DA353) (911),2345205,911
,,0,2023-05-13T12:43:16.328999592Z,2023-06-12T12:43:16.328999592Z,2023-06-05T10:54:27.64599534Z,3637.58,docker_used_memory_mb,bwa (DA353) (911),bwa (DA353) (911),2345205,911
,,0,2023-05-13T12:43:16.328999592Z,2023-06-12T12:43:16.328999592Z,2023-06-05T10:54:29.64562681Z,5844.03,docker_used_memory_mb,bwa (DA353) (911),bwa (DA353) (911),2345205,911
,,0,2023-05-13T12:43:16.328999592Z,2023-06-12T12:43:16.328999592Z,2023-06-05T10:54:31.645395525Z,2096.84,docker_used_memory_mb,bwa (DA353) (911),bwa (DA353) (911),2345205,911
,,0,2023-05-13T12:43:16.328999592Z,2023-06-12T12:43:16.328999592Z,2023-06-05T10:54:33.646128291Z,3844.59,docker_used_memory_mb,bwa (DA353) (911),bwa (DA353) (911),2345205,911
,,0,2023-05-13T12:43:16.328999592Z,2023-06-12T12:43:16.328999592Z,2023-06-05T10:54:35.645771511Z,5903.95,docker_used_memory_mb,bwa (DA353) (911),bwa (DA353) (911),2345205,911
,,0,2023-05-13T12:43:16.328999592Z,2023-06-12T12:43:16.328999592Z,2023-06-05T10:54:37.645432082Z,2157.29,docker_used_memory_mb,bwa (DA353) (911),bwa (DA353) (911),2345205,911
,,0,2023-05-13T12:43:16.328999592Z,2023-06-12T12:43:16.328999592Z,2023-06-05T10:54:39.646172768Z,3830.12,docker_used_memory_mb,bwa (DA353) (911),bwa (DA353) (911),2345205,911
,,0,2023-05-13T12:43:16.328999592Z,2023-06-12T12:43:16.328999592Z,2023-06-05T10:54:41.64584242Z,5969.96,docker_used_memory_mb,bwa (DA353) (911),bwa (DA353) (911),2345205,911
,,0,2023-05-13T12:43:16.328999592Z,2023-06-12T12:43:16.328999592Z,2023-06-05T10:54:43.645580723Z,2222.82,docker_used_memory_mb,bwa (DA353) (911),bwa (DA353) (911),2345205,911
,,0,2023-05-13T12:43:16.328999592Z,2023-06-12T12:43:16.328999592Z,2023-06-05T10:54:45.646263658Z,3737.8,docker_used_memory_mb,bwa (DA353) (911),bwa (DA353) (911),2345205,911
,,0,2023-05-13T12:43:16.328999592Z,2023-06-12T12:43:16.328999592Z,2023-06-05T10:54:47.64626228Z,6035.95,docker_used_memory_mb,bwa (DA353) (911),bwa (DA353) (911),2345205,911
,,0,2023-05-13T12:43:16.328999592Z,2023-06-12T12:43:16.328999592Z,2023-06-05T10:54:49.645868149Z,1578.33,docker_used_memory_mb,bwa (DA353) (911),bwa (DA353) (911),2345205,911
,,0,2023-05-13T12:43:16.328999592Z,2023-06-12T12:43:16.328999592Z,2023-06-05T10:54:51.645556441Z,4657.2,docker_used_memory_mb,bwa (DA353) (911),bwa (DA353) (911),2345205,911
,,0,2023-05-13T12:43:16.328999592Z,2023-06-12T12:43:16.328999592Z,2023-06-05T10:54:53.646527455Z,6102.83,docker_used_memory_mb,bwa (DA353) (911),bwa (DA353) (911),2345205,911
,,0,2023-05-13T12:43:16.328999592Z,2023-06-12T12:43:16.328999592Z,2023-06-05T10:54:55.646086633Z,1664.62,docker_used_memory_mb,bwa (DA353) (911),bwa (DA353) (911),2345205,911
,,0,2023-05-13T12:43:16.328999592Z,2023-06-12T12:43:16.328999592Z,2023-06-05T10:54:57.645740744Z,5174.52,docker_used_memory_mb,bwa (DA353) (911),bwa (DA353) (911),2345205,911
,,0,2023-05-13T12:43:16.328999592Z,2023-06-12T12:43:16.328999592Z,2023-06-05T10:54:59.645689254Z,6171.57,docker_used_memory_mb,bwa (DA353) (911),bwa (DA353) (911),2345205,911
,,0,2023-05-13T12:43:16.328999592Z,2023-06-12T12:43:16.328999592Z,2023-06-05T10:55:01.646398279Z,1737.29,docker_used_memory_mb,bwa (DA353) (911),bwa (DA353) (911),2345205,911
,,0,2023-05-13T12:43:16.328999592Z,2023-06-12T12:43:16.328999592Z,2023-06-05T10:55:03.645898195Z,6143.75,docker_used_memory_mb,bwa (DA353) (911),bwa (DA353) (911),2345205,911
,,0,2023-05-13T12:43:16.328999592Z,2023-06-12T12:43:16.328999592Z,2023-06-05T10:55:05.646708664Z,6233.67,docker_used_memory_mb,bwa (DA353) (911),bwa (DA353) (911),2345205,911
,,0,2023-05-13T12:43:16.328999592Z,2023-06-12T12:43:16.328999592Z,2023-06-05T10:55:07.645638411Z,2232.01,docker_used_memory_mb,bwa (DA353) (911),bwa (DA353) (911),2345205,911
,,0,2023-05-13T12:43:16.328999592Z,2023-06-12T12:43:16.328999592Z,2023-06-05T10:55:09.646329136Z,6299.69,docker_used_memory_mb,bwa (DA353) (911),bwa (DA353) (911),2345205,911
,,0,2023-05-13T12:43:16.328999592Z,2023-06-12T12:43:16.328999592Z,2023-06-05T10:55:11.645811262Z,6209.94,docker_used_memory_mb,bwa (DA353) (911),bwa (DA353) (911),2345205,911
,,0,2023-05-13T12:43:16.328999592Z,2023-06-12T12:43:16.328999592Z,2023-06-05T10:55:13.645535675Z,2614.59,docker_used_memory_mb,bwa (DA353) (911),bwa (DA353) (911),2345205,911
,,0,2023-05-13T12:43:16.328999592Z,2023-06-12T12:43:16.328999592Z,2023-06-05T10:55:15.646188869Z,6365.71,docker_used_memory_mb,bwa (DA353) (911),bwa (DA353) (911),2345205,911
,,0,2023-05-13T12:43:16.328999592Z,2023-06-12T12:43:16.328999592Z,2023-06-05T10:55:17.645917762Z,6365.71,docker_used_memory_mb,bwa (DA353) (911),bwa (DA353) (911),2345205,911
,,0,2023-05-13T12:43:16.328999592Z,2023-06-12T12:43:16.328999592Z,2023-06-05T10:55:19.645623484Z,2725.27,docker_used_memory_mb,bwa (DA353) (911),bwa (DA353) (911),2345205,911
,,0,2023-05-13T12:43:16.328999592Z,2023-06-12T12:43:16.328999592Z,2023-06-05T10:55:21.645337347Z,6432.27,docker_used_memory_mb,bwa (DA353) (911),bwa (DA353) (911),2345205,911
,,0,2023-05-13T12:43:16.328999592Z,2023-06-12T12:43:16.328999592Z,2023-06-05T10:55:23.646113904Z,6432.15,docker_used_memory_mb,bwa (DA353) (911),bwa (DA353) (911),2345205,911
,,0,2023-05-13T12:43:16.328999592Z,2023-06-12T12:43:16.328999592Z,2023-06-05T10:55:25.645990323Z,2625.84,docker_used_memory_mb,bwa (DA353) (911),bwa (DA353) (911),2345205,911
,,0,2023-05-13T12:43:16.328999592Z,2023-06-12T12:43:16.328999592Z,2023-06-05T10:55:27.645655844Z,6498.31,docker_used_memory_mb,bwa (DA353) (911),bwa (DA353) (911),2345205,911
,,0,2023-05-13T12:43:16.328999592Z,2023-06-12T12:43:16.328999592Z,2023-06-05T10:55:29.646257616Z,3721.33,docker_used_memory_mb,bwa (DA353) (911),bwa (DA353) (911),2345205,911
,,0,2023-05-13T12:43:16.328999592Z,2023-06-12T12:43:16.328999592Z,2023-06-05T10:55:31.649226434Z,3264.01,docker_used_memory_mb,bwa (DA353) (911),bwa (DA353) (911),2345205,911
,,0,2023-05-13T12:43:16.328999592Z,2023-06-12T12:43:16.328999592Z,2023-06-05T10:55:33.645877668Z,6564.27,docker_used_memory_mb,bwa (DA353) (911),bwa (DA353) (911),2345205,911
,,0,2023-05-13T12:43:16.328999592Z,2023-06-12T12:43:16.328999592Z,2023-06-05T10:55:35.64558133Z,2148.35,docker_used_memory_mb,bwa (DA353) (911),bwa (DA353) (911),2345205,911
,,0,2023-05-13T12:43:16.328999592Z,2023-06-12T12:43:16.328999592Z,2023-06-05T10:55:38.64547938Z,3524.7,docker_used_memory_mb,bwa (DA353) (911),bwa (DA353) (911),2345205,911
,,0,2023-05-13T12:43:16.328999592Z,2023-06-12T12:43:16.328999592Z,2023-06-05T10:55:40.646257907Z,6630.33,docker_used_memory_mb,bwa (DA353) (911),bwa (DA353) (911),2345205,911
,,0,2023-05-13T12:43:16.328999592Z,2023-06-12T12:43:16.328999592Z,2023-06-05T10:55:42.645749833Z,2469.92,docker_used_memory_mb,bwa (DA353) (911),bwa (DA353) (911),2345205,911
,,0,2023-05-13T12:43:16.328999592Z,2023-06-12T12:43:16.328999592Z,2023-06-05T10:55:44.645402554Z,4005.72,docker_used_memory_mb,bwa (DA353) (911),bwa (DA353) (911),2345205,911
,,0,2023-05-13T12:43:16.328999592Z,2023-06-12T12:43:16.328999592Z,2023-06-05T10:55:46.646208362Z,6696.27,docker_used_memory_mb,bwa (DA353) (911),bwa (DA353) (911),2345205,911
,,0,2023-05-13T12:43:16.328999592Z,2023-06-12T12:43:16.328999592Z,2023-06-05T10:55:48.6460726Z,2922.17,docker_used_memory_mb,bwa (DA353) (911),bwa (DA353) (911),2345205,911
,,0,2023-05-13T12:43:16.328999592Z,2023-06-12T12:43:16.328999592Z,2023-06-05T10:55:50.645642118Z,4693.99,docker_used_memory_mb,bwa (DA353) (911),bwa (DA353) (911),2345205,911
,,0,2023-05-13T12:43:16.328999592Z,2023-06-12T12:43:16.328999592Z,2023-06-05T10:55:52.646605991Z,6762.49,docker_used_memory_mb,bwa (DA353) (911),bwa (DA353) (911),2345205,911
,,0,2023-05-13T12:43:16.328999592Z,2023-06-12T12:43:16.328999592Z,2023-06-05T10:55:54.645993814Z,2296.62,docker_used_memory_mb,bwa (DA353) (911),bwa (DA353) (911),2345205,911
,,0,2023-05-13T12:43:16.328999592Z,2023-06-12T12:43:16.328999592Z,2023-06-05T10:55:56.645909083Z,5509.5,docker_used_memory_mb,bwa (DA353) (911),bwa (DA353) (911),2345205,911
,,0,2023-05-13T12:43:16.328999592Z,2023-06-12T12:43:16.328999592Z,2023-06-05T10:55:58.645518243Z,6828.5,docker_used_memory_mb,bwa (DA353) (911),bwa (DA353) (911),2345205,911
,,0,2023-05-13T12:43:16.328999592Z,2023-06-12T12:43:16.328999592Z,2023-06-05T10:56:00.646341662Z,2405.61,docker_used_memory_mb,bwa (DA353) (911),bwa (DA353) (911),2345205,911
,,0,2023-05-13T12:43:16.328999592Z,2023-06-12T12:43:16.328999592Z,2023-06-05T10:56:02.646106566Z,5900.68,docker_used_memory_mb,bwa (DA353) (911),bwa (DA353) (911),2345205,911
,,0,2023-05-13T12:43:16.328999592Z,2023-06-12T12:43:16.328999592Z,2023-06-05T10:56:04.645695685Z,6894.48,docker_used_memory_mb,bwa (DA353) (911),bwa (DA353) (911),2345205,911
,,0,2023-05-13T12:43:16.328999592Z,2023-06-12T12:43:16.328999592Z,2023-06-05T10:56:06.645631045Z,2468.04,docker_used_memory_mb,bwa (DA353) (911),bwa (DA353) (911),2345205,911
,,0,2023-05-13T12:43:16.328999592Z,2023-06-12T12:43:16.328999592Z,2023-06-05T10:56:08.646253627Z,6244.4,docker_used_memory_mb,bwa (DA353) (911),bwa (DA353) (911),2345205,911
,,0,2023-05-13T12:43:16.328999592Z,2023-06-12T12:43:16.328999592Z,2023-06-05T10:56:10.646049053Z,6964.4,docker_used_memory_mb,bwa (DA353) (911),bwa (DA353) (911),2345205,911
,,0,2023-05-13T12:43:16.328999592Z,2023-06-12T12:43:16.328999592Z,2023-06-05T10:56:12.645736645Z,2530.81,docker_used_memory_mb,bwa (DA353) (911),bwa (DA353) (911),2345205,911
,,0,2023-05-13T12:43:16.328999592Z,2023-06-12T12:43:16.328999592Z,2023-06-05T10:56:14.645374585Z,6500.91,docker_used_memory_mb,bwa (DA353) (911),bwa (DA353) (911),2345205,911
,,0,2023-05-13T12:43:16.328999592Z,2023-06-12T12:43:16.328999592Z,2023-06-05T10:56:16.646118891Z,7027.23,docker_used_memory_mb,bwa (DA353) (911),bwa (DA353) (911),2345205,911
,,0,2023-05-13T12:43:16.328999592Z,2023-06-12T12:43:16.328999592Z,2023-06-05T10:56:18.646024231Z,2599.48,docker_used_memory_mb,bwa (DA353) (911),bwa (DA353) (911),2345205,911
,,0,2023-05-13T12:43:16.328999592Z,2023-06-12T12:43:16.328999592Z,2023-06-05T10:56:20.645573448Z,6863.87,docker_used_memory_mb,bwa (DA353) (911),bwa (DA353) (911),2345205,911
,,0,2023-05-13T12:43:16.328999592Z,2023-06-12T12:43:16.328999592Z,2023-06-05T10:56:22.646561372Z,6863.71,docker_used_memory_mb,bwa (DA353) (911),bwa (DA353) (911),2345205,911
,,0,2023-05-13T12:43:16.328999592Z,2023-06-12T12:43:16.328999592Z,2023-06-05T10:56:24.646031957Z,2541.51,docker_used_memory_mb,bwa (DA353) (911),bwa (DA353) (911),2345205,911
,,0,2023-05-13T12:43:16.328999592Z,2023-06-12T12:43:16.328999592Z,2023-06-05T10:56:26.645783071Z,2546.84,docker_used_memory_mb,bwa (DA353) (911),bwa (DA353) (911),2345205,911
,,0,2023-05-13T12:43:16.328999592Z,2023-06-12T12:43:16.328999592Z,2023-06-05T10:56:28.645703831Z,2552.54,docker_used_memory_mb,bwa (DA353) (911),bwa (DA353) (911),2345205,911
,,0,2023-05-13T12:43:16.328999592Z,2023-06-12T12:43:16.328999592Z,2023-06-05T10:56:30.646312553Z,51.69,docker_used_memory_mb,bwa (DA353) (911),bwa (DA353) (911),2345205,911
