#datatype,string,long,dateTime:RFC3339,dateTime:RFC3339,dateTime:RFC3339,string,string,string,string,string,string,string
#group,false,false,true,true,false,false,false,false,false,false,false,false
#default,_result,,,,,,,,,,,
,result,table,_start,_stop,_time,_value,_field,_measurement,name,path,pid,tid
,,0,2023-05-24T11:55:25.984633442Z,2023-05-31T11:55:25.984633442Z,2023-05-29T13:19:23.708201877Z,CREATE,file_event,NFCORE_SAREK:SAREK:BAM_VARIANT_CALLING_GERMLINE_ALL:BAM_VARIANT_CALLING_SINGLE_STRELKA:STRELKA_SINGLE (SRR11452394) (1636),NFCORE_SAREK:SAREK:BAM_VARIANT_CALLING_GERMLINE_ALL:BAM_VARIANT_CALLING_SINGLE_STRELKA:STRELKA_SINGLE (SRR11452394) (1636),/home/nilsd/nextflow/build/work/be/612e0552ceb4ba5f6804f1d15e13ec/.command.trace,2278029,1636
,,0,2023-05-24T11:55:25.984633442Z,2023-05-31T11:55:25.984633442Z,2023-05-29T13:19:23.842649541Z,CREATE,file_event,NFCORE_SAREK:SAREK:BAM_VARIANT_CALLING_GERMLINE_ALL:BAM_VARIANT_CALLING_SINGLE_STRELKA:STRELKA_SINGLE (SRR11452394) (1636),NFCORE_SAREK:SAREK:BAM_VARIANT_CALLING_GERMLINE_ALL:BAM_VARIANT_CALLING_SINGLE_STRELKA:STRELKA_SINGLE (SRR11452394) (1636),/home/nilsd/nextflow/build/work/be/612e0552ceb4ba5f6804f1d15e13ec/strelka,2278029,1636
,,0,2023-05-24T11:55:25.984633442Z,2023-05-31T11:55:25.984633442Z,2023-05-29T13:19:23.846090913Z,CREATE,file_event,NFCORE_SAREK:SAREK:BAM_VARIANT_CALLING_GERMLINE_ALL:BAM_VARIANT_CALLING_SINGLE_STRELKA:STRELKA_SINGLE (SRR11452394) (1636),NFCORE_SAREK:SAREK:BAM_VARIANT_CALLING_GERMLINE_ALL:BAM_VARIANT_CALLING_SINGLE_STRELKA:STRELKA_SINGLE (SRR11452394) (1636),/home/nilsd/nextflow/build/work/be/612e0552ceb4ba5f6804f1d15e13ec/strelka/results,2278029,1636
,,0,2023-05-24T11:55:25.984633442Z,2023-05-31T11:55:25.984633442Z,2023-05-29T13:19:23.848850382Z,CREATE,file_event,NFCORE_SAREK:SAREK:BAM_VARIANT_CALLING_GERMLINE_ALL:BAM_VARIANT_CALLING_SINGLE_STRELKA:STRELKA_SINGLE (SRR11452394) (1636),NFCORE_SAREK:SAREK:BAM_VARIANT_CALLING_GERMLINE_ALL:BAM_VARIANT_CALLING_SINGLE_STRELKA:STRELKA_SINGLE (SRR11452394) (1636),/home/nilsd/nextflow/build/work/be/612e0552ceb4ba5f6804f1d15e13ec/strelka/workspace,2278029,1636
,,0,2023-05-24T11:55:25.984633442Z,2023-05-31T11:55:25.984633442Z,2023-05-29T13:19:23.851259761Z,CREATE,file_event,NFCORE_SAREK:SAREK:BAM_VARIANT_CALLING_GERMLINE_ALL:BAM_VARIANT_CALLING_SINGLE_STRELKA:STRELKA_SINGLE (SRR11452394) (1636),NFCORE_SAREK:SAREK:BAM_VARIANT_CALLING_GERMLINE_ALL:BAM_VARIANT_CALLING_SINGLE_STRELKA:STRELKA_SINGLE (SRR11452394) (1636),/home/nilsd/nextflow/build/work/be/612e0552ceb4ba5f6804f1d15e13ec/strelka/results/variants,2278029,1636
,,0,2023-05-24T11:55:25.984633442Z,2023-05-31T11:55:25.984633442Z,2023-05-29T13:19:23.854135504Z,CREATE,file_event,NFCORE_SAREK:SAREK:BAM_VARIANT_CALLING_GERMLINE_ALL:BAM_VARIANT_CALLING_SINGLE_STRELKA:STRELKA_SINGLE (SRR11452394) (1636),NFCORE_SAREK:SAREK:BAM_VARIANT_CALLING_GERMLINE_ALL:BAM_VARIANT_CALLING_SINGLE_STRELKA:STRELKA_SINGLE (SRR11452394) (1636),/home/nilsd/nextflow/build/work/be/612e0552ceb4ba5f6804f1d15e13ec/strelka/results/stats,2278029,1636
,,0,2023-05-24T11:55:25.984633442Z,2023-05-31T11:55:25.984633442Z,2023-05-29T13:19:23.857420381Z,CREATE,file_event,NFCORE_SAREK:SAREK:BAM_VARIANT_CALLING_GERMLINE_ALL:BAM_VARIANT_CALLING_SINGLE_STRELKA:STRELKA_SINGLE (SRR11452394) (1636),NFCORE_SAREK:SAREK:BAM_VARIANT_CALLING_GERMLINE_ALL:BAM_VARIANT_CALLING_SINGLE_STRELKA:STRELKA_SINGLE (SRR11452394) (1636),/home/nilsd/nextflow/build/work/be/612e0552ceb4ba5f6804f1d15e13ec/strelka/results,2278029,1636
,,0,2023-05-24T11:55:25.984633442Z,2023-05-31T11:55:25.984633442Z,2023-05-29T13:19:23.859423065Z,CREATE,file_event,NFCORE_SAREK:SAREK:BAM_VARIANT_CALLING_GERMLINE_ALL:BAM_VARIANT_CALLING_SINGLE_STRELKA:STRELKA_SINGLE (SRR11452394) (1636),NFCORE_SAREK:SAREK:BAM_VARIANT_CALLING_GERMLINE_ALL:BAM_VARIANT_CALLING_SINGLE_STRELKA:STRELKA_SINGLE (SRR11452394) (1636),/home/nilsd/nextflow/build/work/be/612e0552ceb4ba5f6804f1d15e13ec/strelka/results/variants,2278029,1636
,,0,2023-05-24T11:55:25.984633442Z,2023-05-31T11:55:25.984633442Z,2023-05-29T13:19:23.861511503Z,CREATE,file_event,NFCORE_SAREK:SAREK:BAM_VARIANT_CALLING_GERMLINE_ALL:BAM_VARIANT_CALLING_SINGLE_STRELKA:STRELKA_SINGLE (SRR11452394) (1636),NFCORE_SAREK:SAREK:BAM_VARIANT_CALLING_GERMLINE_ALL:BAM_VARIANT_CALLING_SINGLE_STRELKA:STRELKA_SINGLE (SRR11452394) (1636),/home/nilsd/nextflow/build/work/be/612e0552ceb4ba5f6804f1d15e13ec/strelka/results/stats,2278029,1636
,,0,2023-05-24T11:55:25.984633442Z,2023-05-31T11:55:25.984633442Z,2023-05-29T13:19:23.863646323Z,CREATE,file_event,NFCORE_SAREK:SAREK:BAM_VARIANT_CALLING_GERMLINE_ALL:BAM_VARIANT_CALLING_SINGLE_STRELKA:STRELKA_SINGLE (SRR11452394) (1636),NFCORE_SAREK:SAREK:BAM_VARIANT_CALLING_GERMLINE_ALL:BAM_VARIANT_CALLING_SINGLE_STRELKA:STRELKA_SINGLE (SRR11452394) (1636),/home/nilsd/nextflow/build/work/be/612e0552ceb4ba5f6804f1d15e13ec/strelka/results/stats,2278029,1636
,,0,2023-05-24T11:55:25.984633442Z,2023-05-31T11:55:25.984633442Z,2023-05-29T13:19:23.865876915Z,CREATE,file_event,NFCORE_SAREK:SAREK:BAM_VARIANT_CALLING_GERMLINE_ALL:BAM_VARIANT_CALLING_SINGLE_STRELKA:STRELKA_SINGLE (SRR11452394) (1636),NFCORE_SAREK:SAREK:BAM_VARIANT_CALLING_GERMLINE_ALL:BAM_VARIANT_CALLING_SINGLE_STRELKA:STRELKA_SINGLE (SRR11452394) (1636),/home/nilsd/nextflow/build/work/be/612e0552ceb4ba5f6804f1d15e13ec/strelka/runWorkflow.py.config.pickle,2278029,1636
,,0,2023-05-24T11:55:25.984633442Z,2023-05-31T11:55:25.984633442Z,2023-05-29T13:19:23.868249562Z,CREATE,file_event,NFCORE_SAREK:SAREK:BAM_VARIANT_CALLING_GERMLINE_ALL:BAM_VARIANT_CALLING_SINGLE_STRELKA:STRELKA_SINGLE (SRR11452394) (1636),NFCORE_SAREK:SAREK:BAM_VARIANT_CALLING_GERMLINE_ALL:BAM_VARIANT_CALLING_SINGLE_STRELKA:STRELKA_SINGLE (SRR11452394) (1636),/home/nilsd/nextflow/build/work/be/612e0552ceb4ba5f6804f1d15e13ec/strelka/runWorkflow.py,2278029,1636
,,0,2023-05-24T11:55:25.984633442Z,2023-05-31T11:55:25.984633442Z,2023-05-29T13:19:23.918229034Z,CREATE,file_event,NFCORE_SAREK:SAREK:BAM_VARIANT_CALLING_GERMLINE_ALL:BAM_VARIANT_CALLING_SINGLE_STRELKA:STRELKA_SINGLE (SRR11452394) (1636),NFCORE_SAREK:SAREK:BAM_VARIANT_CALLING_GERMLINE_ALL:BAM_VARIANT_CALLING_SINGLE_STRELKA:STRELKA_SINGLE (SRR11452394) (1636),/home/nilsd/nextflow/build/work/be/612e0552ceb4ba5f6804f1d15e13ec/strelka/workspace/pyflow.data,2278029,1636
,,0,2023-05-24T11:55:25.984633442Z,2023-05-31T11:55:25.984633442Z,2023-05-29T13:19:23.921750708Z,CREATE,file_event,NFCORE_SAREK:SAREK:BAM_VARIANT_CALLING_GERMLINE_ALL:BAM_VARIANT_CALLING_SINGLE_STRELKA:STRELKA_SINGLE (SRR11452394) (1636),NFCORE_SAREK:SAREK:BAM_VARIANT_CALLING_GERMLINE_ALL:BAM_VARIANT_CALLING_SINGLE_STRELKA:STRELKA_SINGLE (SRR11452394) (1636),/home/nilsd/nextflow/build/work/be/612e0552ceb4ba5f6804f1d15e13ec/strelka/workspace/pyflow.data/logs,2278029,1636
,,0,2023-05-24T11:55:25.984633442Z,2023-05-31T11:55:25.984633442Z,2023-05-29T13:19:23.924631102Z,CREATE,file_event,NFCORE_SAREK:SAREK:BAM_VARIANT_CALLING_GERMLINE_ALL:BAM_VARIANT_CALLING_SINGLE_STRELKA:STRELKA_SINGLE (SRR11452394) (1636),NFCORE_SAREK:SAREK:BAM_VARIANT_CALLING_GERMLINE_ALL:BAM_VARIANT_CALLING_SINGLE_STRELKA:STRELKA_SINGLE (SRR11452394) (1636),/home/nilsd/nextflow/build/work/be/612e0552ceb4ba5f6804f1d15e13ec/strelka/workspace/pyflow.data/active_pyflow_process.txt,2278029,1636
,,0,2023-05-24T11:55:25.984633442Z,2023-05-31T11:55:25.984633442Z,2023-05-29T13:19:23.92703681Z,CREATE,file_event,NFCORE_SAREK:SAREK:BAM_VARIANT_CALLING_GERMLINE_ALL:BAM_VARIANT_CALLING_SINGLE_STRELKA:STRELKA_SINGLE (SRR11452394) (1636),NFCORE_SAREK:SAREK:BAM_VARIANT_CALLING_GERMLINE_ALL:BAM_VARIANT_CALLING_SINGLE_STRELKA:STRELKA_SINGLE (SRR11452394) (1636),/home/nilsd/nextflow/build/work/be/612e0552ceb4ba5f6804f1d15e13ec/strelka/workspace/pyflow.data/logs/pyflow_log.txt,2278029,1636
,,0,2023-05-24T11:55:25.984633442Z,2023-05-31T11:55:25.984633442Z,2023-05-29T13:19:23.929374536Z,CREATE,file_event,NFCORE_SAREK:SAREK:BAM_VARIANT_CALLING_GERMLINE_ALL:BAM_VARIANT_CALLING_SINGLE_STRELKA:STRELKA_SINGLE (SRR11452394) (1636),NFCORE_SAREK:SAREK:BAM_VARIANT_CALLING_GERMLINE_ALL:BAM_VARIANT_CALLING_SINGLE_STRELKA:STRELKA_SINGLE (SRR11452394) (1636),/home/nilsd/nextflow/build/work/be/612e0552ceb4ba5f6804f1d15e13ec/strelka/workspace/pyflow.data/active_pyflow_process.txt,2278029,1636
,,0,2023-05-24T11:55:25.984633442Z,2023-05-31T11:55:25.984633442Z,2023-05-29T13:19:23.931968Z,CREATE,file_event,NFCORE_SAREK:SAREK:BAM_VARIANT_CALLING_GERMLINE_ALL:BAM_VARIANT_CALLING_SINGLE_STRELKA:STRELKA_SINGLE (SRR11452394) (1636),NFCORE_SAREK:SAREK:BAM_VARIANT_CALLING_GERMLINE_ALL:BAM_VARIANT_CALLING_SINGLE_STRELKA:STRELKA_SINGLE (SRR11452394) (1636),/home/nilsd/nextflow/build/work/be/612e0552ceb4ba5f6804f1d15e13ec/strelka/workspace/pyflow.data/state,2278029,1636
,,0,2023-05-24T11:55:25.984633442Z,2023-05-31T11:55:25.984633442Z,2023-05-29T13:19:23.934764561Z,CREATE,file_event,NFCORE_SAREK:SAREK:BAM_VARIANT_CALLING_GERMLINE_ALL:BAM_VARIANT_CALLING_SINGLE_STRELKA:STRELKA_SINGLE (SRR11452394) (1636),NFCORE_SAREK:SAREK:BAM_VARIANT_CALLING_GERMLINE_ALL:BAM_VARIANT_CALLING_SINGLE_STRELKA:STRELKA_SINGLE (SRR11452394) (1636),/home/nilsd/nextflow/build/work/be/612e0552ceb4ba5f6804f1d15e13ec/strelka/workspace/pyflow.data/state/pyflow_tasks_info.txt,2278029,1636
,,0,2023-05-24T11:55:25.984633442Z,2023-05-31T11:55:25.984633442Z,2023-05-29T13:19:23.937774409Z,CREATE,file_event,NFCORE_SAREK:SAREK:BAM_VARIANT_CALLING_GERMLINE_ALL:BAM_VARIANT_CALLING_SINGLE_STRELKA:STRELKA_SINGLE (SRR11452394) (1636),NFCORE_SAREK:SAREK:BAM_VARIANT_CALLING_GERMLINE_ALL:BAM_VARIANT_CALLING_SINGLE_STRELKA:STRELKA_SINGLE (SRR11452394) (1636),/home/nilsd/nextflow/build/work/be/612e0552ceb4ba5f6804f1d15e13ec/strelka/workspace/pyflow.data/logs/tmp,2278029,1636
,,0,2023-05-24T11:55:25.984633442Z,2023-05-31T11:55:25.984633442Z,2023-05-29T13:19:23.941490209Z,CREATE,file_event,NFCORE_SAREK:SAREK:BAM_VARIANT_CALLING_GERMLINE_ALL:BAM_VARIANT_CALLING_SINGLE_STRELKA:STRELKA_SINGLE (SRR11452394) (1636),NFCORE_SAREK:SAREK:BAM_VARIANT_CALLING_GERMLINE_ALL:BAM_VARIANT_CALLING_SINGLE_STRELKA:STRELKA_SINGLE (SRR11452394) (1636),/home/nilsd/nextflow/build/work/be/612e0552ceb4ba5f6804f1d15e13ec/strelka/workspace/pyflow.data/logs/tmp/taskWrapperLogs,2278029,1636
,,0,2023-05-24T11:55:25.984633442Z,2023-05-31T11:55:25.984633442Z,2023-05-29T13:19:23.943972699Z,CREATE,file_event,NFCORE_SAREK:SAREK:BAM_VARIANT_CALLING_GERMLINE_ALL:BAM_VARIANT_CALLING_SINGLE_STRELKA:STRELKA_SINGLE (SRR11452394) (1636),NFCORE_SAREK:SAREK:BAM_VARIANT_CALLING_GERMLINE_ALL:BAM_VARIANT_CALLING_SINGLE_STRELKA:STRELKA_SINGLE (SRR11452394) (1636),/home/nilsd/nextflow/build/work/be/612e0552ceb4ba5f6804f1d15e13ec/strelka/workspace/pyflow.data/logs/tmp/stackDumpLog,2278029,1636
,,0,2023-05-24T11:55:25.984633442Z,2023-05-31T11:55:25.984633442Z,2023-05-29T13:19:23.94674679Z,CREATE,file_event,NFCORE_SAREK:SAREK:BAM_VARIANT_CALLING_GERMLINE_ALL:BAM_VARIANT_CALLING_SINGLE_STRELKA:STRELKA_SINGLE (SRR11452394) (1636),NFCORE_SAREK:SAREK:BAM_VARIANT_CALLING_GERMLINE_ALL:BAM_VARIANT_CALLING_SINGLE_STRELKA:STRELKA_SINGLE (SRR11452394) (1636),/home/nilsd/nextflow/build/work/be/612e0552ceb4ba5f6804f1d15e13ec/strelka/workflow.warning.log.txt,2278029,1636
,,0,2023-05-24T11:55:25.984633442Z,2023-05-31T11:55:25.984633442Z,2023-05-29T13:19:23.949192039Z,CREATE,file_event,NFCORE_SAREK:SAREK:BAM_VARIANT_CALLING_GERMLINE_ALL:BAM_VARIANT_CALLING_SINGLE_STRELKA:STRELKA_SINGLE (SRR11452394) (1636),NFCORE_SAREK:SAREK:BAM_VARIANT_CALLING_GERMLINE_ALL:BAM_VARIANT_CALLING_SINGLE_STRELKA:STRELKA_SINGLE (SRR11452394) (1636),/home/nilsd/nextflow/build/work/be/612e0552ceb4ba5f6804f1d15e13ec/strelka/workflow.error.log.txt,2278029,1636
,,0,2023-05-24T11:55:25.984633442Z,2023-05-31T11:55:25.984633442Z,2023-05-29T13:19:23.951822264Z,CREATE,file_event,NFCORE_SAREK:SAREK:BAM_VARIANT_CALLING_GERMLINE_ALL:BAM_VARIANT_CALLING_SINGLE_STRELKA:STRELKA_SINGLE (SRR11452394) (1636),NFCORE_SAREK:SAREK:BAM_VARIANT_CALLING_GERMLINE_ALL:BAM_VARIANT_CALLING_SINGLE_STRELKA:STRELKA_SINGLE (SRR11452394) (1636),/home/nilsd/nextflow/build/work/be/612e0552ceb4ba5f6804f1d15e13ec/strelka/workspace/pyflow.data/state/make_pyflow_task_graph.py,2278029,1636
,,0,2023-05-24T11:55:25.984633442Z,2023-05-31T11:55:25.984633442Z,2023-05-29T13:19:23.954822982Z,CREATE,file_event,NFCORE_SAREK:SAREK:BAM_VARIANT_CALLING_GERMLINE_ALL:BAM_VARIANT_CALLING_SINGLE_STRELKA:STRELKA_SINGLE (SRR11452394) (1636),NFCORE_SAREK:SAREK:BAM_VARIANT_CALLING_GERMLINE_ALL:BAM_VARIANT_CALLING_SINGLE_STRELKA:STRELKA_SINGLE (SRR11452394) (1636),/home/nilsd/nextflow/build/work/be/612e0552ceb4ba5f6804f1d15e13ec/strelka/workspace/pyflow.data/state/backup,2278029,1636
,,0,2023-05-24T11:55:25.984633442Z,2023-05-31T11:55:25.984633442Z,2023-05-29T13:19:23.957732376Z,CREATE,file_event,NFCORE_SAREK:SAREK:BAM_VARIANT_CALLING_GERMLINE_ALL:BAM_VARIANT_CALLING_SINGLE_STRELKA:STRELKA_SINGLE (SRR11452394) (1636),NFCORE_SAREK:SAREK:BAM_VARIANT_CALLING_GERMLINE_ALL:BAM_VARIANT_CALLING_SINGLE_STRELKA:STRELKA_SINGLE (SRR11452394) (1636),/home/nilsd/nextflow/build/work/be/612e0552ceb4ba5f6804f1d15e13ec/strelka/workspace/pyflow.data/state/backup/pyflow_tasks_info.txt.backup_before_starting_run_89_1.txt,2278029,1636
,,0,2023-05-24T11:55:25.984633442Z,2023-05-31T11:55:25.984633442Z,2023-05-29T13:19:23.960884869Z,CREATE,file_event,NFCORE_SAREK:SAREK:BAM_VARIANT_CALLING_GERMLINE_ALL:BAM_VARIANT_CALLING_SINGLE_STRELKA:STRELKA_SINGLE (SRR11452394) (1636),NFCORE_SAREK:SAREK:BAM_VARIANT_CALLING_GERMLINE_ALL:BAM_VARIANT_CALLING_SINGLE_STRELKA:STRELKA_SINGLE (SRR11452394) (1636),/home/nilsd/nextflow/build/work/be/612e0552ceb4ba5f6804f1d15e13ec/strelka/workspace/pyflow.data/logs/tmp/taskWrapperLogs/000,2278029,1636
,,0,2023-05-24T11:55:25.984633442Z,2023-05-31T11:55:25.984633442Z,2023-05-29T13:19:23.963502914Z,CREATE,file_event,NFCORE_SAREK:SAREK:BAM_VARIANT_CALLING_GERMLINE_ALL:BAM_VARIANT_CALLING_SINGLE_STRELKA:STRELKA_SINGLE (SRR11452394) (1636),NFCORE_SAREK:SAREK:BAM_VARIANT_CALLING_GERMLINE_ALL:BAM_VARIANT_CALLING_SINGLE_STRELKA:STRELKA_SINGLE (SRR11452394) (1636),/home/nilsd/nextflow/build/work/be/612e0552ceb4ba5f6804f1d15e13ec/strelka/workspace/pyflow.data/logs/tmp/taskWrapperLogs/000/001,2278029,1636
,,0,2023-05-24T11:55:25.984633442Z,2023-05-31T11:55:25.984633442Z,2023-05-29T13:19:23.966397637Z,CREATE,file_event,NFCORE_SAREK:SAREK:BAM_VARIANT_CALLING_GERMLINE_ALL:BAM_VARIANT_CALLING_SINGLE_STRELKA:STRELKA_SINGLE (SRR11452394) (1636),NFCORE_SAREK:SAREK:BAM_VARIANT_CALLING_GERMLINE_ALL:BAM_VARIANT_CALLING_SINGLE_STRELKA:STRELKA_SINGLE (SRR11452394) (1636),/home/nilsd/nextflow/build/work/be/612e0552ceb4ba5f6804f1d15e13ec/strelka/workspace/pyflow.data/logs/tmp/taskWrapperLogs/000/001/taskWrapperParameters.pickle,2278029,1636
,,0,2023-05-24T11:55:25.984633442Z,2023-05-31T11:55:25.984633442Z,2023-05-29T13:19:23.96925593Z,CREATE,file_event,NFCORE_SAREK:SAREK:BAM_VARIANT_CALLING_GERMLINE_ALL:BAM_VARIANT_CALLING_SINGLE_STRELKA:STRELKA_SINGLE (SRR11452394) (1636),NFCORE_SAREK:SAREK:BAM_VARIANT_CALLING_GERMLINE_ALL:BAM_VARIANT_CALLING_SINGLE_STRELKA:STRELKA_SINGLE (SRR11452394) (1636),/home/nilsd/nextflow/build/work/be/612e0552ceb4ba5f6804f1d15e13ec/strelka/workspace/pyflow.data/logs/tmp/taskWrapperLogs/000/001/pyflowTaskWrapper.signal.txt,2278029,1636
,,0,2023-05-24T11:55:25.984633442Z,2023-05-31T11:55:25.984633442Z,2023-05-29T13:19:23.97417135Z,CREATE,file_event,NFCORE_SAREK:SAREK:BAM_VARIANT_CALLING_GERMLINE_ALL:BAM_VARIANT_CALLING_SINGLE_STRELKA:STRELKA_SINGLE (SRR11452394) (1636),NFCORE_SAREK:SAREK:BAM_VARIANT_CALLING_GERMLINE_ALL:BAM_VARIANT_CALLING_SINGLE_STRELKA:STRELKA_SINGLE (SRR11452394) (1636),/home/nilsd/nextflow/build/work/be/612e0552ceb4ba5f6804f1d15e13ec/strelka/workspace/pyflow.data/logs/tmp/taskWrapperLogs/000/001/pyflowTaskWrapper.signal.txt,2278029,1636
,,0,2023-05-24T11:55:25.984633442Z,2023-05-31T11:55:25.984633442Z,2023-05-29T13:19:23.97786245Z,CREATE,file_event,NFCORE_SAREK:SAREK:BAM_VARIANT_CALLING_GERMLINE_ALL:BAM_VARIANT_CALLING_SINGLE_STRELKA:STRELKA_SINGLE (SRR11452394) (1636),NFCORE_SAREK:SAREK:BAM_VARIANT_CALLING_GERMLINE_ALL:BAM_VARIANT_CALLING_SINGLE_STRELKA:STRELKA_SINGLE (SRR11452394) (1636),/home/nilsd/nextflow/build/work/be/612e0552ceb4ba5f6804f1d15e13ec/strelka/workspace/pyflow.data/logs/pyflow_tasks_stdout_log.txt,2278029,1636
,,0,2023-05-24T11:55:25.984633442Z,2023-05-31T11:55:25.984633442Z,2023-05-29T13:19:23.980385991Z,CREATE,file_event,NFCORE_SAREK:SAREK:BAM_VARIANT_CALLING_GERMLINE_ALL:BAM_VARIANT_CALLING_SINGLE_STRELKA:STRELKA_SINGLE (SRR11452394) (1636),NFCORE_SAREK:SAREK:BAM_VARIANT_CALLING_GERMLINE_ALL:BAM_VARIANT_CALLING_SINGLE_STRELKA:STRELKA_SINGLE (SRR11452394) (1636),/home/nilsd/nextflow/build/work/be/612e0552ceb4ba5f6804f1d15e13ec/strelka/workspace/pyflow.data/logs/pyflow_tasks_stderr_log.txt,2278029,1636
,,0,2023-05-24T11:55:25.984633442Z,2023-05-31T11:55:25.984633442Z,2023-05-29T13:19:23.989795437Z,CREATE,file_event,NFCORE_SAREK:SAREK:BAM_VARIANT_CALLING_GERMLINE_ALL:BAM_VARIANT_CALLING_SINGLE_STRELKA:STRELKA_SINGLE (SRR11452394) (1636),NFCORE_SAREK:SAREK:BAM_VARIANT_CALLING_GERMLINE_ALL:BAM_VARIANT_CALLING_SINGLE_STRELKA:STRELKA_SINGLE (SRR11452394) (1636),/home/nilsd/nextflow/build/work/be/612e0552ceb4ba5f6804f1d15e13ec/strelka/workspace/genomeSegment.tmpdir,2278029,1636
,,0,2023-05-24T11:55:25.984633442Z,2023-05-31T11:55:25.984633442Z,2023-05-29T13:19:24.0086767Z,CREATE,file_event,NFCORE_SAREK:SAREK:BAM_VARIANT_CALLING_GERMLINE_ALL:BAM_VARIANT_CALLING_SINGLE_STRELKA:STRELKA_SINGLE (SRR11452394) (1636),NFCORE_SAREK:SAREK:BAM_VARIANT_CALLING_GERMLINE_ALL:BAM_VARIANT_CALLING_SINGLE_STRELKA:STRELKA_SINGLE (SRR11452394) (1636),/home/nilsd/nextflow/build/work/be/612e0552ceb4ba5f6804f1d15e13ec/strelka/workspace/pyflow.data/logs/tmp/taskWrapperLogs/000/014,2278029,1636
,,0,2023-05-24T11:55:25.984633442Z,2023-05-31T11:55:25.984633442Z,2023-05-29T13:19:24.012360299Z,CREATE,file_event,NFCORE_SAREK:SAREK:BAM_VARIANT_CALLING_GERMLINE_ALL:BAM_VARIANT_CALLING_SINGLE_STRELKA:STRELKA_SINGLE (SRR11452394) (1636),NFCORE_SAREK:SAREK:BAM_VARIANT_CALLING_GERMLINE_ALL:BAM_VARIANT_CALLING_SINGLE_STRELKA:STRELKA_SINGLE (SRR11452394) (1636),/home/nilsd/nextflow/build/work/be/612e0552ceb4ba5f6804f1d15e13ec/strelka/workspace/pyflow.data/logs/tmp/taskWrapperLogs/000/014/taskWrapperParameters.pickle,2278029,1636
,,0,2023-05-24T11:55:25.984633442Z,2023-05-31T11:55:25.984633442Z,2023-05-29T13:19:24.015245483Z,CREATE,file_event,NFCORE_SAREK:SAREK:BAM_VARIANT_CALLING_GERMLINE_ALL:BAM_VARIANT_CALLING_SINGLE_STRELKA:STRELKA_SINGLE (SRR11452394) (1636),NFCORE_SAREK:SAREK:BAM_VARIANT_CALLING_GERMLINE_ALL:BAM_VARIANT_CALLING_SINGLE_STRELKA:STRELKA_SINGLE (SRR11452394) (1636),/home/nilsd/nextflow/build/work/be/612e0552ceb4ba5f6804f1d15e13ec/strelka/workspace/pyflow.data/logs/tmp/taskWrapperLogs/000/041,2278029,1636
,,0,2023-05-24T11:55:25.984633442Z,2023-05-31T11:55:25.984633442Z,2023-05-29T13:19:24.017943111Z,CREATE,file_event,NFCORE_SAREK:SAREK:BAM_VARIANT_CALLING_GERMLINE_ALL:BAM_VARIANT_CALLING_SINGLE_STRELKA:STRELKA_SINGLE (SRR11452394) (1636),NFCORE_SAREK:SAREK:BAM_VARIANT_CALLING_GERMLINE_ALL:BAM_VARIANT_CALLING_SINGLE_STRELKA:STRELKA_SINGLE (SRR11452394) (1636),/home/nilsd/nextflow/build/work/be/612e0552ceb4ba5f6804f1d15e13ec/strelka/workspace/pyflow.data/logs/tmp/taskWrapperLogs/000/041/taskWrapperParameters.pickle,2278029,1636
,,0,2023-05-24T11:55:25.984633442Z,2023-05-31T11:55:25.984633442Z,2023-05-29T13:19:24.020468903Z,CREATE,file_event,NFCORE_SAREK:SAREK:BAM_VARIANT_CALLING_GERMLINE_ALL:BAM_VARIANT_CALLING_SINGLE_STRELKA:STRELKA_SINGLE (SRR11452394) (1636),NFCORE_SAREK:SAREK:BAM_VARIANT_CALLING_GERMLINE_ALL:BAM_VARIANT_CALLING_SINGLE_STRELKA:STRELKA_SINGLE (SRR11452394) (1636),/home/nilsd/nextflow/build/work/be/612e0552ceb4ba5f6804f1d15e13ec/strelka/workspace/pyflow.data/logs/tmp/taskWrapperLogs/000/041/taskWrapperParameters.pickle,2278029,1636
,,0,2023-05-24T11:55:25.984633442Z,2023-05-31T11:55:25.984633442Z,2023-05-29T13:19:24.022410806Z,CREATE,file_event,NFCORE_SAREK:SAREK:BAM_VARIANT_CALLING_GERMLINE_ALL:BAM_VARIANT_CALLING_SINGLE_STRELKA:STRELKA_SINGLE (SRR11452394) (1636),NFCORE_SAREK:SAREK:BAM_VARIANT_CALLING_GERMLINE_ALL:BAM_VARIANT_CALLING_SINGLE_STRELKA:STRELKA_SINGLE (SRR11452394) (1636),/home/nilsd/nextflow/build/work/be/612e0552ceb4ba5f6804f1d15e13ec/strelka/workspace/pyflow.data/logs/tmp/taskWrapperLogs/000/029,2278029,1636
,,0,2023-05-24T11:55:25.984633442Z,2023-05-31T11:55:25.984633442Z,2023-05-29T13:19:24.024899576Z,CREATE,file_event,NFCORE_SAREK:SAREK:BAM_VARIANT_CALLING_GERMLINE_ALL:BAM_VARIANT_CALLING_SINGLE_STRELKA:STRELKA_SINGLE (SRR11452394) (1636),NFCORE_SAREK:SAREK:BAM_VARIANT_CALLING_GERMLINE_ALL:BAM_VARIANT_CALLING_SINGLE_STRELKA:STRELKA_SINGLE (SRR11452394) (1636),/home/nilsd/nextflow/build/work/be/612e0552ceb4ba5f6804f1d15e13ec/strelka/workspace/pyflow.data/logs/tmp/taskWrapperLogs/000/029/taskWrapperParameters.pickle,2278029,1636
,,0,2023-05-24T11:55:25.984633442Z,2023-05-31T11:55:25.984633442Z,2023-05-29T13:19:24.028268356Z,CREATE,file_event,NFCORE_SAREK:SAREK:BAM_VARIANT_CALLING_GERMLINE_ALL:BAM_VARIANT_CALLING_SINGLE_STRELKA:STRELKA_SINGLE (SRR11452394) (1636),NFCORE_SAREK:SAREK:BAM_VARIANT_CALLING_GERMLINE_ALL:BAM_VARIANT_CALLING_SINGLE_STRELKA:STRELKA_SINGLE (SRR11452394) (1636),/home/nilsd/nextflow/build/work/be/612e0552ceb4ba5f6804f1d15e13ec/strelka/workspace/pyflow.data/logs/tmp/taskWrapperLogs/000/008,2278029,1636
,,0,2023-05-24T11:55:25.984633442Z,2023-05-31T11:55:25.984633442Z,2023-05-29T13:19:24.031318465Z,CREATE,file_event,NFCORE_SAREK:SAREK:BAM_VARIANT_CALLING_GERMLINE_ALL:BAM_VARIANT_CALLING_SINGLE_STRELKA:STRELKA_SINGLE (SRR11452394) (1636),NFCORE_SAREK:SAREK:BAM_VARIANT_CALLING_GERMLINE_ALL:BAM_VARIANT_CALLING_SINGLE_STRELKA:STRELKA_SINGLE (SRR11452394) (1636),/home/nilsd/nextflow/build/work/be/612e0552ceb4ba5f6804f1d15e13ec/strelka/workspace/pyflow.data/logs/tmp/taskWrapperLogs/000/008/taskWrapperParameters.pickle,2278029,1636
,,0,2023-05-24T11:55:25.984633442Z,2023-05-31T11:55:25.984633442Z,2023-05-29T13:19:24.034679044Z,CREATE,file_event,NFCORE_SAREK:SAREK:BAM_VARIANT_CALLING_GERMLINE_ALL:BAM_VARIANT_CALLING_SINGLE_STRELKA:STRELKA_SINGLE (SRR11452394) (1636),NFCORE_SAREK:SAREK:BAM_VARIANT_CALLING_GERMLINE_ALL:BAM_VARIANT_CALLING_SINGLE_STRELKA:STRELKA_SINGLE (SRR11452394) (1636),/home/nilsd/nextflow/build/work/be/612e0552ceb4ba5f6804f1d15e13ec/strelka/workspace/pyflow.data/logs/tmp/taskWrapperLogs/000/038,2278029,1636
,,0,2023-05-24T11:55:25.984633442Z,2023-05-31T11:55:25.984633442Z,2023-05-29T13:19:24.037525516Z,CREATE,file_event,NFCORE_SAREK:SAREK:BAM_VARIANT_CALLING_GERMLINE_ALL:BAM_VARIANT_CALLING_SINGLE_STRELKA:STRELKA_SINGLE (SRR11452394) (1636),NFCORE_SAREK:SAREK:BAM_VARIANT_CALLING_GERMLINE_ALL:BAM_VARIANT_CALLING_SINGLE_STRELKA:STRELKA_SINGLE (SRR11452394) (1636),/home/nilsd/nextflow/build/work/be/612e0552ceb4ba5f6804f1d15e13ec/strelka/workspace/pyflow.data/logs/tmp/taskWrapperLogs/000/038/taskWrapperParameters.pickle,2278029,1636
,,0,2023-05-24T11:55:25.984633442Z,2023-05-31T11:55:25.984633442Z,2023-05-29T13:19:24.039992757Z,CREATE,file_event,NFCORE_SAREK:SAREK:BAM_VARIANT_CALLING_GERMLINE_ALL:BAM_VARIANT_CALLING_SINGLE_STRELKA:STRELKA_SINGLE (SRR11452394) (1636),NFCORE_SAREK:SAREK:BAM_VARIANT_CALLING_GERMLINE_ALL:BAM_VARIANT_CALLING_SINGLE_STRELKA:STRELKA_SINGLE (SRR11452394) (1636),/home/nilsd/nextflow/build/work/be/612e0552ceb4ba5f6804f1d15e13ec/strelka/workspace/pyflow.data/logs/tmp/taskWrapperLogs/000/038/taskWrapperParameters.pickle,2278029,1636
,,0,2023-05-24T11:55:25.984633442Z,2023-05-31T11:55:25.984633442Z,2023-05-29T13:19:24.041864457Z,CREATE,file_event,NFCORE_SAREK:SAREK:BAM_VARIANT_CALLING_GERMLINE_ALL:BAM_VARIANT_CALLING_SINGLE_STRELKA:STRELKA_SINGLE (SRR11452394) (1636),NFCORE_SAREK:SAREK:BAM_VARIANT_CALLING_GERMLINE_ALL:BAM_VARIANT_CALLING_SINGLE_STRELKA:STRELKA_SINGLE (SRR11452394) (1636),/home/nilsd/nextflow/build/work/be/612e0552ceb4ba5f6804f1d15e13ec/strelka/workspace/pyflow.data/logs/tmp/taskWrapperLogs/000/020,2278029,1636
,,0,2023-05-24T11:55:25.984633442Z,2023-05-31T11:55:25.984633442Z,2023-05-29T13:19:24.04441535Z,CREATE,file_event,NFCORE_SAREK:SAREK:BAM_VARIANT_CALLING_GERMLINE_ALL:BAM_VARIANT_CALLING_SINGLE_STRELKA:STRELKA_SINGLE (SRR11452394) (1636),NFCORE_SAREK:SAREK:BAM_VARIANT_CALLING_GERMLINE_ALL:BAM_VARIANT_CALLING_SINGLE_STRELKA:STRELKA_SINGLE (SRR11452394) (1636),/home/nilsd/nextflow/build/work/be/612e0552ceb4ba5f6804f1d15e13ec/strelka/workspace/pyflow.data/logs/tmp/taskWrapperLogs/000/020/taskWrapperParameters.pickle,2278029,1636
,,0,2023-05-24T11:55:25.984633442Z,2023-05-31T11:55:25.984633442Z,2023-05-29T13:19:24.046932671Z,CREATE,file_event,NFCORE_SAREK:SAREK:BAM_VARIANT_CALLING_GERMLINE_ALL:BAM_VARIANT_CALLING_SINGLE_STRELKA:STRELKA_SINGLE (SRR11452394) (1636),NFCORE_SAREK:SAREK:BAM_VARIANT_CALLING_GERMLINE_ALL:BAM_VARIANT_CALLING_SINGLE_STRELKA:STRELKA_SINGLE (SRR11452394) (1636),/home/nilsd/nextflow/build/work/be/612e0552ceb4ba5f6804f1d15e13ec/strelka/workspace/pyflow.data/logs/tmp/taskWrapperLogs/000/005,2278029,1636
,,0,2023-05-24T11:55:25.984633442Z,2023-05-31T11:55:25.984633442Z,2023-05-29T13:19:24.049316749Z,CREATE,file_event,NFCORE_SAREK:SAREK:BAM_VARIANT_CALLING_GERMLINE_ALL:BAM_VARIANT_CALLING_SINGLE_STRELKA:STRELKA_SINGLE (SRR11452394) (1636),NFCORE_SAREK:SAREK:BAM_VARIANT_CALLING_GERMLINE_ALL:BAM_VARIANT_CALLING_SINGLE_STRELKA:STRELKA_SINGLE (SRR11452394) (1636),/home/nilsd/nextflow/build/work/be/612e0552ceb4ba5f6804f1d15e13ec/strelka/workspace/pyflow.data/logs/tmp/taskWrapperLogs/000/005/taskWrapperParameters.pickle,2278029,1636
,,0,2023-05-24T11:55:25.984633442Z,2023-05-31T11:55:25.984633442Z,2023-05-29T13:19:24.05242578Z,CREATE,file_event,NFCORE_SAREK:SAREK:BAM_VARIANT_CALLING_GERMLINE_ALL:BAM_VARIANT_CALLING_SINGLE_STRELKA:STRELKA_SINGLE (SRR11452394) (1636),NFCORE_SAREK:SAREK:BAM_VARIANT_CALLING_GERMLINE_ALL:BAM_VARIANT_CALLING_SINGLE_STRELKA:STRELKA_SINGLE (SRR11452394) (1636),/home/nilsd/nextflow/build/work/be/612e0552ceb4ba5f6804f1d15e13ec/strelka/workspace/pyflow.data/logs/tmp/taskWrapperLogs/000/014/pyflowTaskWrapper.signal.txt,2278029,1636
,,0,2023-05-24T11:55:25.984633442Z,2023-05-31T11:55:25.984633442Z,2023-05-29T13:19:24.05705575Z,CREATE,file_event,NFCORE_SAREK:SAREK:BAM_VARIANT_CALLING_GERMLINE_ALL:BAM_VARIANT_CALLING_SINGLE_STRELKA:STRELKA_SINGLE (SRR11452394) (1636),NFCORE_SAREK:SAREK:BAM_VARIANT_CALLING_GERMLINE_ALL:BAM_VARIANT_CALLING_SINGLE_STRELKA:STRELKA_SINGLE (SRR11452394) (1636),/home/nilsd/nextflow/build/work/be/612e0552ceb4ba5f6804f1d15e13ec/strelka/workspace/pyflow.data/logs/tmp/taskWrapperLogs/000/023,2278029,1636
,,0,2023-05-24T11:55:25.984633442Z,2023-05-31T11:55:25.984633442Z,2023-05-29T13:19:24.060500392Z,CREATE,file_event,NFCORE_SAREK:SAREK:BAM_VARIANT_CALLING_GERMLINE_ALL:BAM_VARIANT_CALLING_SINGLE_STRELKA:STRELKA_SINGLE (SRR11452394) (1636),NFCORE_SAREK:SAREK:BAM_VARIANT_CALLING_GERMLINE_ALL:BAM_VARIANT_CALLING_SINGLE_STRELKA:STRELKA_SINGLE (SRR11452394) (1636),/home/nilsd/nextflow/build/work/be/612e0552ceb4ba5f6804f1d15e13ec/strelka/workspace/pyflow.data/logs/tmp/taskWrapperLogs/000/041/pyflowTaskWrapper.signal.txt,2278029,1636
,,0,2023-05-24T11:55:25.984633442Z,2023-05-31T11:55:25.984633442Z,2023-05-29T13:19:24.06350717Z,CREATE,file_event,NFCORE_SAREK:SAREK:BAM_VARIANT_CALLING_GERMLINE_ALL:BAM_VARIANT_CALLING_SINGLE_STRELKA:STRELKA_SINGLE (SRR11452394) (1636),NFCORE_SAREK:SAREK:BAM_VARIANT_CALLING_GERMLINE_ALL:BAM_VARIANT_CALLING_SINGLE_STRELKA:STRELKA_SINGLE (SRR11452394) (1636),/home/nilsd/nextflow/build/work/be/612e0552ceb4ba5f6804f1d15e13ec/strelka/workspace/pyflow.data/logs/tmp/taskWrapperLogs/000/023/taskWrapperParameters.pickle,2278029,1636
,,0,2023-05-24T11:55:25.984633442Z,2023-05-31T11:55:25.984633442Z,2023-05-29T13:19:24.068644316Z,CREATE,file_event,NFCORE_SAREK:SAREK:BAM_VARIANT_CALLING_GERMLINE_ALL:BAM_VARIANT_CALLING_SINGLE_STRELKA:STRELKA_SINGLE (SRR11452394) (1636),NFCORE_SAREK:SAREK:BAM_VARIANT_CALLING_GERMLINE_ALL:BAM_VARIANT_CALLING_SINGLE_STRELKA:STRELKA_SINGLE (SRR11452394) (1636),/home/nilsd/nextflow/build/work/be/612e0552ceb4ba5f6804f1d15e13ec/strelka/workspace/pyflow.data/logs/tmp/taskWrapperLogs/000/029/pyflowTaskWrapper.signal.txt,2278029,1636
,,0,2023-05-24T11:55:25.984633442Z,2023-05-31T11:55:25.984633442Z,2023-05-29T13:19:24.07184823Z,CREATE,file_event,NFCORE_SAREK:SAREK:BAM_VARIANT_CALLING_GERMLINE_ALL:BAM_VARIANT_CALLING_SINGLE_STRELKA:STRELKA_SINGLE (SRR11452394) (1636),NFCORE_SAREK:SAREK:BAM_VARIANT_CALLING_GERMLINE_ALL:BAM_VARIANT_CALLING_SINGLE_STRELKA:STRELKA_SINGLE (SRR11452394) (1636),/home/nilsd/nextflow/build/work/be/612e0552ceb4ba5f6804f1d15e13ec/strelka/workspace/pyflow.data/logs/tmp/taskWrapperLogs/000/032,2278029,1636
,,0,2023-05-24T11:55:25.984633442Z,2023-05-31T11:55:25.984633442Z,2023-05-29T13:19:24.075076605Z,CREATE,file_event,NFCORE_SAREK:SAREK:BAM_VARIANT_CALLING_GERMLINE_ALL:BAM_VARIANT_CALLING_SINGLE_STRELKA:STRELKA_SINGLE (SRR11452394) (1636),NFCORE_SAREK:SAREK:BAM_VARIANT_CALLING_GERMLINE_ALL:BAM_VARIANT_CALLING_SINGLE_STRELKA:STRELKA_SINGLE (SRR11452394) (1636),/home/nilsd/nextflow/build/work/be/612e0552ceb4ba5f6804f1d15e13ec/strelka/workspace/pyflow.data/logs/tmp/taskWrapperLogs/000/032/taskWrapperParameters.pickle,2278029,1636
,,0,2023-05-24T11:55:25.984633442Z,2023-05-31T11:55:25.984633442Z,2023-05-29T13:19:24.077789563Z,CREATE,file_event,NFCORE_SAREK:SAREK:BAM_VARIANT_CALLING_GERMLINE_ALL:BAM_VARIANT_CALLING_SINGLE_STRELKA:STRELKA_SINGLE (SRR11452394) (1636),NFCORE_SAREK:SAREK:BAM_VARIANT_CALLING_GERMLINE_ALL:BAM_VARIANT_CALLING_SINGLE_STRELKA:STRELKA_SINGLE (SRR11452394) (1636),/home/nilsd/nextflow/build/work/be/612e0552ceb4ba5f6804f1d15e13ec/strelka/workspace/pyflow.data/logs/tmp/taskWrapperLogs/000/008/pyflowTaskWrapper.signal.txt,2278029,1636
,,0,2023-05-24T11:55:25.984633442Z,2023-05-31T11:55:25.984633442Z,2023-05-29T13:19:24.08108495Z,CREATE,file_event,NFCORE_SAREK:SAREK:BAM_VARIANT_CALLING_GERMLINE_ALL:BAM_VARIANT_CALLING_SINGLE_STRELKA:STRELKA_SINGLE (SRR11452394) (1636),NFCORE_SAREK:SAREK:BAM_VARIANT_CALLING_GERMLINE_ALL:BAM_VARIANT_CALLING_SINGLE_STRELKA:STRELKA_SINGLE (SRR11452394) (1636),/home/nilsd/nextflow/build/work/be/612e0552ceb4ba5f6804f1d15e13ec/strelka/workspace/pyflow.data/logs/tmp/taskWrapperLogs/000/059,2278029,1636
,,0,2023-05-24T11:55:25.984633442Z,2023-05-31T11:55:25.984633442Z,2023-05-29T13:19:24.083673784Z,CREATE,file_event,NFCORE_SAREK:SAREK:BAM_VARIANT_CALLING_GERMLINE_ALL:BAM_VARIANT_CALLING_SINGLE_STRELKA:STRELKA_SINGLE (SRR11452394) (1636),NFCORE_SAREK:SAREK:BAM_VARIANT_CALLING_GERMLINE_ALL:BAM_VARIANT_CALLING_SINGLE_STRELKA:STRELKA_SINGLE (SRR11452394) (1636),/home/nilsd/nextflow/build/work/be/612e0552ceb4ba5f6804f1d15e13ec/strelka/workspace/pyflow.data/logs/tmp/taskWrapperLogs/000/059/taskWrapperParameters.pickle,2278029,1636
,,0,2023-05-24T11:55:25.984633442Z,2023-05-31T11:55:25.984633442Z,2023-05-29T13:19:24.086371422Z,CREATE,file_event,NFCORE_SAREK:SAREK:BAM_VARIANT_CALLING_GERMLINE_ALL:BAM_VARIANT_CALLING_SINGLE_STRELKA:STRELKA_SINGLE (SRR11452394) (1636),NFCORE_SAREK:SAREK:BAM_VARIANT_CALLING_GERMLINE_ALL:BAM_VARIANT_CALLING_SINGLE_STRELKA:STRELKA_SINGLE (SRR11452394) (1636),/home/nilsd/nextflow/build/work/be/612e0552ceb4ba5f6804f1d15e13ec/strelka/workspace/pyflow.data/logs/tmp/taskWrapperLogs/000/038/pyflowTaskWrapper.signal.txt,2278029,1636
,,0,2023-05-24T11:55:25.984633442Z,2023-05-31T11:55:25.984633442Z,2023-05-29T13:19:24.089833464Z,CREATE,file_event,NFCORE_SAREK:SAREK:BAM_VARIANT_CALLING_GERMLINE_ALL:BAM_VARIANT_CALLING_SINGLE_STRELKA:STRELKA_SINGLE (SRR11452394) (1636),NFCORE_SAREK:SAREK:BAM_VARIANT_CALLING_GERMLINE_ALL:BAM_VARIANT_CALLING_SINGLE_STRELKA:STRELKA_SINGLE (SRR11452394) (1636),/home/nilsd/nextflow/build/work/be/612e0552ceb4ba5f6804f1d15e13ec/strelka/workspace/pyflow.data/logs/tmp/taskWrapperLogs/000/020/pyflowTaskWrapper.signal.txt,2278029,1636
,,0,2023-05-24T11:55:25.984633442Z,2023-05-31T11:55:25.984633442Z,2023-05-29T13:19:24.092582073Z,CREATE,file_event,NFCORE_SAREK:SAREK:BAM_VARIANT_CALLING_GERMLINE_ALL:BAM_VARIANT_CALLING_SINGLE_STRELKA:STRELKA_SINGLE (SRR11452394) (1636),NFCORE_SAREK:SAREK:BAM_VARIANT_CALLING_GERMLINE_ALL:BAM_VARIANT_CALLING_SINGLE_STRELKA:STRELKA_SINGLE (SRR11452394) (1636),/home/nilsd/nextflow/build/work/be/612e0552ceb4ba5f6804f1d15e13ec/strelka/workspace/pyflow.data/logs/tmp/taskWrapperLogs/000/005/pyflowTaskWrapper.signal.txt,2278029,1636
,,0,2023-05-24T11:55:25.984633442Z,2023-05-31T11:55:25.984633442Z,2023-05-29T13:19:24.095447956Z,CREATE,file_event,NFCORE_SAREK:SAREK:BAM_VARIANT_CALLING_GERMLINE_ALL:BAM_VARIANT_CALLING_SINGLE_STRELKA:STRELKA_SINGLE (SRR11452394) (1636),NFCORE_SAREK:SAREK:BAM_VARIANT_CALLING_GERMLINE_ALL:BAM_VARIANT_CALLING_SINGLE_STRELKA:STRELKA_SINGLE (SRR11452394) (1636),/home/nilsd/nextflow/build/work/be/612e0552ceb4ba5f6804f1d15e13ec/strelka/workspace/pyflow.data/logs/tmp/taskWrapperLogs/000/023/pyflowTaskWrapper.signal.txt,2278029,1636
,,0,2023-05-24T11:55:25.984633442Z,2023-05-31T11:55:25.984633442Z,2023-05-29T13:19:24.097995279Z,CREATE,file_event,NFCORE_SAREK:SAREK:BAM_VARIANT_CALLING_GERMLINE_ALL:BAM_VARIANT_CALLING_SINGLE_STRELKA:STRELKA_SINGLE (SRR11452394) (1636),NFCORE_SAREK:SAREK:BAM_VARIANT_CALLING_GERMLINE_ALL:BAM_VARIANT_CALLING_SINGLE_STRELKA:STRELKA_SINGLE (SRR11452394) (1636),/home/nilsd/nextflow/build/work/be/612e0552ceb4ba5f6804f1d15e13ec/strelka/workspace/pyflow.data/logs/tmp/taskWrapperLogs/000/032/pyflowTaskWrapper.signal.txt,2278029,1636
,,0,2023-05-24T11:55:25.984633442Z,2023-05-31T11:55:25.984633442Z,2023-05-29T13:19:24.101375269Z,CREATE,file_event,NFCORE_SAREK:SAREK:BAM_VARIANT_CALLING_GERMLINE_ALL:BAM_VARIANT_CALLING_SINGLE_STRELKA:STRELKA_SINGLE (SRR11452394) (1636),NFCORE_SAREK:SAREK:BAM_VARIANT_CALLING_GERMLINE_ALL:BAM_VARIANT_CALLING_SINGLE_STRELKA:STRELKA_SINGLE (SRR11452394) (1636),/home/nilsd/nextflow/build/work/be/612e0552ceb4ba5f6804f1d15e13ec/strelka/workspace/pyflow.data/logs/tmp/taskWrapperLogs/000/059/pyflowTaskWrapper.signal.txt,2278029,1636
,,0,2023-05-24T11:55:25.984633442Z,2023-05-31T11:55:25.984633442Z,2023-05-29T13:19:24.105145611Z,CREATE,file_event,NFCORE_SAREK:SAREK:BAM_VARIANT_CALLING_GERMLINE_ALL:BAM_VARIANT_CALLING_SINGLE_STRELKA:STRELKA_SINGLE (SRR11452394) (1636),NFCORE_SAREK:SAREK:BAM_VARIANT_CALLING_GERMLINE_ALL:BAM_VARIANT_CALLING_SINGLE_STRELKA:STRELKA_SINGLE (SRR11452394) (1636),/home/nilsd/nextflow/build/work/be/612e0552ceb4ba5f6804f1d15e13ec/strelka/workspace/genomeSegment.tmpdir/runStats.chromId_001_2_0004.xml,2278029,1636
,,0,2023-05-24T11:55:25.984633442Z,2023-05-31T11:55:25.984633442Z,2023-05-29T13:19:24.108420557Z,CREATE,file_event,NFCORE_SAREK:SAREK:BAM_VARIANT_CALLING_GERMLINE_ALL:BAM_VARIANT_CALLING_SINGLE_STRELKA:STRELKA_SINGLE (SRR11452394) (1636),NFCORE_SAREK:SAREK:BAM_VARIANT_CALLING_GERMLINE_ALL:BAM_VARIANT_CALLING_SINGLE_STRELKA:STRELKA_SINGLE (SRR11452394) (1636),/home/nilsd/nextflow/build/work/be/612e0552ceb4ba5f6804f1d15e13ec/strelka/workspace/genomeSegment.tmpdir/runStats.chromId_001_2_0013.xml,2278029,1636
,,0,2023-05-24T11:55:25.984633442Z,2023-05-31T11:55:25.984633442Z,2023-05-29T13:19:24.111246099Z,CREATE,file_event,NFCORE_SAREK:SAREK:BAM_VARIANT_CALLING_GERMLINE_ALL:BAM_VARIANT_CALLING_SINGLE_STRELKA:STRELKA_SINGLE (SRR11452394) (1636),NFCORE_SAREK:SAREK:BAM_VARIANT_CALLING_GERMLINE_ALL:BAM_VARIANT_CALLING_SINGLE_STRELKA:STRELKA_SINGLE (SRR11452394) (1636),/home/nilsd/nextflow/build/work/be/612e0552ceb4ba5f6804f1d15e13ec/strelka/workspace/genomeSegment.tmpdir/runStats.chromId_001_2_0009.xml,2278029,1636
,,0,2023-05-24T11:55:25.984633442Z,2023-05-31T11:55:25.984633442Z,2023-05-29T13:19:24.11373731Z,CREATE,file_event,NFCORE_SAREK:SAREK:BAM_VARIANT_CALLING_GERMLINE_ALL:BAM_VARIANT_CALLING_SINGLE_STRELKA:STRELKA_SINGLE (SRR11452394) (1636),NFCORE_SAREK:SAREK:BAM_VARIANT_CALLING_GERMLINE_ALL:BAM_VARIANT_CALLING_SINGLE_STRELKA:STRELKA_SINGLE (SRR11452394) (1636),/home/nilsd/nextflow/build/work/be/612e0552ceb4ba5f6804f1d15e13ec/strelka/workspace/genomeSegment.tmpdir/runStats.chromId_001_2_0002.xml,2278029,1636
,,0,2023-05-24T11:55:25.984633442Z,2023-05-31T11:55:25.984633442Z,2023-05-29T13:19:24.117833313Z,CREATE,file_event,NFCORE_SAREK:SAREK:BAM_VARIANT_CALLING_GERMLINE_ALL:BAM_VARIANT_CALLING_SINGLE_STRELKA:STRELKA_SINGLE (SRR11452394) (1636),NFCORE_SAREK:SAREK:BAM_VARIANT_CALLING_GERMLINE_ALL:BAM_VARIANT_CALLING_SINGLE_STRELKA:STRELKA_SINGLE (SRR11452394) (1636),/home/nilsd/nextflow/build/work/be/612e0552ceb4ba5f6804f1d15e13ec/strelka/workspace/genomeSegment.tmpdir/runStats.chromId_001_2_0006.xml,2278029,1636
,,0,2023-05-24T11:55:25.984633442Z,2023-05-31T11:55:25.984633442Z,2023-05-29T13:19:24.121032776Z,CREATE,file_event,NFCORE_SAREK:SAREK:BAM_VARIANT_CALLING_GERMLINE_ALL:BAM_VARIANT_CALLING_SINGLE_STRELKA:STRELKA_SINGLE (SRR11452394) (1636),NFCORE_SAREK:SAREK:BAM_VARIANT_CALLING_GERMLINE_ALL:BAM_VARIANT_CALLING_SINGLE_STRELKA:STRELKA_SINGLE (SRR11452394) (1636),/home/nilsd/nextflow/build/work/be/612e0552ceb4ba5f6804f1d15e13ec/strelka/workspace/genomeSegment.tmpdir/runStats.chromId_001_2_0012.xml,2278029,1636
,,0,2023-05-24T11:55:25.984633442Z,2023-05-31T11:55:25.984633442Z,2023-05-29T13:19:24.124918503Z,CREATE,file_event,NFCORE_SAREK:SAREK:BAM_VARIANT_CALLING_GERMLINE_ALL:BAM_VARIANT_CALLING_SINGLE_STRELKA:STRELKA_SINGLE (SRR11452394) (1636),NFCORE_SAREK:SAREK:BAM_VARIANT_CALLING_GERMLINE_ALL:BAM_VARIANT_CALLING_SINGLE_STRELKA:STRELKA_SINGLE (SRR11452394) (1636),/home/nilsd/nextflow/build/work/be/612e0552ceb4ba5f6804f1d15e13ec/strelka/workspace/genomeSegment.tmpdir/runStats.chromId_001_2_0007.xml,2278029,1636
,,0,2023-05-24T11:55:25.984633442Z,2023-05-31T11:55:25.984633442Z,2023-05-29T13:19:24.128582812Z,CREATE,file_event,NFCORE_SAREK:SAREK:BAM_VARIANT_CALLING_GERMLINE_ALL:BAM_VARIANT_CALLING_SINGLE_STRELKA:STRELKA_SINGLE (SRR11452394) (1636),NFCORE_SAREK:SAREK:BAM_VARIANT_CALLING_GERMLINE_ALL:BAM_VARIANT_CALLING_SINGLE_STRELKA:STRELKA_SINGLE (SRR11452394) (1636),/home/nilsd/nextflow/build/work/be/612e0552ceb4ba5f6804f1d15e13ec/strelka/workspace/genomeSegment.tmpdir/runStats.chromId_001_2_0001.xml,2278029,1636
,,0,2023-05-24T11:55:25.984633442Z,2023-05-31T11:55:25.984633442Z,2023-05-29T13:19:24.13251287Z,CREATE,file_event,NFCORE_SAREK:SAREK:BAM_VARIANT_CALLING_GERMLINE_ALL:BAM_VARIANT_CALLING_SINGLE_STRELKA:STRELKA_SINGLE (SRR11452394) (1636),NFCORE_SAREK:SAREK:BAM_VARIANT_CALLING_GERMLINE_ALL:BAM_VARIANT_CALLING_SINGLE_STRELKA:STRELKA_SINGLE (SRR11452394) (1636),/home/nilsd/nextflow/build/work/be/612e0552ceb4ba5f6804f1d15e13ec/strelka/workspace/genomeSegment.tmpdir/runStats.chromId_001_2_0010.xml,2278029,1636
,,0,2023-05-24T11:55:25.984633442Z,2023-05-31T11:55:25.984633442Z,2023-05-29T13:19:24.136038174Z,CREATE,file_event,NFCORE_SAREK:SAREK:BAM_VARIANT_CALLING_GERMLINE_ALL:BAM_VARIANT_CALLING_SINGLE_STRELKA:STRELKA_SINGLE (SRR11452394) (1636),NFCORE_SAREK:SAREK:BAM_VARIANT_CALLING_GERMLINE_ALL:BAM_VARIANT_CALLING_SINGLE_STRELKA:STRELKA_SINGLE (SRR11452394) (1636),/home/nilsd/nextflow/build/work/be/612e0552ceb4ba5f6804f1d15e13ec/strelka/workspace/genomeSegment.tmpdir/runStats.chromId_001_2_0019.xml,2278029,1636
,,0,2023-05-24T11:55:25.984633442Z,2023-05-31T11:55:25.984633442Z,2023-05-29T13:19:24.139916669Z,CREATE,file_event,NFCORE_SAREK:SAREK:BAM_VARIANT_CALLING_GERMLINE_ALL:BAM_VARIANT_CALLING_SINGLE_STRELKA:STRELKA_SINGLE (SRR11452394) (1636),NFCORE_SAREK:SAREK:BAM_VARIANT_CALLING_GERMLINE_ALL:BAM_VARIANT_CALLING_SINGLE_STRELKA:STRELKA_SINGLE (SRR11452394) (1636),/home/nilsd/nextflow/build/work/be/612e0552ceb4ba5f6804f1d15e13ec/strelka/workspace/genomeSegment.tmpdir/segment.chromId_001_2_0004.variants.vcf,2278029,1636
,,0,2023-05-24T11:55:25.984633442Z,2023-05-31T11:55:25.984633442Z,2023-05-29T13:19:24.143423544Z,CREATE,file_event,NFCORE_SAREK:SAREK:BAM_VARIANT_CALLING_GERMLINE_ALL:BAM_VARIANT_CALLING_SINGLE_STRELKA:STRELKA_SINGLE (SRR11452394) (1636),NFCORE_SAREK:SAREK:BAM_VARIANT_CALLING_GERMLINE_ALL:BAM_VARIANT_CALLING_SINGLE_STRELKA:STRELKA_SINGLE (SRR11452394) (1636),/home/nilsd/nextflow/build/work/be/612e0552ceb4ba5f6804f1d15e13ec/strelka/workspace/genomeSegment.tmpdir/segment.chromId_001_2_0004.genome.S1.vcf,2278029,1636
,,0,2023-05-24T11:55:25.984633442Z,2023-05-31T11:55:25.984633442Z,2023-05-29T13:19:24.14669325Z,CREATE,file_event,NFCORE_SAREK:SAREK:BAM_VARIANT_CALLING_GERMLINE_ALL:BAM_VARIANT_CALLING_SINGLE_STRELKA:STRELKA_SINGLE (SRR11452394) (1636),NFCORE_SAREK:SAREK:BAM_VARIANT_CALLING_GERMLINE_ALL:BAM_VARIANT_CALLING_SINGLE_STRELKA:STRELKA_SINGLE (SRR11452394) (1636),/home/nilsd/nextflow/build/work/be/612e0552ceb4ba5f6804f1d15e13ec/strelka/workspace/genomeSegment.tmpdir/segment.chromId_001_2_0013.variants.vcf,2278029,1636
,,0,2023-05-24T11:55:25.984633442Z,2023-05-31T11:55:25.984633442Z,2023-05-29T13:19:24.149093637Z,CREATE,file_event,NFCORE_SAREK:SAREK:BAM_VARIANT_CALLING_GERMLINE_ALL:BAM_VARIANT_CALLING_SINGLE_STRELKA:STRELKA_SINGLE (SRR11452394) (1636),NFCORE_SAREK:SAREK:BAM_VARIANT_CALLING_GERMLINE_ALL:BAM_VARIANT_CALLING_SINGLE_STRELKA:STRELKA_SINGLE (SRR11452394) (1636),/home/nilsd/nextflow/build/work/be/612e0552ceb4ba5f6804f1d15e13ec/strelka/workspace/genomeSegment.tmpdir/segment.chromId_001_2_0013.genome.S1.vcf,2278029,1636
,,0,2023-05-24T11:55:25.984633442Z,2023-05-31T11:55:25.984633442Z,2023-05-29T13:19:24.152187638Z,CREATE,file_event,NFCORE_SAREK:SAREK:BAM_VARIANT_CALLING_GERMLINE_ALL:BAM_VARIANT_CALLING_SINGLE_STRELKA:STRELKA_SINGLE (SRR11452394) (1636),NFCORE_SAREK:SAREK:BAM_VARIANT_CALLING_GERMLINE_ALL:BAM_VARIANT_CALLING_SINGLE_STRELKA:STRELKA_SINGLE (SRR11452394) (1636),/home/nilsd/nextflow/build/work/be/612e0552ceb4ba5f6804f1d15e13ec/strelka/workspace/genomeSegment.tmpdir/segment.chromId_001_2_0002.variants.vcf,2278029,1636
,,0,2023-05-24T11:55:25.984633442Z,2023-05-31T11:55:25.984633442Z,2023-05-29T13:19:24.15439957Z,CREATE,file_event,NFCORE_SAREK:SAREK:BAM_VARIANT_CALLING_GERMLINE_ALL:BAM_VARIANT_CALLING_SINGLE_STRELKA:STRELKA_SINGLE (SRR11452394) (1636),NFCORE_SAREK:SAREK:BAM_VARIANT_CALLING_GERMLINE_ALL:BAM_VARIANT_CALLING_SINGLE_STRELKA:STRELKA_SINGLE (SRR11452394) (1636),/home/nilsd/nextflow/build/work/be/612e0552ceb4ba5f6804f1d15e13ec/strelka/workspace/genomeSegment.tmpdir/segment.chromId_001_2_0002.genome.S1.vcf,2278029,1636
,,0,2023-05-24T11:55:25.984633442Z,2023-05-31T11:55:25.984633442Z,2023-05-29T13:19:24.156455477Z,CREATE,file_event,NFCORE_SAREK:SAREK:BAM_VARIANT_CALLING_GERMLINE_ALL:BAM_VARIANT_CALLING_SINGLE_STRELKA:STRELKA_SINGLE (SRR11452394) (1636),NFCORE_SAREK:SAREK:BAM_VARIANT_CALLING_GERMLINE_ALL:BAM_VARIANT_CALLING_SINGLE_STRELKA:STRELKA_SINGLE (SRR11452394) (1636),/home/nilsd/nextflow/build/work/be/612e0552ceb4ba5f6804f1d15e13ec/strelka/workspace/genomeSegment.tmpdir/segment.chromId_001_2_0009.variants.vcf,2278029,1636
,,0,2023-05-24T11:55:25.984633442Z,2023-05-31T11:55:25.984633442Z,2023-05-29T13:19:24.159545037Z,CREATE,file_event,NFCORE_SAREK:SAREK:BAM_VARIANT_CALLING_GERMLINE_ALL:BAM_VARIANT_CALLING_SINGLE_STRELKA:STRELKA_SINGLE (SRR11452394) (1636),NFCORE_SAREK:SAREK:BAM_VARIANT_CALLING_GERMLINE_ALL:BAM_VARIANT_CALLING_SINGLE_STRELKA:STRELKA_SINGLE (SRR11452394) (1636),/home/nilsd/nextflow/build/work/be/612e0552ceb4ba5f6804f1d15e13ec/strelka/workspace/genomeSegment.tmpdir/segment.chromId_001_2_0009.genome.S1.vcf,2278029,1636
,,0,2023-05-24T11:55:25.984633442Z,2023-05-31T11:55:25.984633442Z,2023-05-29T13:19:24.162701899Z,CREATE,file_event,NFCORE_SAREK:SAREK:BAM_VARIANT_CALLING_GERMLINE_ALL:BAM_VARIANT_CALLING_SINGLE_STRELKA:STRELKA_SINGLE (SRR11452394) (1636),NFCORE_SAREK:SAREK:BAM_VARIANT_CALLING_GERMLINE_ALL:BAM_VARIANT_CALLING_SINGLE_STRELKA:STRELKA_SINGLE (SRR11452394) (1636),/home/nilsd/nextflow/build/work/be/612e0552ceb4ba5f6804f1d15e13ec/strelka/workspace/genomeSegment.tmpdir/segment.chromId_001_2_0001.variants.vcf,2278029,1636
,,0,2023-05-24T11:55:25.984633442Z,2023-05-31T11:55:25.984633442Z,2023-05-29T13:19:24.165845401Z,CREATE,file_event,NFCORE_SAREK:SAREK:BAM_VARIANT_CALLING_GERMLINE_ALL:BAM_VARIANT_CALLING_SINGLE_STRELKA:STRELKA_SINGLE (SRR11452394) (1636),NFCORE_SAREK:SAREK:BAM_VARIANT_CALLING_GERMLINE_ALL:BAM_VARIANT_CALLING_SINGLE_STRELKA:STRELKA_SINGLE (SRR11452394) (1636),/home/nilsd/nextflow/build/work/be/612e0552ceb4ba5f6804f1d15e13ec/strelka/workspace/genomeSegment.tmpdir/segment.chromId_001_2_0001.genome.S1.vcf,2278029,1636
,,0,2023-05-24T11:55:25.984633442Z,2023-05-31T11:55:25.984633442Z,2023-05-29T13:19:24.168935162Z,CREATE,file_event,NFCORE_SAREK:SAREK:BAM_VARIANT_CALLING_GERMLINE_ALL:BAM_VARIANT_CALLING_SINGLE_STRELKA:STRELKA_SINGLE (SRR11452394) (1636),NFCORE_SAREK:SAREK:BAM_VARIANT_CALLING_GERMLINE_ALL:BAM_VARIANT_CALLING_SINGLE_STRELKA:STRELKA_SINGLE (SRR11452394) (1636),/home/nilsd/nextflow/build/work/be/612e0552ceb4ba5f6804f1d15e13ec/strelka/workspace/genomeSegment.tmpdir/segment.chromId_001_2_0007.variants.vcf,2278029,1636
,,0,2023-05-24T11:55:25.984633442Z,2023-05-31T11:55:25.984633442Z,2023-05-29T13:19:24.171875597Z,CREATE,file_event,NFCORE_SAREK:SAREK:BAM_VARIANT_CALLING_GERMLINE_ALL:BAM_VARIANT_CALLING_SINGLE_STRELKA:STRELKA_SINGLE (SRR11452394) (1636),NFCORE_SAREK:SAREK:BAM_VARIANT_CALLING_GERMLINE_ALL:BAM_VARIANT_CALLING_SINGLE_STRELKA:STRELKA_SINGLE (SRR11452394) (1636),/home/nilsd/nextflow/build/work/be/612e0552ceb4ba5f6804f1d15e13ec/strelka/workspace/genomeSegment.tmpdir/segment.chromId_001_2_0007.genome.S1.vcf,2278029,1636
,,0,2023-05-24T11:55:25.984633442Z,2023-05-31T11:55:25.984633442Z,2023-05-29T13:19:24.174492152Z,CREATE,file_event,NFCORE_SAREK:SAREK:BAM_VARIANT_CALLING_GERMLINE_ALL:BAM_VARIANT_CALLING_SINGLE_STRELKA:STRELKA_SINGLE (SRR11452394) (1636),NFCORE_SAREK:SAREK:BAM_VARIANT_CALLING_GERMLINE_ALL:BAM_VARIANT_CALLING_SINGLE_STRELKA:STRELKA_SINGLE (SRR11452394) (1636),/home/nilsd/nextflow/build/work/be/612e0552ceb4ba5f6804f1d15e13ec/strelka/workspace/genomeSegment.tmpdir/segment.chromId_001_2_0012.variants.vcf,2278029,1636
,,0,2023-05-24T11:55:25.984633442Z,2023-05-31T11:55:25.984633442Z,2023-05-29T13:19:24.177262972Z,CREATE,file_event,NFCORE_SAREK:SAREK:BAM_VARIANT_CALLING_GERMLINE_ALL:BAM_VARIANT_CALLING_SINGLE_STRELKA:STRELKA_SINGLE (SRR11452394) (1636),NFCORE_SAREK:SAREK:BAM_VARIANT_CALLING_GERMLINE_ALL:BAM_VARIANT_CALLING_SINGLE_STRELKA:STRELKA_SINGLE (SRR11452394) (1636),/home/nilsd/nextflow/build/work/be/612e0552ceb4ba5f6804f1d15e13ec/strelka/workspace/genomeSegment.tmpdir/segment.chromId_001_2_0012.genome.S1.vcf,2278029,1636
,,0,2023-05-24T11:55:25.984633442Z,2023-05-31T11:55:25.984633442Z,2023-05-29T13:19:24.17998697Z,CREATE,file_event,NFCORE_SAREK:SAREK:BAM_VARIANT_CALLING_GERMLINE_ALL:BAM_VARIANT_CALLING_SINGLE_STRELKA:STRELKA_SINGLE (SRR11452394) (1636),NFCORE_SAREK:SAREK:BAM_VARIANT_CALLING_GERMLINE_ALL:BAM_VARIANT_CALLING_SINGLE_STRELKA:STRELKA_SINGLE (SRR11452394) (1636),/home/nilsd/nextflow/build/work/be/612e0552ceb4ba5f6804f1d15e13ec/strelka/workspace/genomeSegment.tmpdir/segment.chromId_001_2_0006.variants.vcf,2278029,1636
,,0,2023-05-24T11:55:25.984633442Z,2023-05-31T11:55:25.984633442Z,2023-05-29T13:19:24.182503282Z,CREATE,file_event,NFCORE_SAREK:SAREK:BAM_VARIANT_CALLING_GERMLINE_ALL:BAM_VARIANT_CALLING_SINGLE_STRELKA:STRELKA_SINGLE (SRR11452394) (1636),NFCORE_SAREK:SAREK:BAM_VARIANT_CALLING_GERMLINE_ALL:BAM_VARIANT_CALLING_SINGLE_STRELKA:STRELKA_SINGLE (SRR11452394) (1636),/home/nilsd/nextflow/build/work/be/612e0552ceb4ba5f6804f1d15e13ec/strelka/workspace/genomeSegment.tmpdir/segment.chromId_001_2_0006.genome.S1.vcf,2278029,1636
,,0,2023-05-24T11:55:25.984633442Z,2023-05-31T11:55:25.984633442Z,2023-05-29T13:19:24.184878039Z,CREATE,file_event,NFCORE_SAREK:SAREK:BAM_VARIANT_CALLING_GERMLINE_ALL:BAM_VARIANT_CALLING_SINGLE_STRELKA:STRELKA_SINGLE (SRR11452394) (1636),NFCORE_SAREK:SAREK:BAM_VARIANT_CALLING_GERMLINE_ALL:BAM_VARIANT_CALLING_SINGLE_STRELKA:STRELKA_SINGLE (SRR11452394) (1636),/home/nilsd/nextflow/build/work/be/612e0552ceb4ba5f6804f1d15e13ec/strelka/workspace/genomeSegment.tmpdir/segment.chromId_001_2_0019.variants.vcf,2278029,1636
,,0,2023-05-24T11:55:25.984633442Z,2023-05-31T11:55:25.984633442Z,2023-05-29T13:19:24.187109691Z,CREATE,file_event,NFCORE_SAREK:SAREK:BAM_VARIANT_CALLING_GERMLINE_ALL:BAM_VARIANT_CALLING_SINGLE_STRELKA:STRELKA_SINGLE (SRR11452394) (1636),NFCORE_SAREK:SAREK:BAM_VARIANT_CALLING_GERMLINE_ALL:BAM_VARIANT_CALLING_SINGLE_STRELKA:STRELKA_SINGLE (SRR11452394) (1636),/home/nilsd/nextflow/build/work/be/612e0552ceb4ba5f6804f1d15e13ec/strelka/workspace/genomeSegment.tmpdir/segment.chromId_001_2_0019.genome.S1.vcf,2278029,1636
,,0,2023-05-24T11:55:25.984633442Z,2023-05-31T11:55:25.984633442Z,2023-05-29T13:19:24.189616893Z,CREATE,file_event,NFCORE_SAREK:SAREK:BAM_VARIANT_CALLING_GERMLINE_ALL:BAM_VARIANT_CALLING_SINGLE_STRELKA:STRELKA_SINGLE (SRR11452394) (1636),NFCORE_SAREK:SAREK:BAM_VARIANT_CALLING_GERMLINE_ALL:BAM_VARIANT_CALLING_SINGLE_STRELKA:STRELKA_SINGLE (SRR11452394) (1636),/home/nilsd/nextflow/build/work/be/612e0552ceb4ba5f6804f1d15e13ec/strelka/workspace/genomeSegment.tmpdir/segment.chromId_001_2_0010.variants.vcf,2278029,1636
,,0,2023-05-24T11:55:25.984633442Z,2023-05-31T11:55:25.984633442Z,2023-05-29T13:19:24.193061595Z,CREATE,file_event,NFCORE_SAREK:SAREK:BAM_VARIANT_CALLING_GERMLINE_ALL:BAM_VARIANT_CALLING_SINGLE_STRELKA:STRELKA_SINGLE (SRR11452394) (1636),NFCORE_SAREK:SAREK:BAM_VARIANT_CALLING_GERMLINE_ALL:BAM_VARIANT_CALLING_SINGLE_STRELKA:STRELKA_SINGLE (SRR11452394) (1636),/home/nilsd/nextflow/build/work/be/612e0552ceb4ba5f6804f1d15e13ec/strelka/workspace/genomeSegment.tmpdir/segment.chromId_001_2_0010.genome.S1.vcf,2278029,1636
,,0,2023-05-24T11:55:25.984633442Z,2023-05-31T11:55:25.984633442Z,2023-05-29T13:19:26.616324728Z,CREATE,file_event,NFCORE_SAREK:SAREK:BAM_VARIANT_CALLING_GERMLINE_ALL:BAM_VARIANT_CALLING_SINGLE_STRELKA:STRELKA_SINGLE (SRR11452394) (1636),NFCORE_SAREK:SAREK:BAM_VARIANT_CALLING_GERMLINE_ALL:BAM_VARIANT_CALLING_SINGLE_STRELKA:STRELKA_SINGLE (SRR11452394) (1636),/home/nilsd/nextflow/build/work/be/612e0552ceb4ba5f6804f1d15e13ec/strelka/workspace/pyflow.data/logs/tmp/taskWrapperLogs/000/007,2278029,1636
,,0,2023-05-24T11:55:25.984633442Z,2023-05-31T11:55:25.984633442Z,2023-05-29T13:19:26.619685857Z,CREATE,file_event,NFCORE_SAREK:SAREK:BAM_VARIANT_CALLING_GERMLINE_ALL:BAM_VARIANT_CALLING_SINGLE_STRELKA:STRELKA_SINGLE (SRR11452394) (1636),NFCORE_SAREK:SAREK:BAM_VARIANT_CALLING_GERMLINE_ALL:BAM_VARIANT_CALLING_SINGLE_STRELKA:STRELKA_SINGLE (SRR11452394) (1636),/home/nilsd/nextflow/build/work/be/612e0552ceb4ba5f6804f1d15e13ec/strelka/workspace/pyflow.data/logs/tmp/taskWrapperLogs/000/007/taskWrapperParameters.pickle,2278029,1636
,,0,2023-05-24T11:55:25.984633442Z,2023-05-31T11:55:25.984633442Z,2023-05-29T13:19:26.622772377Z,CREATE,file_event,NFCORE_SAREK:SAREK:BAM_VARIANT_CALLING_GERMLINE_ALL:BAM_VARIANT_CALLING_SINGLE_STRELKA:STRELKA_SINGLE (SRR11452394) (1636),NFCORE_SAREK:SAREK:BAM_VARIANT_CALLING_GERMLINE_ALL:BAM_VARIANT_CALLING_SINGLE_STRELKA:STRELKA_SINGLE (SRR11452394) (1636),/home/nilsd/nextflow/build/work/be/612e0552ceb4ba5f6804f1d15e13ec/strelka/workspace/pyflow.data/logs/tmp/taskWrapperLogs/000/040,2278029,1636
,,0,2023-05-24T11:55:25.984633442Z,2023-05-31T11:55:25.984633442Z,2023-05-29T13:19:26.625996342Z,CREATE,file_event,NFCORE_SAREK:SAREK:BAM_VARIANT_CALLING_GERMLINE_ALL:BAM_VARIANT_CALLING_SINGLE_STRELKA:STRELKA_SINGLE (SRR11452394) (1636),NFCORE_SAREK:SAREK:BAM_VARIANT_CALLING_GERMLINE_ALL:BAM_VARIANT_CALLING_SINGLE_STRELKA:STRELKA_SINGLE (SRR11452394) (1636),/home/nilsd/nextflow/build/work/be/612e0552ceb4ba5f6804f1d15e13ec/strelka/workspace/pyflow.data/logs/tmp/taskWrapperLogs/000/040/taskWrapperParameters.pickle,2278029,1636
,,0,2023-05-24T11:55:25.984633442Z,2023-05-31T11:55:25.984633442Z,2023-05-29T13:19:26.628568005Z,CREATE,file_event,NFCORE_SAREK:SAREK:BAM_VARIANT_CALLING_GERMLINE_ALL:BAM_VARIANT_CALLING_SINGLE_STRELKA:STRELKA_SINGLE (SRR11452394) (1636),NFCORE_SAREK:SAREK:BAM_VARIANT_CALLING_GERMLINE_ALL:BAM_VARIANT_CALLING_SINGLE_STRELKA:STRELKA_SINGLE (SRR11452394) (1636),/home/nilsd/nextflow/build/work/be/612e0552ceb4ba5f6804f1d15e13ec/strelka/workspace/pyflow.data/logs/tmp/taskWrapperLogs/000/040/pyflowTaskWrapper.signal.txt,2278029,1636
,,0,2023-05-24T11:55:25.984633442Z,2023-05-31T11:55:25.984633442Z,2023-05-29T13:19:26.631614254Z,CREATE,file_event,NFCORE_SAREK:SAREK:BAM_VARIANT_CALLING_GERMLINE_ALL:BAM_VARIANT_CALLING_SINGLE_STRELKA:STRELKA_SINGLE (SRR11452394) (1636),NFCORE_SAREK:SAREK:BAM_VARIANT_CALLING_GERMLINE_ALL:BAM_VARIANT_CALLING_SINGLE_STRELKA:STRELKA_SINGLE (SRR11452394) (1636),/home/nilsd/nextflow/build/work/be/612e0552ceb4ba5f6804f1d15e13ec/strelka/workspace/pyflow.data/logs/tmp/taskWrapperLogs/000/007/pyflowTaskWrapper.signal.txt,2278029,1636
,,0,2023-05-24T11:55:25.984633442Z,2023-05-31T11:55:25.984633442Z,2023-05-29T13:19:26.656001966Z,CREATE,file_event,NFCORE_SAREK:SAREK:BAM_VARIANT_CALLING_GERMLINE_ALL:BAM_VARIANT_CALLING_SINGLE_STRELKA:STRELKA_SINGLE (SRR11452394) (1636),NFCORE_SAREK:SAREK:BAM_VARIANT_CALLING_GERMLINE_ALL:BAM_VARIANT_CALLING_SINGLE_STRELKA:STRELKA_SINGLE (SRR11452394) (1636),/home/nilsd/nextflow/build/work/be/612e0552ceb4ba5f6804f1d15e13ec/strelka/workspace/genomeSegment.tmpdir/segment.chromId_001_2_0001.genome.S1.vcf.gz,2278029,1636
,,0,2023-05-24T11:55:25.984633442Z,2023-05-31T11:55:25.984633442Z,2023-05-29T13:19:26.668554113Z,CREATE,file_event,NFCORE_SAREK:SAREK:BAM_VARIANT_CALLING_GERMLINE_ALL:BAM_VARIANT_CALLING_SINGLE_STRELKA:STRELKA_SINGLE (SRR11452394) (1636),NFCORE_SAREK:SAREK:BAM_VARIANT_CALLING_GERMLINE_ALL:BAM_VARIANT_CALLING_SINGLE_STRELKA:STRELKA_SINGLE (SRR11452394) (1636),/home/nilsd/nextflow/build/work/be/612e0552ceb4ba5f6804f1d15e13ec/strelka/workspace/genomeSegment.tmpdir/segment.chromId_001_2_0012.genome.S1.vcf.gz,2278029,1636
,,0,2023-05-24T11:55:25.984633442Z,2023-05-31T11:55:25.984633442Z,2023-05-29T13:19:26.736311352Z,CREATE,file_event,NFCORE_SAREK:SAREK:BAM_VARIANT_CALLING_GERMLINE_ALL:BAM_VARIANT_CALLING_SINGLE_STRELKA:STRELKA_SINGLE (SRR11452394) (1636),NFCORE_SAREK:SAREK:BAM_VARIANT_CALLING_GERMLINE_ALL:BAM_VARIANT_CALLING_SINGLE_STRELKA:STRELKA_SINGLE (SRR11452394) (1636),/home/nilsd/nextflow/build/work/be/612e0552ceb4ba5f6804f1d15e13ec/strelka/workspace/pyflow.data/logs/tmp/taskWrapperLogs/000/026,2278029,1636
,,0,2023-05-24T11:55:25.984633442Z,2023-05-31T11:55:25.984633442Z,2023-05-29T13:19:26.739259218Z,CREATE,file_event,NFCORE_SAREK:SAREK:BAM_VARIANT_CALLING_GERMLINE_ALL:BAM_VARIANT_CALLING_SINGLE_STRELKA:STRELKA_SINGLE (SRR11452394) (1636),NFCORE_SAREK:SAREK:BAM_VARIANT_CALLING_GERMLINE_ALL:BAM_VARIANT_CALLING_SINGLE_STRELKA:STRELKA_SINGLE (SRR11452394) (1636),/home/nilsd/nextflow/build/work/be/612e0552ceb4ba5f6804f1d15e13ec/strelka/workspace/pyflow.data/logs/tmp/taskWrapperLogs/000/026/taskWrapperParameters.pickle,2278029,1636
,,0,2023-05-24T11:55:25.984633442Z,2023-05-31T11:55:25.984633442Z,2023-05-29T13:19:26.741684237Z,CREATE,file_event,NFCORE_SAREK:SAREK:BAM_VARIANT_CALLING_GERMLINE_ALL:BAM_VARIANT_CALLING_SINGLE_STRELKA:STRELKA_SINGLE (SRR11452394) (1636),NFCORE_SAREK:SAREK:BAM_VARIANT_CALLING_GERMLINE_ALL:BAM_VARIANT_CALLING_SINGLE_STRELKA:STRELKA_SINGLE (SRR11452394) (1636),/home/nilsd/nextflow/build/work/be/612e0552ceb4ba5f6804f1d15e13ec/strelka/workspace/pyflow.data/logs/tmp/taskWrapperLogs/000/047,2278029,1636
,,0,2023-05-24T11:55:25.984633442Z,2023-05-31T11:55:25.984633442Z,2023-05-29T13:19:26.74392304Z,CREATE,file_event,NFCORE_SAREK:SAREK:BAM_VARIANT_CALLING_GERMLINE_ALL:BAM_VARIANT_CALLING_SINGLE_STRELKA:STRELKA_SINGLE (SRR11452394) (1636),NFCORE_SAREK:SAREK:BAM_VARIANT_CALLING_GERMLINE_ALL:BAM_VARIANT_CALLING_SINGLE_STRELKA:STRELKA_SINGLE (SRR11452394) (1636),/home/nilsd/nextflow/build/work/be/612e0552ceb4ba5f6804f1d15e13ec/strelka/workspace/pyflow.data/logs/tmp/taskWrapperLogs/000/047/taskWrapperParameters.pickle,2278029,1636
,,0,2023-05-24T11:55:25.984633442Z,2023-05-31T11:55:25.984633442Z,2023-05-29T13:19:26.745941755Z,CREATE,file_event,NFCORE_SAREK:SAREK:BAM_VARIANT_CALLING_GERMLINE_ALL:BAM_VARIANT_CALLING_SINGLE_STRELKA:STRELKA_SINGLE (SRR11452394) (1636),NFCORE_SAREK:SAREK:BAM_VARIANT_CALLING_GERMLINE_ALL:BAM_VARIANT_CALLING_SINGLE_STRELKA:STRELKA_SINGLE (SRR11452394) (1636),/home/nilsd/nextflow/build/work/be/612e0552ceb4ba5f6804f1d15e13ec/strelka/workspace/pyflow.data/logs/tmp/taskWrapperLogs/000/026/pyflowTaskWrapper.signal.txt,2278029,1636
,,0,2023-05-24T11:55:25.984633442Z,2023-05-31T11:55:25.984633442Z,2023-05-29T13:19:26.748049543Z,CREATE,file_event,NFCORE_SAREK:SAREK:BAM_VARIANT_CALLING_GERMLINE_ALL:BAM_VARIANT_CALLING_SINGLE_STRELKA:STRELKA_SINGLE (SRR11452394) (1636),NFCORE_SAREK:SAREK:BAM_VARIANT_CALLING_GERMLINE_ALL:BAM_VARIANT_CALLING_SINGLE_STRELKA:STRELKA_SINGLE (SRR11452394) (1636),/home/nilsd/nextflow/build/work/be/612e0552ceb4ba5f6804f1d15e13ec/strelka/workspace/pyflow.data/logs/tmp/taskWrapperLogs/000/047/pyflowTaskWrapper.signal.txt,2278029,1636
,,0,2023-05-24T11:55:25.984633442Z,2023-05-31T11:55:25.984633442Z,2023-05-29T13:19:26.783735431Z,CREATE,file_event,NFCORE_SAREK:SAREK:BAM_VARIANT_CALLING_GERMLINE_ALL:BAM_VARIANT_CALLING_SINGLE_STRELKA:STRELKA_SINGLE (SRR11452394) (1636),NFCORE_SAREK:SAREK:BAM_VARIANT_CALLING_GERMLINE_ALL:BAM_VARIANT_CALLING_SINGLE_STRELKA:STRELKA_SINGLE (SRR11452394) (1636),/home/nilsd/nextflow/build/work/be/612e0552ceb4ba5f6804f1d15e13ec/strelka/workspace/genomeSegment.tmpdir/runStats.chromId_001_2_0008.xml,2278029,1636
,,0,2023-05-24T11:55:25.984633442Z,2023-05-31T11:55:25.984633442Z,2023-05-29T13:19:26.786902164Z,CREATE,file_event,NFCORE_SAREK:SAREK:BAM_VARIANT_CALLING_GERMLINE_ALL:BAM_VARIANT_CALLING_SINGLE_STRELKA:STRELKA_SINGLE (SRR11452394) (1636),NFCORE_SAREK:SAREK:BAM_VARIANT_CALLING_GERMLINE_ALL:BAM_VARIANT_CALLING_SINGLE_STRELKA:STRELKA_SINGLE (SRR11452394) (1636),/home/nilsd/nextflow/build/work/be/612e0552ceb4ba5f6804f1d15e13ec/strelka/workspace/genomeSegment.tmpdir/runStats.chromId_001_2_0015.xml,2278029,1636
,,0,2023-05-24T11:55:25.984633442Z,2023-05-31T11:55:25.984633442Z,2023-05-29T13:19:26.823222423Z,CREATE,file_event,NFCORE_SAREK:SAREK:BAM_VARIANT_CALLING_GERMLINE_ALL:BAM_VARIANT_CALLING_SINGLE_STRELKA:STRELKA_SINGLE (SRR11452394) (1636),NFCORE_SAREK:SAREK:BAM_VARIANT_CALLING_GERMLINE_ALL:BAM_VARIANT_CALLING_SINGLE_STRELKA:STRELKA_SINGLE (SRR11452394) (1636),/home/nilsd/nextflow/build/work/be/612e0552ceb4ba5f6804f1d15e13ec/strelka/workspace/genomeSegment.tmpdir/segment.chromId_001_2_0008.variants.vcf,2278029,1636
,,0,2023-05-24T11:55:25.984633442Z,2023-05-31T11:55:25.984633442Z,2023-05-29T13:19:26.825648022Z,CREATE,file_event,NFCORE_SAREK:SAREK:BAM_VARIANT_CALLING_GERMLINE_ALL:BAM_VARIANT_CALLING_SINGLE_STRELKA:STRELKA_SINGLE (SRR11452394) (1636),NFCORE_SAREK:SAREK:BAM_VARIANT_CALLING_GERMLINE_ALL:BAM_VARIANT_CALLING_SINGLE_STRELKA:STRELKA_SINGLE (SRR11452394) (1636),/home/nilsd/nextflow/build/work/be/612e0552ceb4ba5f6804f1d15e13ec/strelka/workspace/genomeSegment.tmpdir/segment.chromId_001_2_0008.genome.S1.vcf,2278029,1636
,,0,2023-05-24T11:55:25.984633442Z,2023-05-31T11:55:25.984633442Z,2023-05-29T13:19:26.830334674Z,CREATE,file_event,NFCORE_SAREK:SAREK:BAM_VARIANT_CALLING_GERMLINE_ALL:BAM_VARIANT_CALLING_SINGLE_STRELKA:STRELKA_SINGLE (SRR11452394) (1636),NFCORE_SAREK:SAREK:BAM_VARIANT_CALLING_GERMLINE_ALL:BAM_VARIANT_CALLING_SINGLE_STRELKA:STRELKA_SINGLE (SRR11452394) (1636),/home/nilsd/nextflow/build/work/be/612e0552ceb4ba5f6804f1d15e13ec/strelka/workspace/genomeSegment.tmpdir/segment.chromId_001_2_0015.variants.vcf,2278029,1636
,,0,2023-05-24T11:55:25.984633442Z,2023-05-31T11:55:25.984633442Z,2023-05-29T13:19:26.833446145Z,CREATE,file_event,NFCORE_SAREK:SAREK:BAM_VARIANT_CALLING_GERMLINE_ALL:BAM_VARIANT_CALLING_SINGLE_STRELKA:STRELKA_SINGLE (SRR11452394) (1636),NFCORE_SAREK:SAREK:BAM_VARIANT_CALLING_GERMLINE_ALL:BAM_VARIANT_CALLING_SINGLE_STRELKA:STRELKA_SINGLE (SRR11452394) (1636),/home/nilsd/nextflow/build/work/be/612e0552ceb4ba5f6804f1d15e13ec/strelka/workspace/genomeSegment.tmpdir/segment.chromId_001_2_0015.genome.S1.vcf,2278029,1636
,,0,2023-05-24T11:55:25.984633442Z,2023-05-31T11:55:25.984633442Z,2023-05-29T13:19:27.054373866Z,CREATE,file_event,NFCORE_SAREK:SAREK:BAM_VARIANT_CALLING_GERMLINE_ALL:BAM_VARIANT_CALLING_SINGLE_STRELKA:STRELKA_SINGLE (SRR11452394) (1636),NFCORE_SAREK:SAREK:BAM_VARIANT_CALLING_GERMLINE_ALL:BAM_VARIANT_CALLING_SINGLE_STRELKA:STRELKA_SINGLE (SRR11452394) (1636),/home/nilsd/nextflow/build/work/be/612e0552ceb4ba5f6804f1d15e13ec/strelka/workspace/pyflow.data/logs/tmp/taskWrapperLogs/000/062,2278029,1636
,,0,2023-05-24T11:55:25.984633442Z,2023-05-31T11:55:25.984633442Z,2023-05-29T13:19:27.057541289Z,CREATE,file_event,NFCORE_SAREK:SAREK:BAM_VARIANT_CALLING_GERMLINE_ALL:BAM_VARIANT_CALLING_SINGLE_STRELKA:STRELKA_SINGLE (SRR11452394) (1636),NFCORE_SAREK:SAREK:BAM_VARIANT_CALLING_GERMLINE_ALL:BAM_VARIANT_CALLING_SINGLE_STRELKA:STRELKA_SINGLE (SRR11452394) (1636),/home/nilsd/nextflow/build/work/be/612e0552ceb4ba5f6804f1d15e13ec/strelka/workspace/pyflow.data/logs/tmp/taskWrapperLogs/000/062/taskWrapperParameters.pickle,2278029,1636
,,0,2023-05-24T11:55:25.984633442Z,2023-05-31T11:55:25.984633442Z,2023-05-29T13:19:27.061353442Z,CREATE,file_event,NFCORE_SAREK:SAREK:BAM_VARIANT_CALLING_GERMLINE_ALL:BAM_VARIANT_CALLING_SINGLE_STRELKA:STRELKA_SINGLE (SRR11452394) (1636),NFCORE_SAREK:SAREK:BAM_VARIANT_CALLING_GERMLINE_ALL:BAM_VARIANT_CALLING_SINGLE_STRELKA:STRELKA_SINGLE (SRR11452394) (1636),/home/nilsd/nextflow/build/work/be/612e0552ceb4ba5f6804f1d15e13ec/strelka/workspace/pyflow.data/logs/tmp/taskWrapperLogs/000/062/pyflowTaskWrapper.signal.txt,2278029,1636
,,0,2023-05-24T11:55:25.984633442Z,2023-05-31T11:55:25.984633442Z,2023-05-29T13:19:27.094281101Z,CREATE,file_event,NFCORE_SAREK:SAREK:BAM_VARIANT_CALLING_GERMLINE_ALL:BAM_VARIANT_CALLING_SINGLE_STRELKA:STRELKA_SINGLE (SRR11452394) (1636),NFCORE_SAREK:SAREK:BAM_VARIANT_CALLING_GERMLINE_ALL:BAM_VARIANT_CALLING_SINGLE_STRELKA:STRELKA_SINGLE (SRR11452394) (1636),/home/nilsd/nextflow/build/work/be/612e0552ceb4ba5f6804f1d15e13ec/strelka/workspace/genomeSegment.tmpdir/runStats.chromId_001_2_0020.xml,2278029,1636
,,0,2023-05-24T11:55:25.984633442Z,2023-05-31T11:55:25.984633442Z,2023-05-29T13:19:27.135674155Z,CREATE,file_event,NFCORE_SAREK:SAREK:BAM_VARIANT_CALLING_GERMLINE_ALL:BAM_VARIANT_CALLING_SINGLE_STRELKA:STRELKA_SINGLE (SRR11452394) (1636),NFCORE_SAREK:SAREK:BAM_VARIANT_CALLING_GERMLINE_ALL:BAM_VARIANT_CALLING_SINGLE_STRELKA:STRELKA_SINGLE (SRR11452394) (1636),/home/nilsd/nextflow/build/work/be/612e0552ceb4ba5f6804f1d15e13ec/strelka/workspace/genomeSegment.tmpdir/segment.chromId_001_2_0020.variants.vcf,2278029,1636
,,0,2023-05-24T11:55:25.984633442Z,2023-05-31T11:55:25.984633442Z,2023-05-29T13:19:27.138501737Z,CREATE,file_event,NFCORE_SAREK:SAREK:BAM_VARIANT_CALLING_GERMLINE_ALL:BAM_VARIANT_CALLING_SINGLE_STRELKA:STRELKA_SINGLE (SRR11452394) (1636),NFCORE_SAREK:SAREK:BAM_VARIANT_CALLING_GERMLINE_ALL:BAM_VARIANT_CALLING_SINGLE_STRELKA:STRELKA_SINGLE (SRR11452394) (1636),/home/nilsd/nextflow/build/work/be/612e0552ceb4ba5f6804f1d15e13ec/strelka/workspace/genomeSegment.tmpdir/segment.chromId_001_2_0020.genome.S1.vcf,2278029,1636
,,0,2023-05-24T11:55:25.984633442Z,2023-05-31T11:55:25.984633442Z,2023-05-29T13:19:27.371394186Z,CREATE,file_event,NFCORE_SAREK:SAREK:BAM_VARIANT_CALLING_GERMLINE_ALL:BAM_VARIANT_CALLING_SINGLE_STRELKA:STRELKA_SINGLE (SRR11452394) (1636),NFCORE_SAREK:SAREK:BAM_VARIANT_CALLING_GERMLINE_ALL:BAM_VARIANT_CALLING_SINGLE_STRELKA:STRELKA_SINGLE (SRR11452394) (1636),/home/nilsd/nextflow/build/work/be/612e0552ceb4ba5f6804f1d15e13ec/strelka/workspace/pyflow.data/logs/tmp/taskWrapperLogs/000/042,2278029,1636
,,0,2023-05-24T11:55:25.984633442Z,2023-05-31T11:55:25.984633442Z,2023-05-29T13:19:27.374284389Z,CREATE,file_event,NFCORE_SAREK:SAREK:BAM_VARIANT_CALLING_GERMLINE_ALL:BAM_VARIANT_CALLING_SINGLE_STRELKA:STRELKA_SINGLE (SRR11452394) (1636),NFCORE_SAREK:SAREK:BAM_VARIANT_CALLING_GERMLINE_ALL:BAM_VARIANT_CALLING_SINGLE_STRELKA:STRELKA_SINGLE (SRR11452394) (1636),/home/nilsd/nextflow/build/work/be/612e0552ceb4ba5f6804f1d15e13ec/strelka/workspace/pyflow.data/logs/tmp/taskWrapperLogs/000/042/taskWrapperParameters.pickle,2278029,1636
,,0,2023-05-24T11:55:25.984633442Z,2023-05-31T11:55:25.984633442Z,2023-05-29T13:19:27.37644918Z,CREATE,file_event,NFCORE_SAREK:SAREK:BAM_VARIANT_CALLING_GERMLINE_ALL:BAM_VARIANT_CALLING_SINGLE_STRELKA:STRELKA_SINGLE (SRR11452394) (1636),NFCORE_SAREK:SAREK:BAM_VARIANT_CALLING_GERMLINE_ALL:BAM_VARIANT_CALLING_SINGLE_STRELKA:STRELKA_SINGLE (SRR11452394) (1636),/home/nilsd/nextflow/build/work/be/612e0552ceb4ba5f6804f1d15e13ec/strelka/workspace/pyflow.data/logs/tmp/taskWrapperLogs/000/042/pyflowTaskWrapper.signal.txt,2278029,1636
,,0,2023-05-24T11:55:25.984633442Z,2023-05-31T11:55:25.984633442Z,2023-05-29T13:19:27.414875407Z,CREATE,file_event,NFCORE_SAREK:SAREK:BAM_VARIANT_CALLING_GERMLINE_ALL:BAM_VARIANT_CALLING_SINGLE_STRELKA:STRELKA_SINGLE (SRR11452394) (1636),NFCORE_SAREK:SAREK:BAM_VARIANT_CALLING_GERMLINE_ALL:BAM_VARIANT_CALLING_SINGLE_STRELKA:STRELKA_SINGLE (SRR11452394) (1636),/home/nilsd/nextflow/build/work/be/612e0552ceb4ba5f6804f1d15e13ec/strelka/workspace/genomeSegment.tmpdir/segment.chromId_001_2_0013.variants.vcf.gz,2278029,1636
,,0,2023-05-24T11:55:25.984633442Z,2023-05-31T11:55:25.984633442Z,2023-05-29T13:19:27.450175943Z,CREATE,file_event,NFCORE_SAREK:SAREK:BAM_VARIANT_CALLING_GERMLINE_ALL:BAM_VARIANT_CALLING_SINGLE_STRELKA:STRELKA_SINGLE (SRR11452394) (1636),NFCORE_SAREK:SAREK:BAM_VARIANT_CALLING_GERMLINE_ALL:BAM_VARIANT_CALLING_SINGLE_STRELKA:STRELKA_SINGLE (SRR11452394) (1636),/home/nilsd/nextflow/build/work/be/612e0552ceb4ba5f6804f1d15e13ec/strelka/workspace/pyflow.data/logs/tmp/taskWrapperLogs/000/053,2278029,1636
,,0,2023-05-24T11:55:25.984633442Z,2023-05-31T11:55:25.984633442Z,2023-05-29T13:19:27.454554055Z,CREATE,file_event,NFCORE_SAREK:SAREK:BAM_VARIANT_CALLING_GERMLINE_ALL:BAM_VARIANT_CALLING_SINGLE_STRELKA:STRELKA_SINGLE (SRR11452394) (1636),NFCORE_SAREK:SAREK:BAM_VARIANT_CALLING_GERMLINE_ALL:BAM_VARIANT_CALLING_SINGLE_STRELKA:STRELKA_SINGLE (SRR11452394) (1636),/home/nilsd/nextflow/build/work/be/612e0552ceb4ba5f6804f1d15e13ec/strelka/workspace/pyflow.data/logs/tmp/taskWrapperLogs/000/053/taskWrapperParameters.pickle,2278029,1636
,,0,2023-05-24T11:55:25.984633442Z,2023-05-31T11:55:25.984633442Z,2023-05-29T13:19:27.456776837Z,CREATE,file_event,NFCORE_SAREK:SAREK:BAM_VARIANT_CALLING_GERMLINE_ALL:BAM_VARIANT_CALLING_SINGLE_STRELKA:STRELKA_SINGLE (SRR11452394) (1636),NFCORE_SAREK:SAREK:BAM_VARIANT_CALLING_GERMLINE_ALL:BAM_VARIANT_CALLING_SINGLE_STRELKA:STRELKA_SINGLE (SRR11452394) (1636),/home/nilsd/nextflow/build/work/be/612e0552ceb4ba5f6804f1d15e13ec/strelka/workspace/pyflow.data/logs/tmp/taskWrapperLogs/000/053/pyflowTaskWrapper.signal.txt,2278029,1636
,,0,2023-05-24T11:55:25.984633442Z,2023-05-31T11:55:25.984633442Z,2023-05-29T13:19:27.549437815Z,CREATE,file_event,NFCORE_SAREK:SAREK:BAM_VARIANT_CALLING_GERMLINE_ALL:BAM_VARIANT_CALLING_SINGLE_STRELKA:STRELKA_SINGLE (SRR11452394) (1636),NFCORE_SAREK:SAREK:BAM_VARIANT_CALLING_GERMLINE_ALL:BAM_VARIANT_CALLING_SINGLE_STRELKA:STRELKA_SINGLE (SRR11452394) (1636),/home/nilsd/nextflow/build/work/be/612e0552ceb4ba5f6804f1d15e13ec/strelka/workspace/genomeSegment.tmpdir/runStats.chromId_001_2_0017.xml,2278029,1636
,,0,2023-05-24T11:55:25.984633442Z,2023-05-31T11:55:25.984633442Z,2023-05-29T13:19:27.585680641Z,CREATE,file_event,NFCORE_SAREK:SAREK:BAM_VARIANT_CALLING_GERMLINE_ALL:BAM_VARIANT_CALLING_SINGLE_STRELKA:STRELKA_SINGLE (SRR11452394) (1636),NFCORE_SAREK:SAREK:BAM_VARIANT_CALLING_GERMLINE_ALL:BAM_VARIANT_CALLING_SINGLE_STRELKA:STRELKA_SINGLE (SRR11452394) (1636),/home/nilsd/nextflow/build/work/be/612e0552ceb4ba5f6804f1d15e13ec/strelka/workspace/genomeSegment.tmpdir/segment.chromId_001_2_0017.variants.vcf,2278029,1636
,,0,2023-05-24T11:55:25.984633442Z,2023-05-31T11:55:25.984633442Z,2023-05-29T13:19:27.588382129Z,CREATE,file_event,NFCORE_SAREK:SAREK:BAM_VARIANT_CALLING_GERMLINE_ALL:BAM_VARIANT_CALLING_SINGLE_STRELKA:STRELKA_SINGLE (SRR11452394) (1636),NFCORE_SAREK:SAREK:BAM_VARIANT_CALLING_GERMLINE_ALL:BAM_VARIANT_CALLING_SINGLE_STRELKA:STRELKA_SINGLE (SRR11452394) (1636),/home/nilsd/nextflow/build/work/be/612e0552ceb4ba5f6804f1d15e13ec/strelka/workspace/genomeSegment.tmpdir/segment.chromId_001_2_0017.genome.S1.vcf,2278029,1636
,,0,2023-05-24T11:55:25.984633442Z,2023-05-31T11:55:25.984633442Z,2023-05-29T13:19:27.76681355Z,CREATE,file_event,NFCORE_SAREK:SAREK:BAM_VARIANT_CALLING_GERMLINE_ALL:BAM_VARIANT_CALLING_SINGLE_STRELKA:STRELKA_SINGLE (SRR11452394) (1636),NFCORE_SAREK:SAREK:BAM_VARIANT_CALLING_GERMLINE_ALL:BAM_VARIANT_CALLING_SINGLE_STRELKA:STRELKA_SINGLE (SRR11452394) (1636),/home/nilsd/nextflow/build/work/be/612e0552ceb4ba5f6804f1d15e13ec/strelka/workspace/pyflow.data/logs/tmp/taskWrapperLogs/000/031,2278029,1636
,,0,2023-05-24T11:55:25.984633442Z,2023-05-31T11:55:25.984633442Z,2023-05-29T13:19:27.77020433Z,CREATE,file_event,NFCORE_SAREK:SAREK:BAM_VARIANT_CALLING_GERMLINE_ALL:BAM_VARIANT_CALLING_SINGLE_STRELKA:STRELKA_SINGLE (SRR11452394) (1636),NFCORE_SAREK:SAREK:BAM_VARIANT_CALLING_GERMLINE_ALL:BAM_VARIANT_CALLING_SINGLE_STRELKA:STRELKA_SINGLE (SRR11452394) (1636),/home/nilsd/nextflow/build/work/be/612e0552ceb4ba5f6804f1d15e13ec/strelka/workspace/pyflow.data/logs/tmp/taskWrapperLogs/000/031/taskWrapperParameters.pickle,2278029,1636
,,0,2023-05-24T11:55:25.984633442Z,2023-05-31T11:55:25.984633442Z,2023-05-29T13:19:27.77266023Z,CREATE,file_event,NFCORE_SAREK:SAREK:BAM_VARIANT_CALLING_GERMLINE_ALL:BAM_VARIANT_CALLING_SINGLE_STRELKA:STRELKA_SINGLE (SRR11452394) (1636),NFCORE_SAREK:SAREK:BAM_VARIANT_CALLING_GERMLINE_ALL:BAM_VARIANT_CALLING_SINGLE_STRELKA:STRELKA_SINGLE (SRR11452394) (1636),/home/nilsd/nextflow/build/work/be/612e0552ceb4ba5f6804f1d15e13ec/strelka/workspace/pyflow.data/logs/tmp/taskWrapperLogs/000/031/pyflowTaskWrapper.signal.txt,2278029,1636
,,0,2023-05-24T11:55:25.984633442Z,2023-05-31T11:55:25.984633442Z,2023-05-29T13:19:27.812173952Z,CREATE,file_event,NFCORE_SAREK:SAREK:BAM_VARIANT_CALLING_GERMLINE_ALL:BAM_VARIANT_CALLING_SINGLE_STRELKA:STRELKA_SINGLE (SRR11452394) (1636),NFCORE_SAREK:SAREK:BAM_VARIANT_CALLING_GERMLINE_ALL:BAM_VARIANT_CALLING_SINGLE_STRELKA:STRELKA_SINGLE (SRR11452394) (1636),/home/nilsd/nextflow/build/work/be/612e0552ceb4ba5f6804f1d15e13ec/strelka/workspace/genomeSegment.tmpdir/segment.chromId_001_2_0009.genome.S1.vcf.gz,2278029,1636
,,0,2023-05-24T11:55:25.984633442Z,2023-05-31T11:55:25.984633442Z,2023-05-29T13:19:27.884835541Z,CREATE,file_event,NFCORE_SAREK:SAREK:BAM_VARIANT_CALLING_GERMLINE_ALL:BAM_VARIANT_CALLING_SINGLE_STRELKA:STRELKA_SINGLE (SRR11452394) (1636),NFCORE_SAREK:SAREK:BAM_VARIANT_CALLING_GERMLINE_ALL:BAM_VARIANT_CALLING_SINGLE_STRELKA:STRELKA_SINGLE (SRR11452394) (1636),/home/nilsd/nextflow/build/work/be/612e0552ceb4ba5f6804f1d15e13ec/strelka/workspace/pyflow.data/logs/tmp/taskWrapperLogs/000/043,2278029,1636
,,0,2023-05-24T11:55:25.984633442Z,2023-05-31T11:55:25.984633442Z,2023-05-29T13:19:27.887845299Z,CREATE,file_event,NFCORE_SAREK:SAREK:BAM_VARIANT_CALLING_GERMLINE_ALL:BAM_VARIANT_CALLING_SINGLE_STRELKA:STRELKA_SINGLE (SRR11452394) (1636),NFCORE_SAREK:SAREK:BAM_VARIANT_CALLING_GERMLINE_ALL:BAM_VARIANT_CALLING_SINGLE_STRELKA:STRELKA_SINGLE (SRR11452394) (1636),/home/nilsd/nextflow/build/work/be/612e0552ceb4ba5f6804f1d15e13ec/strelka/workspace/pyflow.data/logs/tmp/taskWrapperLogs/000/043/taskWrapperParameters.pickle,2278029,1636
,,0,2023-05-24T11:55:25.984633442Z,2023-05-31T11:55:25.984633442Z,2023-05-29T13:19:27.890392561Z,CREATE,file_event,NFCORE_SAREK:SAREK:BAM_VARIANT_CALLING_GERMLINE_ALL:BAM_VARIANT_CALLING_SINGLE_STRELKA:STRELKA_SINGLE (SRR11452394) (1636),NFCORE_SAREK:SAREK:BAM_VARIANT_CALLING_GERMLINE_ALL:BAM_VARIANT_CALLING_SINGLE_STRELKA:STRELKA_SINGLE (SRR11452394) (1636),/home/nilsd/nextflow/build/work/be/612e0552ceb4ba5f6804f1d15e13ec/strelka/workspace/pyflow.data/logs/tmp/taskWrapperLogs/000/043/pyflowTaskWrapper.signal.txt,2278029,1636
,,0,2023-05-24T11:55:25.984633442Z,2023-05-31T11:55:25.984633442Z,2023-05-29T13:19:27.929881983Z,CREATE,file_event,NFCORE_SAREK:SAREK:BAM_VARIANT_CALLING_GERMLINE_ALL:BAM_VARIANT_CALLING_SINGLE_STRELKA:STRELKA_SINGLE (SRR11452394) (1636),NFCORE_SAREK:SAREK:BAM_VARIANT_CALLING_GERMLINE_ALL:BAM_VARIANT_CALLING_SINGLE_STRELKA:STRELKA_SINGLE (SRR11452394) (1636),/home/nilsd/nextflow/build/work/be/612e0552ceb4ba5f6804f1d15e13ec/strelka/workspace/genomeSegment.tmpdir/segment.chromId_001_2_0013.genome.S1.vcf.gz,2278029,1636
,,0,2023-05-24T11:55:25.984633442Z,2023-05-31T11:55:25.984633442Z,2023-05-29T13:19:28.006736218Z,CREATE,file_event,NFCORE_SAREK:SAREK:BAM_VARIANT_CALLING_GERMLINE_ALL:BAM_VARIANT_CALLING_SINGLE_STRELKA:STRELKA_SINGLE (SRR11452394) (1636),NFCORE_SAREK:SAREK:BAM_VARIANT_CALLING_GERMLINE_ALL:BAM_VARIANT_CALLING_SINGLE_STRELKA:STRELKA_SINGLE (SRR11452394) (1636),/home/nilsd/nextflow/build/work/be/612e0552ceb4ba5f6804f1d15e13ec/strelka/workspace/pyflow.data/logs/tmp/taskWrapperLogs/000/030,2278029,1636
,,0,2023-05-24T11:55:25.984633442Z,2023-05-31T11:55:25.984633442Z,2023-05-29T13:19:28.00989326Z,CREATE,file_event,NFCORE_SAREK:SAREK:BAM_VARIANT_CALLING_GERMLINE_ALL:BAM_VARIANT_CALLING_SINGLE_STRELKA:STRELKA_SINGLE (SRR11452394) (1636),NFCORE_SAREK:SAREK:BAM_VARIANT_CALLING_GERMLINE_ALL:BAM_VARIANT_CALLING_SINGLE_STRELKA:STRELKA_SINGLE (SRR11452394) (1636),/home/nilsd/nextflow/build/work/be/612e0552ceb4ba5f6804f1d15e13ec/strelka/workspace/pyflow.data/logs/tmp/taskWrapperLogs/000/030/taskWrapperParameters.pickle,2278029,1636
,,0,2023-05-24T11:55:25.984633442Z,2023-05-31T11:55:25.984633442Z,2023-05-29T13:19:28.013213338Z,CREATE,file_event,NFCORE_SAREK:SAREK:BAM_VARIANT_CALLING_GERMLINE_ALL:BAM_VARIANT_CALLING_SINGLE_STRELKA:STRELKA_SINGLE (SRR11452394) (1636),NFCORE_SAREK:SAREK:BAM_VARIANT_CALLING_GERMLINE_ALL:BAM_VARIANT_CALLING_SINGLE_STRELKA:STRELKA_SINGLE (SRR11452394) (1636),/home/nilsd/nextflow/build/work/be/612e0552ceb4ba5f6804f1d15e13ec/strelka/workspace/pyflow.data/logs/tmp/taskWrapperLogs/000/030/pyflowTaskWrapper.signal.txt,2278029,1636
,,0,2023-05-24T11:55:25.984633442Z,2023-05-31T11:55:25.984633442Z,2023-05-29T13:19:28.056633977Z,CREATE,file_event,NFCORE_SAREK:SAREK:BAM_VARIANT_CALLING_GERMLINE_ALL:BAM_VARIANT_CALLING_SINGLE_STRELKA:STRELKA_SINGLE (SRR11452394) (1636),NFCORE_SAREK:SAREK:BAM_VARIANT_CALLING_GERMLINE_ALL:BAM_VARIANT_CALLING_SINGLE_STRELKA:STRELKA_SINGLE (SRR11452394) (1636),/home/nilsd/nextflow/build/work/be/612e0552ceb4ba5f6804f1d15e13ec/strelka/workspace/genomeSegment.tmpdir/segment.chromId_001_2_0009.variants.vcf.gz,2278029,1636
,,0,2023-05-24T11:55:25.984633442Z,2023-05-31T11:55:25.984633442Z,2023-05-29T13:19:28.127385184Z,CREATE,file_event,NFCORE_SAREK:SAREK:BAM_VARIANT_CALLING_GERMLINE_ALL:BAM_VARIANT_CALLING_SINGLE_STRELKA:STRELKA_SINGLE (SRR11452394) (1636),NFCORE_SAREK:SAREK:BAM_VARIANT_CALLING_GERMLINE_ALL:BAM_VARIANT_CALLING_SINGLE_STRELKA:STRELKA_SINGLE (SRR11452394) (1636),/home/nilsd/nextflow/build/work/be/612e0552ceb4ba5f6804f1d15e13ec/strelka/workspace/pyflow.data/logs/tmp/taskWrapperLogs/000/016,2278029,1636
,,0,2023-05-24T11:55:25.984633442Z,2023-05-31T11:55:25.984633442Z,2023-05-29T13:19:28.131119815Z,CREATE,file_event,NFCORE_SAREK:SAREK:BAM_VARIANT_CALLING_GERMLINE_ALL:BAM_VARIANT_CALLING_SINGLE_STRELKA:STRELKA_SINGLE (SRR11452394) (1636),NFCORE_SAREK:SAREK:BAM_VARIANT_CALLING_GERMLINE_ALL:BAM_VARIANT_CALLING_SINGLE_STRELKA:STRELKA_SINGLE (SRR11452394) (1636),/home/nilsd/nextflow/build/work/be/612e0552ceb4ba5f6804f1d15e13ec/strelka/workspace/pyflow.data/logs/tmp/taskWrapperLogs/000/016/taskWrapperParameters.pickle,2278029,1636
,,0,2023-05-24T11:55:25.984633442Z,2023-05-31T11:55:25.984633442Z,2023-05-29T13:19:28.133681148Z,CREATE,file_event,NFCORE_SAREK:SAREK:BAM_VARIANT_CALLING_GERMLINE_ALL:BAM_VARIANT_CALLING_SINGLE_STRELKA:STRELKA_SINGLE (SRR11452394) (1636),NFCORE_SAREK:SAREK:BAM_VARIANT_CALLING_GERMLINE_ALL:BAM_VARIANT_CALLING_SINGLE_STRELKA:STRELKA_SINGLE (SRR11452394) (1636),/home/nilsd/nextflow/build/work/be/612e0552ceb4ba5f6804f1d15e13ec/strelka/workspace/pyflow.data/logs/tmp/taskWrapperLogs/000/016/pyflowTaskWrapper.signal.txt,2278029,1636
,,0,2023-05-24T11:55:25.984633442Z,2023-05-31T11:55:25.984633442Z,2023-05-29T13:19:28.137321956Z,CREATE,file_event,NFCORE_SAREK:SAREK:BAM_VARIANT_CALLING_GERMLINE_ALL:BAM_VARIANT_CALLING_SINGLE_STRELKA:STRELKA_SINGLE (SRR11452394) (1636),NFCORE_SAREK:SAREK:BAM_VARIANT_CALLING_GERMLINE_ALL:BAM_VARIANT_CALLING_SINGLE_STRELKA:STRELKA_SINGLE (SRR11452394) (1636),/home/nilsd/nextflow/build/work/be/612e0552ceb4ba5f6804f1d15e13ec/strelka/workspace/pyflow.data/logs/tmp/taskWrapperLogs/000/015,2278029,1636
,,0,2023-05-24T11:55:25.984633442Z,2023-05-31T11:55:25.984633442Z,2023-05-29T13:19:28.139796557Z,CREATE,file_event,NFCORE_SAREK:SAREK:BAM_VARIANT_CALLING_GERMLINE_ALL:BAM_VARIANT_CALLING_SINGLE_STRELKA:STRELKA_SINGLE (SRR11452394) (1636),NFCORE_SAREK:SAREK:BAM_VARIANT_CALLING_GERMLINE_ALL:BAM_VARIANT_CALLING_SINGLE_STRELKA:STRELKA_SINGLE (SRR11452394) (1636),/home/nilsd/nextflow/build/work/be/612e0552ceb4ba5f6804f1d15e13ec/strelka/workspace/pyflow.data/logs/tmp/taskWrapperLogs/000/015/taskWrapperParameters.pickle,2278029,1636
,,0,2023-05-24T11:55:25.984633442Z,2023-05-31T11:55:25.984633442Z,2023-05-29T13:19:28.142293118Z,CREATE,file_event,NFCORE_SAREK:SAREK:BAM_VARIANT_CALLING_GERMLINE_ALL:BAM_VARIANT_CALLING_SINGLE_STRELKA:STRELKA_SINGLE (SRR11452394) (1636),NFCORE_SAREK:SAREK:BAM_VARIANT_CALLING_GERMLINE_ALL:BAM_VARIANT_CALLING_SINGLE_STRELKA:STRELKA_SINGLE (SRR11452394) (1636),/home/nilsd/nextflow/build/work/be/612e0552ceb4ba5f6804f1d15e13ec/strelka/workspace/pyflow.data/logs/tmp/taskWrapperLogs/000/015/pyflowTaskWrapper.signal.txt,2278029,1636
,,0,2023-05-24T11:55:25.984633442Z,2023-05-31T11:55:25.984633442Z,2023-05-29T13:19:28.176029303Z,CREATE,file_event,NFCORE_SAREK:SAREK:BAM_VARIANT_CALLING_GERMLINE_ALL:BAM_VARIANT_CALLING_SINGLE_STRELKA:STRELKA_SINGLE (SRR11452394) (1636),NFCORE_SAREK:SAREK:BAM_VARIANT_CALLING_GERMLINE_ALL:BAM_VARIANT_CALLING_SINGLE_STRELKA:STRELKA_SINGLE (SRR11452394) (1636),/home/nilsd/nextflow/build/work/be/612e0552ceb4ba5f6804f1d15e13ec/strelka/workspace/genomeSegment.tmpdir/segment.chromId_001_2_0004.genome.S1.vcf.gz,2278029,1636
,,0,2023-05-24T11:55:25.984633442Z,2023-05-31T11:55:25.984633442Z,2023-05-29T13:19:28.186414659Z,CREATE,file_event,NFCORE_SAREK:SAREK:BAM_VARIANT_CALLING_GERMLINE_ALL:BAM_VARIANT_CALLING_SINGLE_STRELKA:STRELKA_SINGLE (SRR11452394) (1636),NFCORE_SAREK:SAREK:BAM_VARIANT_CALLING_GERMLINE_ALL:BAM_VARIANT_CALLING_SINGLE_STRELKA:STRELKA_SINGLE (SRR11452394) (1636),/home/nilsd/nextflow/build/work/be/612e0552ceb4ba5f6804f1d15e13ec/strelka/workspace/genomeSegment.tmpdir/segment.chromId_001_2_0004.variants.vcf.gz,2278029,1636
,,0,2023-05-24T11:55:25.984633442Z,2023-05-31T11:55:25.984633442Z,2023-05-29T13:19:28.207395521Z,CREATE,file_event,NFCORE_SAREK:SAREK:BAM_VARIANT_CALLING_GERMLINE_ALL:BAM_VARIANT_CALLING_SINGLE_STRELKA:STRELKA_SINGLE (SRR11452394) (1636),NFCORE_SAREK:SAREK:BAM_VARIANT_CALLING_GERMLINE_ALL:BAM_VARIANT_CALLING_SINGLE_STRELKA:STRELKA_SINGLE (SRR11452394) (1636),/home/nilsd/nextflow/build/work/be/612e0552ceb4ba5f6804f1d15e13ec/strelka/workspace/pyflow.data/logs/tmp/taskWrapperLogs/000/035,2278029,1636
,,0,2023-05-24T11:55:25.984633442Z,2023-05-31T11:55:25.984633442Z,2023-05-29T13:19:28.210632766Z,CREATE,file_event,NFCORE_SAREK:SAREK:BAM_VARIANT_CALLING_GERMLINE_ALL:BAM_VARIANT_CALLING_SINGLE_STRELKA:STRELKA_SINGLE (SRR11452394) (1636),NFCORE_SAREK:SAREK:BAM_VARIANT_CALLING_GERMLINE_ALL:BAM_VARIANT_CALLING_SINGLE_STRELKA:STRELKA_SINGLE (SRR11452394) (1636),/home/nilsd/nextflow/build/work/be/612e0552ceb4ba5f6804f1d15e13ec/strelka/workspace/pyflow.data/logs/tmp/taskWrapperLogs/000/035/taskWrapperParameters.pickle,2278029,1636
,,0,2023-05-24T11:55:25.984633442Z,2023-05-31T11:55:25.984633442Z,2023-05-29T13:19:28.213725696Z,CREATE,file_event,NFCORE_SAREK:SAREK:BAM_VARIANT_CALLING_GERMLINE_ALL:BAM_VARIANT_CALLING_SINGLE_STRELKA:STRELKA_SINGLE (SRR11452394) (1636),NFCORE_SAREK:SAREK:BAM_VARIANT_CALLING_GERMLINE_ALL:BAM_VARIANT_CALLING_SINGLE_STRELKA:STRELKA_SINGLE (SRR11452394) (1636),/home/nilsd/nextflow/build/work/be/612e0552ceb4ba5f6804f1d15e13ec/strelka/workspace/pyflow.data/logs/tmp/taskWrapperLogs/000/035/pyflowTaskWrapper.signal.txt,2278029,1636
,,0,2023-05-24T11:55:25.984633442Z,2023-05-31T11:55:25.984633442Z,2023-05-29T13:19:28.248757543Z,CREATE,file_event,NFCORE_SAREK:SAREK:BAM_VARIANT_CALLING_GERMLINE_ALL:BAM_VARIANT_CALLING_SINGLE_STRELKA:STRELKA_SINGLE (SRR11452394) (1636),NFCORE_SAREK:SAREK:BAM_VARIANT_CALLING_GERMLINE_ALL:BAM_VARIANT_CALLING_SINGLE_STRELKA:STRELKA_SINGLE (SRR11452394) (1636),/home/nilsd/nextflow/build/work/be/612e0552ceb4ba5f6804f1d15e13ec/strelka/workspace/genomeSegment.tmpdir/runStats.chromId_001_2_0011.xml,2278029,1636
,,0,2023-05-24T11:55:25.984633442Z,2023-05-31T11:55:25.984633442Z,2023-05-29T13:19:28.277466555Z,CREATE,file_event,NFCORE_SAREK:SAREK:BAM_VARIANT_CALLING_GERMLINE_ALL:BAM_VARIANT_CALLING_SINGLE_STRELKA:STRELKA_SINGLE (SRR11452394) (1636),NFCORE_SAREK:SAREK:BAM_VARIANT_CALLING_GERMLINE_ALL:BAM_VARIANT_CALLING_SINGLE_STRELKA:STRELKA_SINGLE (SRR11452394) (1636),/home/nilsd/nextflow/build/work/be/612e0552ceb4ba5f6804f1d15e13ec/strelka/workspace/pyflow.data/logs/tmp/taskWrapperLogs/000/033,2278029,1636
,,0,2023-05-24T11:55:25.984633442Z,2023-05-31T11:55:25.984633442Z,2023-05-29T13:19:28.288016838Z,CREATE,file_event,NFCORE_SAREK:SAREK:BAM_VARIANT_CALLING_GERMLINE_ALL:BAM_VARIANT_CALLING_SINGLE_STRELKA:STRELKA_SINGLE (SRR11452394) (1636),NFCORE_SAREK:SAREK:BAM_VARIANT_CALLING_GERMLINE_ALL:BAM_VARIANT_CALLING_SINGLE_STRELKA:STRELKA_SINGLE (SRR11452394) (1636),/home/nilsd/nextflow/build/work/be/612e0552ceb4ba5f6804f1d15e13ec/strelka/workspace/pyflow.data/logs/tmp/taskWrapperLogs/000/033/taskWrapperParameters.pickle,2278029,1636
,,0,2023-05-24T11:55:25.984633442Z,2023-05-31T11:55:25.984633442Z,2023-05-29T13:19:28.292392099Z,CREATE,file_event,NFCORE_SAREK:SAREK:BAM_VARIANT_CALLING_GERMLINE_ALL:BAM_VARIANT_CALLING_SINGLE_STRELKA:STRELKA_SINGLE (SRR11452394) (1636),NFCORE_SAREK:SAREK:BAM_VARIANT_CALLING_GERMLINE_ALL:BAM_VARIANT_CALLING_SINGLE_STRELKA:STRELKA_SINGLE (SRR11452394) (1636),/home/nilsd/nextflow/build/work/be/612e0552ceb4ba5f6804f1d15e13ec/strelka/workspace/pyflow.data/logs/tmp/taskWrapperLogs/000/033/pyflowTaskWrapper.signal.txt,2278029,1636
,,0,2023-05-24T11:55:25.984633442Z,2023-05-31T11:55:25.984633442Z,2023-05-29T13:19:28.297358011Z,CREATE,file_event,NFCORE_SAREK:SAREK:BAM_VARIANT_CALLING_GERMLINE_ALL:BAM_VARIANT_CALLING_SINGLE_STRELKA:STRELKA_SINGLE (SRR11452394) (1636),NFCORE_SAREK:SAREK:BAM_VARIANT_CALLING_GERMLINE_ALL:BAM_VARIANT_CALLING_SINGLE_STRELKA:STRELKA_SINGLE (SRR11452394) (1636),/home/nilsd/nextflow/build/work/be/612e0552ceb4ba5f6804f1d15e13ec/strelka/workspace/genomeSegment.tmpdir/segment.chromId_001_2_0011.variants.vcf,2278029,1636
,,0,2023-05-24T11:55:25.984633442Z,2023-05-31T11:55:25.984633442Z,2023-05-29T13:19:28.300220134Z,CREATE,file_event,NFCORE_SAREK:SAREK:BAM_VARIANT_CALLING_GERMLINE_ALL:BAM_VARIANT_CALLING_SINGLE_STRELKA:STRELKA_SINGLE (SRR11452394) (1636),NFCORE_SAREK:SAREK:BAM_VARIANT_CALLING_GERMLINE_ALL:BAM_VARIANT_CALLING_SINGLE_STRELKA:STRELKA_SINGLE (SRR11452394) (1636),/home/nilsd/nextflow/build/work/be/612e0552ceb4ba5f6804f1d15e13ec/strelka/workspace/genomeSegment.tmpdir/segment.chromId_001_2_0011.genome.S1.vcf,2278029,1636
,,0,2023-05-24T11:55:25.984633442Z,2023-05-31T11:55:25.984633442Z,2023-05-29T13:19:28.324907235Z,CREATE,file_event,NFCORE_SAREK:SAREK:BAM_VARIANT_CALLING_GERMLINE_ALL:BAM_VARIANT_CALLING_SINGLE_STRELKA:STRELKA_SINGLE (SRR11452394) (1636),NFCORE_SAREK:SAREK:BAM_VARIANT_CALLING_GERMLINE_ALL:BAM_VARIANT_CALLING_SINGLE_STRELKA:STRELKA_SINGLE (SRR11452394) (1636),/home/nilsd/nextflow/build/work/be/612e0552ceb4ba5f6804f1d15e13ec/strelka/workspace/genomeSegment.tmpdir/segment.chromId_001_2_0010.variants.vcf.gz,2278029,1636
,,0,2023-05-24T11:55:25.984633442Z,2023-05-31T11:55:25.984633442Z,2023-05-29T13:19:28.346982421Z,CREATE,file_event,NFCORE_SAREK:SAREK:BAM_VARIANT_CALLING_GERMLINE_ALL:BAM_VARIANT_CALLING_SINGLE_STRELKA:STRELKA_SINGLE (SRR11452394) (1636),NFCORE_SAREK:SAREK:BAM_VARIANT_CALLING_GERMLINE_ALL:BAM_VARIANT_CALLING_SINGLE_STRELKA:STRELKA_SINGLE (SRR11452394) (1636),/home/nilsd/nextflow/build/work/be/612e0552ceb4ba5f6804f1d15e13ec/strelka/workspace/pyflow.data/logs/tmp/taskWrapperLogs/000/025,2278029,1636
,,0,2023-05-24T11:55:25.984633442Z,2023-05-31T11:55:25.984633442Z,2023-05-29T13:19:28.350202116Z,CREATE,file_event,NFCORE_SAREK:SAREK:BAM_VARIANT_CALLING_GERMLINE_ALL:BAM_VARIANT_CALLING_SINGLE_STRELKA:STRELKA_SINGLE (SRR11452394) (1636),NFCORE_SAREK:SAREK:BAM_VARIANT_CALLING_GERMLINE_ALL:BAM_VARIANT_CALLING_SINGLE_STRELKA:STRELKA_SINGLE (SRR11452394) (1636),/home/nilsd/nextflow/build/work/be/612e0552ceb4ba5f6804f1d15e13ec/strelka/workspace/pyflow.data/logs/tmp/taskWrapperLogs/000/025/taskWrapperParameters.pickle,2278029,1636
,,0,2023-05-24T11:55:25.984633442Z,2023-05-31T11:55:25.984633442Z,2023-05-29T13:19:28.352963375Z,CREATE,file_event,NFCORE_SAREK:SAREK:BAM_VARIANT_CALLING_GERMLINE_ALL:BAM_VARIANT_CALLING_SINGLE_STRELKA:STRELKA_SINGLE (SRR11452394) (1636),NFCORE_SAREK:SAREK:BAM_VARIANT_CALLING_GERMLINE_ALL:BAM_VARIANT_CALLING_SINGLE_STRELKA:STRELKA_SINGLE (SRR11452394) (1636),/home/nilsd/nextflow/build/work/be/612e0552ceb4ba5f6804f1d15e13ec/strelka/workspace/pyflow.data/logs/tmp/taskWrapperLogs/000/025/pyflowTaskWrapper.signal.txt,2278029,1636
,,0,2023-05-24T11:55:25.984633442Z,2023-05-31T11:55:25.984633442Z,2023-05-29T13:19:28.355670583Z,CREATE,file_event,NFCORE_SAREK:SAREK:BAM_VARIANT_CALLING_GERMLINE_ALL:BAM_VARIANT_CALLING_SINGLE_STRELKA:STRELKA_SINGLE (SRR11452394) (1636),NFCORE_SAREK:SAREK:BAM_VARIANT_CALLING_GERMLINE_ALL:BAM_VARIANT_CALLING_SINGLE_STRELKA:STRELKA_SINGLE (SRR11452394) (1636),/home/nilsd/nextflow/build/work/be/612e0552ceb4ba5f6804f1d15e13ec/strelka/workspace/pyflow.data/logs/tmp/taskWrapperLogs/000/011,2278029,1636
,,0,2023-05-24T11:55:25.984633442Z,2023-05-31T11:55:25.984633442Z,2023-05-29T13:19:28.35865039Z,CREATE,file_event,NFCORE_SAREK:SAREK:BAM_VARIANT_CALLING_GERMLINE_ALL:BAM_VARIANT_CALLING_SINGLE_STRELKA:STRELKA_SINGLE (SRR11452394) (1636),NFCORE_SAREK:SAREK:BAM_VARIANT_CALLING_GERMLINE_ALL:BAM_VARIANT_CALLING_SINGLE_STRELKA:STRELKA_SINGLE (SRR11452394) (1636),/home/nilsd/nextflow/build/work/be/612e0552ceb4ba5f6804f1d15e13ec/strelka/workspace/pyflow.data/logs/tmp/taskWrapperLogs/000/011/taskWrapperParameters.pickle,2278029,1636
,,0,2023-05-24T11:55:25.984633442Z,2023-05-31T11:55:25.984633442Z,2023-05-29T13:19:28.360929034Z,CREATE,file_event,NFCORE_SAREK:SAREK:BAM_VARIANT_CALLING_GERMLINE_ALL:BAM_VARIANT_CALLING_SINGLE_STRELKA:STRELKA_SINGLE (SRR11452394) (1636),NFCORE_SAREK:SAREK:BAM_VARIANT_CALLING_GERMLINE_ALL:BAM_VARIANT_CALLING_SINGLE_STRELKA:STRELKA_SINGLE (SRR11452394) (1636),/home/nilsd/nextflow/build/work/be/612e0552ceb4ba5f6804f1d15e13ec/strelka/workspace/pyflow.data/logs/tmp/taskWrapperLogs/000/011/pyflowTaskWrapper.signal.txt,2278029,1636
,,0,2023-05-24T11:55:25.984633442Z,2023-05-31T11:55:25.984633442Z,2023-05-29T13:19:28.393282194Z,CREATE,file_event,NFCORE_SAREK:SAREK:BAM_VARIANT_CALLING_GERMLINE_ALL:BAM_VARIANT_CALLING_SINGLE_STRELKA:STRELKA_SINGLE (SRR11452394) (1636),NFCORE_SAREK:SAREK:BAM_VARIANT_CALLING_GERMLINE_ALL:BAM_VARIANT_CALLING_SINGLE_STRELKA:STRELKA_SINGLE (SRR11452394) (1636),/home/nilsd/nextflow/build/work/be/612e0552ceb4ba5f6804f1d15e13ec/strelka/workspace/genomeSegment.tmpdir/segment.chromId_001_2_0007.genome.S1.vcf.gz,2278029,1636
,,0,2023-05-24T11:55:25.984633442Z,2023-05-31T11:55:25.984633442Z,2023-05-29T13:19:28.417582223Z,CREATE,file_event,NFCORE_SAREK:SAREK:BAM_VARIANT_CALLING_GERMLINE_ALL:BAM_VARIANT_CALLING_SINGLE_STRELKA:STRELKA_SINGLE (SRR11452394) (1636),NFCORE_SAREK:SAREK:BAM_VARIANT_CALLING_GERMLINE_ALL:BAM_VARIANT_CALLING_SINGLE_STRELKA:STRELKA_SINGLE (SRR11452394) (1636),/home/nilsd/nextflow/build/work/be/612e0552ceb4ba5f6804f1d15e13ec/strelka/workspace/genomeSegment.tmpdir/runStats.chromId_001_2_0003.xml,2278029,1636
,,0,2023-05-24T11:55:25.984633442Z,2023-05-31T11:55:25.984633442Z,2023-05-29T13:19:28.458108598Z,CREATE,file_event,NFCORE_SAREK:SAREK:BAM_VARIANT_CALLING_GERMLINE_ALL:BAM_VARIANT_CALLING_SINGLE_STRELKA:STRELKA_SINGLE (SRR11452394) (1636),NFCORE_SAREK:SAREK:BAM_VARIANT_CALLING_GERMLINE_ALL:BAM_VARIANT_CALLING_SINGLE_STRELKA:STRELKA_SINGLE (SRR11452394) (1636),/home/nilsd/nextflow/build/work/be/612e0552ceb4ba5f6804f1d15e13ec/strelka/workspace/genomeSegment.tmpdir/segment.chromId_001_2_0003.variants.vcf,2278029,1636
,,0,2023-05-24T11:55:25.984633442Z,2023-05-31T11:55:25.984633442Z,2023-05-29T13:19:28.460868698Z,CREATE,file_event,NFCORE_SAREK:SAREK:BAM_VARIANT_CALLING_GERMLINE_ALL:BAM_VARIANT_CALLING_SINGLE_STRELKA:STRELKA_SINGLE (SRR11452394) (1636),NFCORE_SAREK:SAREK:BAM_VARIANT_CALLING_GERMLINE_ALL:BAM_VARIANT_CALLING_SINGLE_STRELKA:STRELKA_SINGLE (SRR11452394) (1636),/home/nilsd/nextflow/build/work/be/612e0552ceb4ba5f6804f1d15e13ec/strelka/workspace/genomeSegment.tmpdir/segment.chromId_001_2_0003.genome.S1.vcf,2278029,1636
,,0,2023-05-24T11:55:25.984633442Z,2023-05-31T11:55:25.984633442Z,2023-05-29T13:19:28.465211949Z,CREATE,file_event,NFCORE_SAREK:SAREK:BAM_VARIANT_CALLING_GERMLINE_ALL:BAM_VARIANT_CALLING_SINGLE_STRELKA:STRELKA_SINGLE (SRR11452394) (1636),NFCORE_SAREK:SAREK:BAM_VARIANT_CALLING_GERMLINE_ALL:BAM_VARIANT_CALLING_SINGLE_STRELKA:STRELKA_SINGLE (SRR11452394) (1636),/home/nilsd/nextflow/build/work/be/612e0552ceb4ba5f6804f1d15e13ec/strelka/workspace/pyflow.data/logs/tmp/taskWrapperLogs/000/024,2278029,1636
,,0,2023-05-24T11:55:25.984633442Z,2023-05-31T11:55:25.984633442Z,2023-05-29T13:19:28.46770237Z,CREATE,file_event,NFCORE_SAREK:SAREK:BAM_VARIANT_CALLING_GERMLINE_ALL:BAM_VARIANT_CALLING_SINGLE_STRELKA:STRELKA_SINGLE (SRR11452394) (1636),NFCORE_SAREK:SAREK:BAM_VARIANT_CALLING_GERMLINE_ALL:BAM_VARIANT_CALLING_SINGLE_STRELKA:STRELKA_SINGLE (SRR11452394) (1636),/home/nilsd/nextflow/build/work/be/612e0552ceb4ba5f6804f1d15e13ec/strelka/workspace/pyflow.data/logs/tmp/taskWrapperLogs/000/024/taskWrapperParameters.pickle,2278029,1636
,,0,2023-05-24T11:55:25.984633442Z,2023-05-31T11:55:25.984633442Z,2023-05-29T13:19:28.470687357Z,CREATE,file_event,NFCORE_SAREK:SAREK:BAM_VARIANT_CALLING_GERMLINE_ALL:BAM_VARIANT_CALLING_SINGLE_STRELKA:STRELKA_SINGLE (SRR11452394) (1636),NFCORE_SAREK:SAREK:BAM_VARIANT_CALLING_GERMLINE_ALL:BAM_VARIANT_CALLING_SINGLE_STRELKA:STRELKA_SINGLE (SRR11452394) (1636),/home/nilsd/nextflow/build/work/be/612e0552ceb4ba5f6804f1d15e13ec/strelka/workspace/pyflow.data/logs/tmp/taskWrapperLogs/000/024/pyflowTaskWrapper.signal.txt,2278029,1636
,,0,2023-05-24T11:55:25.984633442Z,2023-05-31T11:55:25.984633442Z,2023-05-29T13:19:28.509839987Z,CREATE,file_event,NFCORE_SAREK:SAREK:BAM_VARIANT_CALLING_GERMLINE_ALL:BAM_VARIANT_CALLING_SINGLE_STRELKA:STRELKA_SINGLE (SRR11452394) (1636),NFCORE_SAREK:SAREK:BAM_VARIANT_CALLING_GERMLINE_ALL:BAM_VARIANT_CALLING_SINGLE_STRELKA:STRELKA_SINGLE (SRR11452394) (1636),/home/nilsd/nextflow/build/work/be/612e0552ceb4ba5f6804f1d15e13ec/strelka/workspace/genomeSegment.tmpdir/segment.chromId_001_2_0007.variants.vcf.gz,2278029,1636
,,0,2023-05-24T11:55:25.984633442Z,2023-05-31T11:55:25.984633442Z,2023-05-29T13:19:28.53333218Z,CREATE,file_event,NFCORE_SAREK:SAREK:BAM_VARIANT_CALLING_GERMLINE_ALL:BAM_VARIANT_CALLING_SINGLE_STRELKA:STRELKA_SINGLE (SRR11452394) (1636),NFCORE_SAREK:SAREK:BAM_VARIANT_CALLING_GERMLINE_ALL:BAM_VARIANT_CALLING_SINGLE_STRELKA:STRELKA_SINGLE (SRR11452394) (1636),/home/nilsd/nextflow/build/work/be/612e0552ceb4ba5f6804f1d15e13ec/strelka/workspace/pyflow.data/logs/tmp/taskWrapperLogs/000/056,2278029,1636
,,0,2023-05-24T11:55:25.984633442Z,2023-05-31T11:55:25.984633442Z,2023-05-29T13:19:28.53612147Z,CREATE,file_event,NFCORE_SAREK:SAREK:BAM_VARIANT_CALLING_GERMLINE_ALL:BAM_VARIANT_CALLING_SINGLE_STRELKA:STRELKA_SINGLE (SRR11452394) (1636),NFCORE_SAREK:SAREK:BAM_VARIANT_CALLING_GERMLINE_ALL:BAM_VARIANT_CALLING_SINGLE_STRELKA:STRELKA_SINGLE (SRR11452394) (1636),/home/nilsd/nextflow/build/work/be/612e0552ceb4ba5f6804f1d15e13ec/strelka/workspace/pyflow.data/logs/tmp/taskWrapperLogs/000/056/taskWrapperParameters.pickle,2278029,1636
,,0,2023-05-24T11:55:25.984633442Z,2023-05-31T11:55:25.984633442Z,2023-05-29T13:19:28.538549469Z,CREATE,file_event,NFCORE_SAREK:SAREK:BAM_VARIANT_CALLING_GERMLINE_ALL:BAM_VARIANT_CALLING_SINGLE_STRELKA:STRELKA_SINGLE (SRR11452394) (1636),NFCORE_SAREK:SAREK:BAM_VARIANT_CALLING_GERMLINE_ALL:BAM_VARIANT_CALLING_SINGLE_STRELKA:STRELKA_SINGLE (SRR11452394) (1636),/home/nilsd/nextflow/build/work/be/612e0552ceb4ba5f6804f1d15e13ec/strelka/workspace/pyflow.data/logs/tmp/taskWrapperLogs/000/056/pyflowTaskWrapper.signal.txt,2278029,1636
,,0,2023-05-24T11:55:25.984633442Z,2023-05-31T11:55:25.984633442Z,2023-05-29T13:19:28.578493456Z,CREATE,file_event,NFCORE_SAREK:SAREK:BAM_VARIANT_CALLING_GERMLINE_ALL:BAM_VARIANT_CALLING_SINGLE_STRELKA:STRELKA_SINGLE (SRR11452394) (1636),NFCORE_SAREK:SAREK:BAM_VARIANT_CALLING_GERMLINE_ALL:BAM_VARIANT_CALLING_SINGLE_STRELKA:STRELKA_SINGLE (SRR11452394) (1636),/home/nilsd/nextflow/build/work/be/612e0552ceb4ba5f6804f1d15e13ec/strelka/workspace/genomeSegment.tmpdir/runStats.chromId_001_2_0018.xml,2278029,1636
,,0,2023-05-24T11:55:25.984633442Z,2023-05-31T11:55:25.984633442Z,2023-05-29T13:19:28.624277832Z,CREATE,file_event,NFCORE_SAREK:SAREK:BAM_VARIANT_CALLING_GERMLINE_ALL:BAM_VARIANT_CALLING_SINGLE_STRELKA:STRELKA_SINGLE (SRR11452394) (1636),NFCORE_SAREK:SAREK:BAM_VARIANT_CALLING_GERMLINE_ALL:BAM_VARIANT_CALLING_SINGLE_STRELKA:STRELKA_SINGLE (SRR11452394) (1636),/home/nilsd/nextflow/build/work/be/612e0552ceb4ba5f6804f1d15e13ec/strelka/workspace/genomeSegment.tmpdir/segment.chromId_001_2_0018.variants.vcf,2278029,1636
,,0,2023-05-24T11:55:25.984633442Z,2023-05-31T11:55:25.984633442Z,2023-05-29T13:19:28.627469685Z,CREATE,file_event,NFCORE_SAREK:SAREK:BAM_VARIANT_CALLING_GERMLINE_ALL:BAM_VARIANT_CALLING_SINGLE_STRELKA:STRELKA_SINGLE (SRR11452394) (1636),NFCORE_SAREK:SAREK:BAM_VARIANT_CALLING_GERMLINE_ALL:BAM_VARIANT_CALLING_SINGLE_STRELKA:STRELKA_SINGLE (SRR11452394) (1636),/home/nilsd/nextflow/build/work/be/612e0552ceb4ba5f6804f1d15e13ec/strelka/workspace/genomeSegment.tmpdir/segment.chromId_001_2_0018.genome.S1.vcf,2278029,1636
,,0,2023-05-24T11:55:25.984633442Z,2023-05-31T11:55:25.984633442Z,2023-05-29T13:19:28.93910346Z,CREATE,file_event,NFCORE_SAREK:SAREK:BAM_VARIANT_CALLING_GERMLINE_ALL:BAM_VARIANT_CALLING_SINGLE_STRELKA:STRELKA_SINGLE (SRR11452394) (1636),NFCORE_SAREK:SAREK:BAM_VARIANT_CALLING_GERMLINE_ALL:BAM_VARIANT_CALLING_SINGLE_STRELKA:STRELKA_SINGLE (SRR11452394) (1636),/home/nilsd/nextflow/build/work/be/612e0552ceb4ba5f6804f1d15e13ec/strelka/workspace/pyflow.data/state/pyflow_tasks_runstate.txt.update.incomplete,2278029,1636
,,0,2023-05-24T11:55:25.984633442Z,2023-05-31T11:55:25.984633442Z,2023-05-29T13:19:30.060100446Z,CREATE,file_event,NFCORE_SAREK:SAREK:BAM_VARIANT_CALLING_GERMLINE_ALL:BAM_VARIANT_CALLING_SINGLE_STRELKA:STRELKA_SINGLE (SRR11452394) (1636),NFCORE_SAREK:SAREK:BAM_VARIANT_CALLING_GERMLINE_ALL:BAM_VARIANT_CALLING_SINGLE_STRELKA:STRELKA_SINGLE (SRR11452394) (1636),/home/nilsd/nextflow/build/work/be/612e0552ceb4ba5f6804f1d15e13ec/strelka/workspace/pyflow.data/logs/tmp/taskWrapperLogs/000/021,2278029,1636
,,0,2023-05-24T11:55:25.984633442Z,2023-05-31T11:55:25.984633442Z,2023-05-29T13:19:30.063199596Z,CREATE,file_event,NFCORE_SAREK:SAREK:BAM_VARIANT_CALLING_GERMLINE_ALL:BAM_VARIANT_CALLING_SINGLE_STRELKA:STRELKA_SINGLE (SRR11452394) (1636),NFCORE_SAREK:SAREK:BAM_VARIANT_CALLING_GERMLINE_ALL:BAM_VARIANT_CALLING_SINGLE_STRELKA:STRELKA_SINGLE (SRR11452394) (1636),/home/nilsd/nextflow/build/work/be/612e0552ceb4ba5f6804f1d15e13ec/strelka/workspace/pyflow.data/logs/tmp/taskWrapperLogs/000/021/taskWrapperParameters.pickle,2278029,1636
,,0,2023-05-24T11:55:25.984633442Z,2023-05-31T11:55:25.984633442Z,2023-05-29T13:19:30.066497504Z,CREATE,file_event,NFCORE_SAREK:SAREK:BAM_VARIANT_CALLING_GERMLINE_ALL:BAM_VARIANT_CALLING_SINGLE_STRELKA:STRELKA_SINGLE (SRR11452394) (1636),NFCORE_SAREK:SAREK:BAM_VARIANT_CALLING_GERMLINE_ALL:BAM_VARIANT_CALLING_SINGLE_STRELKA:STRELKA_SINGLE (SRR11452394) (1636),/home/nilsd/nextflow/build/work/be/612e0552ceb4ba5f6804f1d15e13ec/strelka/workspace/pyflow.data/logs/tmp/taskWrapperLogs/000/021/pyflowTaskWrapper.signal.txt,2278029,1636
,,0,2023-05-24T11:55:25.984633442Z,2023-05-31T11:55:25.984633442Z,2023-05-29T13:19:30.128998852Z,CREATE,file_event,NFCORE_SAREK:SAREK:BAM_VARIANT_CALLING_GERMLINE_ALL:BAM_VARIANT_CALLING_SINGLE_STRELKA:STRELKA_SINGLE (SRR11452394) (1636),NFCORE_SAREK:SAREK:BAM_VARIANT_CALLING_GERMLINE_ALL:BAM_VARIANT_CALLING_SINGLE_STRELKA:STRELKA_SINGLE (SRR11452394) (1636),/home/nilsd/nextflow/build/work/be/612e0552ceb4ba5f6804f1d15e13ec/strelka/workspace/genomeSegment.tmpdir/segment.chromId_001_2_0006.variants.vcf.gz,2278029,1636
,,0,2023-05-24T11:55:25.984633442Z,2023-05-31T11:55:25.984633442Z,2023-05-29T13:19:30.181792396Z,CREATE,file_event,NFCORE_SAREK:SAREK:BAM_VARIANT_CALLING_GERMLINE_ALL:BAM_VARIANT_CALLING_SINGLE_STRELKA:STRELKA_SINGLE (SRR11452394) (1636),NFCORE_SAREK:SAREK:BAM_VARIANT_CALLING_GERMLINE_ALL:BAM_VARIANT_CALLING_SINGLE_STRELKA:STRELKA_SINGLE (SRR11452394) (1636),/home/nilsd/nextflow/build/work/be/612e0552ceb4ba5f6804f1d15e13ec/strelka/workspace/pyflow.data/logs/tmp/taskWrapperLogs/000/022,2278029,1636
,,0,2023-05-24T11:55:25.984633442Z,2023-05-31T11:55:25.984633442Z,2023-05-29T13:19:30.185126894Z,CREATE,file_event,NFCORE_SAREK:SAREK:BAM_VARIANT_CALLING_GERMLINE_ALL:BAM_VARIANT_CALLING_SINGLE_STRELKA:STRELKA_SINGLE (SRR11452394) (1636),NFCORE_SAREK:SAREK:BAM_VARIANT_CALLING_GERMLINE_ALL:BAM_VARIANT_CALLING_SINGLE_STRELKA:STRELKA_SINGLE (SRR11452394) (1636),/home/nilsd/nextflow/build/work/be/612e0552ceb4ba5f6804f1d15e13ec/strelka/workspace/pyflow.data/logs/tmp/taskWrapperLogs/000/022/taskWrapperParameters.pickle,2278029,1636
,,0,2023-05-24T11:55:25.984633442Z,2023-05-31T11:55:25.984633442Z,2023-05-29T13:19:30.189060502Z,CREATE,file_event,NFCORE_SAREK:SAREK:BAM_VARIANT_CALLING_GERMLINE_ALL:BAM_VARIANT_CALLING_SINGLE_STRELKA:STRELKA_SINGLE (SRR11452394) (1636),NFCORE_SAREK:SAREK:BAM_VARIANT_CALLING_GERMLINE_ALL:BAM_VARIANT_CALLING_SINGLE_STRELKA:STRELKA_SINGLE (SRR11452394) (1636),/home/nilsd/nextflow/build/work/be/612e0552ceb4ba5f6804f1d15e13ec/strelka/workspace/pyflow.data/logs/tmp/taskWrapperLogs/000/022/pyflowTaskWrapper.signal.txt,2278029,1636
,,0,2023-05-24T11:55:25.984633442Z,2023-05-31T11:55:25.984633442Z,2023-05-29T13:19:30.226967212Z,CREATE,file_event,NFCORE_SAREK:SAREK:BAM_VARIANT_CALLING_GERMLINE_ALL:BAM_VARIANT_CALLING_SINGLE_STRELKA:STRELKA_SINGLE (SRR11452394) (1636),NFCORE_SAREK:SAREK:BAM_VARIANT_CALLING_GERMLINE_ALL:BAM_VARIANT_CALLING_SINGLE_STRELKA:STRELKA_SINGLE (SRR11452394) (1636),/home/nilsd/nextflow/build/work/be/612e0552ceb4ba5f6804f1d15e13ec/strelka/workspace/genomeSegment.tmpdir/segment.chromId_001_2_0006.genome.S1.vcf.gz,2278029,1636
,,0,2023-05-24T11:55:25.984633442Z,2023-05-31T11:55:25.984633442Z,2023-05-29T13:19:30.356714594Z,CREATE,file_event,NFCORE_SAREK:SAREK:BAM_VARIANT_CALLING_GERMLINE_ALL:BAM_VARIANT_CALLING_SINGLE_STRELKA:STRELKA_SINGLE (SRR11452394) (1636),NFCORE_SAREK:SAREK:BAM_VARIANT_CALLING_GERMLINE_ALL:BAM_VARIANT_CALLING_SINGLE_STRELKA:STRELKA_SINGLE (SRR11452394) (1636),/home/nilsd/nextflow/build/work/be/612e0552ceb4ba5f6804f1d15e13ec/strelka/workspace/pyflow.data/logs/tmp/taskWrapperLogs/000/044,2278029,1636
,,0,2023-05-24T11:55:25.984633442Z,2023-05-31T11:55:25.984633442Z,2023-05-29T13:19:30.359709391Z,CREATE,file_event,NFCORE_SAREK:SAREK:BAM_VARIANT_CALLING_GERMLINE_ALL:BAM_VARIANT_CALLING_SINGLE_STRELKA:STRELKA_SINGLE (SRR11452394) (1636),NFCORE_SAREK:SAREK:BAM_VARIANT_CALLING_GERMLINE_ALL:BAM_VARIANT_CALLING_SINGLE_STRELKA:STRELKA_SINGLE (SRR11452394) (1636),/home/nilsd/nextflow/build/work/be/612e0552ceb4ba5f6804f1d15e13ec/strelka/workspace/pyflow.data/logs/tmp/taskWrapperLogs/000/044/taskWrapperParameters.pickle,2278029,1636
,,0,2023-05-24T11:55:25.984633442Z,2023-05-31T11:55:25.984633442Z,2023-05-29T13:19:30.362338286Z,CREATE,file_event,NFCORE_SAREK:SAREK:BAM_VARIANT_CALLING_GERMLINE_ALL:BAM_VARIANT_CALLING_SINGLE_STRELKA:STRELKA_SINGLE (SRR11452394) (1636),NFCORE_SAREK:SAREK:BAM_VARIANT_CALLING_GERMLINE_ALL:BAM_VARIANT_CALLING_SINGLE_STRELKA:STRELKA_SINGLE (SRR11452394) (1636),/home/nilsd/nextflow/build/work/be/612e0552ceb4ba5f6804f1d15e13ec/strelka/workspace/pyflow.data/logs/tmp/taskWrapperLogs/000/044/taskWrapperParameters.pickle,2278029,1636
,,0,2023-05-24T11:55:25.984633442Z,2023-05-31T11:55:25.984633442Z,2023-05-29T13:19:30.364362612Z,CREATE,file_event,NFCORE_SAREK:SAREK:BAM_VARIANT_CALLING_GERMLINE_ALL:BAM_VARIANT_CALLING_SINGLE_STRELKA:STRELKA_SINGLE (SRR11452394) (1636),NFCORE_SAREK:SAREK:BAM_VARIANT_CALLING_GERMLINE_ALL:BAM_VARIANT_CALLING_SINGLE_STRELKA:STRELKA_SINGLE (SRR11452394) (1636),/home/nilsd/nextflow/build/work/be/612e0552ceb4ba5f6804f1d15e13ec/strelka/workspace/pyflow.data/logs/tmp/taskWrapperLogs/000/044/pyflowTaskWrapper.signal.txt,2278029,1636
,,0,2023-05-24T11:55:25.984633442Z,2023-05-31T11:55:25.984633442Z,2023-05-29T13:19:30.400686901Z,CREATE,file_event,NFCORE_SAREK:SAREK:BAM_VARIANT_CALLING_GERMLINE_ALL:BAM_VARIANT_CALLING_SINGLE_STRELKA:STRELKA_SINGLE (SRR11452394) (1636),NFCORE_SAREK:SAREK:BAM_VARIANT_CALLING_GERMLINE_ALL:BAM_VARIANT_CALLING_SINGLE_STRELKA:STRELKA_SINGLE (SRR11452394) (1636),/home/nilsd/nextflow/build/work/be/612e0552ceb4ba5f6804f1d15e13ec/strelka/workspace/genomeSegment.tmpdir/runStats.chromId_001_2_0014.xml,2278029,1636
,,0,2023-05-24T11:55:25.984633442Z,2023-05-31T11:55:25.984633442Z,2023-05-29T13:19:30.448859035Z,CREATE,file_event,NFCORE_SAREK:SAREK:BAM_VARIANT_CALLING_GERMLINE_ALL:BAM_VARIANT_CALLING_SINGLE_STRELKA:STRELKA_SINGLE (SRR11452394) (1636),NFCORE_SAREK:SAREK:BAM_VARIANT_CALLING_GERMLINE_ALL:BAM_VARIANT_CALLING_SINGLE_STRELKA:STRELKA_SINGLE (SRR11452394) (1636),/home/nilsd/nextflow/build/work/be/612e0552ceb4ba5f6804f1d15e13ec/strelka/workspace/genomeSegment.tmpdir/segment.chromId_001_2_0014.variants.vcf,2278029,1636
,,0,2023-05-24T11:55:25.984633442Z,2023-05-31T11:55:25.984633442Z,2023-05-29T13:19:30.45272337Z,CREATE,file_event,NFCORE_SAREK:SAREK:BAM_VARIANT_CALLING_GERMLINE_ALL:BAM_VARIANT_CALLING_SINGLE_STRELKA:STRELKA_SINGLE (SRR11452394) (1636),NFCORE_SAREK:SAREK:BAM_VARIANT_CALLING_GERMLINE_ALL:BAM_VARIANT_CALLING_SINGLE_STRELKA:STRELKA_SINGLE (SRR11452394) (1636),/home/nilsd/nextflow/build/work/be/612e0552ceb4ba5f6804f1d15e13ec/strelka/workspace/genomeSegment.tmpdir/segment.chromId_001_2_0014.genome.S1.vcf,2278029,1636
,,0,2023-05-24T11:55:25.984633442Z,2023-05-31T11:55:25.984633442Z,2023-05-29T13:19:30.629269201Z,CREATE,file_event,NFCORE_SAREK:SAREK:BAM_VARIANT_CALLING_GERMLINE_ALL:BAM_VARIANT_CALLING_SINGLE_STRELKA:STRELKA_SINGLE (SRR11452394) (1636),NFCORE_SAREK:SAREK:BAM_VARIANT_CALLING_GERMLINE_ALL:BAM_VARIANT_CALLING_SINGLE_STRELKA:STRELKA_SINGLE (SRR11452394) (1636),/home/nilsd/nextflow/build/work/be/612e0552ceb4ba5f6804f1d15e13ec/strelka/workspace/pyflow.data/logs/tmp/taskWrapperLogs/000/061,2278029,1636
,,0,2023-05-24T11:55:25.984633442Z,2023-05-31T11:55:25.984633442Z,2023-05-29T13:19:30.632922619Z,CREATE,file_event,NFCORE_SAREK:SAREK:BAM_VARIANT_CALLING_GERMLINE_ALL:BAM_VARIANT_CALLING_SINGLE_STRELKA:STRELKA_SINGLE (SRR11452394) (1636),NFCORE_SAREK:SAREK:BAM_VARIANT_CALLING_GERMLINE_ALL:BAM_VARIANT_CALLING_SINGLE_STRELKA:STRELKA_SINGLE (SRR11452394) (1636),/home/nilsd/nextflow/build/work/be/612e0552ceb4ba5f6804f1d15e13ec/strelka/workspace/pyflow.data/logs/tmp/taskWrapperLogs/000/061/taskWrapperParameters.pickle,2278029,1636
,,0,2023-05-24T11:55:25.984633442Z,2023-05-31T11:55:25.984633442Z,2023-05-29T13:19:30.635574075Z,CREATE,file_event,NFCORE_SAREK:SAREK:BAM_VARIANT_CALLING_GERMLINE_ALL:BAM_VARIANT_CALLING_SINGLE_STRELKA:STRELKA_SINGLE (SRR11452394) (1636),NFCORE_SAREK:SAREK:BAM_VARIANT_CALLING_GERMLINE_ALL:BAM_VARIANT_CALLING_SINGLE_STRELKA:STRELKA_SINGLE (SRR11452394) (1636),/home/nilsd/nextflow/build/work/be/612e0552ceb4ba5f6804f1d15e13ec/strelka/workspace/pyflow.data/logs/tmp/taskWrapperLogs/000/061/pyflowTaskWrapper.signal.txt,2278029,1636
,,0,2023-05-24T11:55:25.984633442Z,2023-05-31T11:55:25.984633442Z,2023-05-29T13:19:30.670048974Z,CREATE,file_event,NFCORE_SAREK:SAREK:BAM_VARIANT_CALLING_GERMLINE_ALL:BAM_VARIANT_CALLING_SINGLE_STRELKA:STRELKA_SINGLE (SRR11452394) (1636),NFCORE_SAREK:SAREK:BAM_VARIANT_CALLING_GERMLINE_ALL:BAM_VARIANT_CALLING_SINGLE_STRELKA:STRELKA_SINGLE (SRR11452394) (1636),/home/nilsd/nextflow/build/work/be/612e0552ceb4ba5f6804f1d15e13ec/strelka/workspace/genomeSegment.tmpdir/segment.chromId_001_2_0019.genome.S1.vcf.gz,2278029,1636
,,0,2023-05-24T11:55:25.984633442Z,2023-05-31T11:55:25.984633442Z,2023-05-29T13:19:30.745285336Z,CREATE,file_event,NFCORE_SAREK:SAREK:BAM_VARIANT_CALLING_GERMLINE_ALL:BAM_VARIANT_CALLING_SINGLE_STRELKA:STRELKA_SINGLE (SRR11452394) (1636),NFCORE_SAREK:SAREK:BAM_VARIANT_CALLING_GERMLINE_ALL:BAM_VARIANT_CALLING_SINGLE_STRELKA:STRELKA_SINGLE (SRR11452394) (1636),/home/nilsd/nextflow/build/work/be/612e0552ceb4ba5f6804f1d15e13ec/strelka/workspace/pyflow.data/logs/tmp/taskWrapperLogs/000/060,2278029,1636
,,0,2023-05-24T11:55:25.984633442Z,2023-05-31T11:55:25.984633442Z,2023-05-29T13:19:30.748564952Z,CREATE,file_event,NFCORE_SAREK:SAREK:BAM_VARIANT_CALLING_GERMLINE_ALL:BAM_VARIANT_CALLING_SINGLE_STRELKA:STRELKA_SINGLE (SRR11452394) (1636),NFCORE_SAREK:SAREK:BAM_VARIANT_CALLING_GERMLINE_ALL:BAM_VARIANT_CALLING_SINGLE_STRELKA:STRELKA_SINGLE (SRR11452394) (1636),/home/nilsd/nextflow/build/work/be/612e0552ceb4ba5f6804f1d15e13ec/strelka/workspace/pyflow.data/logs/tmp/taskWrapperLogs/000/060/taskWrapperParameters.pickle,2278029,1636
,,0,2023-05-24T11:55:25.984633442Z,2023-05-31T11:55:25.984633442Z,2023-05-29T13:19:30.751450076Z,CREATE,file_event,NFCORE_SAREK:SAREK:BAM_VARIANT_CALLING_GERMLINE_ALL:BAM_VARIANT_CALLING_SINGLE_STRELKA:STRELKA_SINGLE (SRR11452394) (1636),NFCORE_SAREK:SAREK:BAM_VARIANT_CALLING_GERMLINE_ALL:BAM_VARIANT_CALLING_SINGLE_STRELKA:STRELKA_SINGLE (SRR11452394) (1636),/home/nilsd/nextflow/build/work/be/612e0552ceb4ba5f6804f1d15e13ec/strelka/workspace/pyflow.data/logs/tmp/taskWrapperLogs/000/060/pyflowTaskWrapper.signal.txt,2278029,1636
,,0,2023-05-24T11:55:25.984633442Z,2023-05-31T11:55:25.984633442Z,2023-05-29T13:19:30.792455917Z,CREATE,file_event,NFCORE_SAREK:SAREK:BAM_VARIANT_CALLING_GERMLINE_ALL:BAM_VARIANT_CALLING_SINGLE_STRELKA:STRELKA_SINGLE (SRR11452394) (1636),NFCORE_SAREK:SAREK:BAM_VARIANT_CALLING_GERMLINE_ALL:BAM_VARIANT_CALLING_SINGLE_STRELKA:STRELKA_SINGLE (SRR11452394) (1636),/home/nilsd/nextflow/build/work/be/612e0552ceb4ba5f6804f1d15e13ec/strelka/workspace/genomeSegment.tmpdir/segment.chromId_001_2_0019.variants.vcf.gz,2278029,1636
,,0,2023-05-24T11:55:25.984633442Z,2023-05-31T11:55:25.984633442Z,2023-05-29T13:19:30.864769364Z,CREATE,file_event,NFCORE_SAREK:SAREK:BAM_VARIANT_CALLING_GERMLINE_ALL:BAM_VARIANT_CALLING_SINGLE_STRELKA:STRELKA_SINGLE (SRR11452394) (1636),NFCORE_SAREK:SAREK:BAM_VARIANT_CALLING_GERMLINE_ALL:BAM_VARIANT_CALLING_SINGLE_STRELKA:STRELKA_SINGLE (SRR11452394) (1636),/home/nilsd/nextflow/build/work/be/612e0552ceb4ba5f6804f1d15e13ec/strelka/workspace/pyflow.data/logs/tmp/taskWrapperLogs/000/050,2278029,1636
,,0,2023-05-24T11:55:25.984633442Z,2023-05-31T11:55:25.984633442Z,2023-05-29T13:19:30.867628507Z,CREATE,file_event,NFCORE_SAREK:SAREK:BAM_VARIANT_CALLING_GERMLINE_ALL:BAM_VARIANT_CALLING_SINGLE_STRELKA:STRELKA_SINGLE (SRR11452394) (1636),NFCORE_SAREK:SAREK:BAM_VARIANT_CALLING_GERMLINE_ALL:BAM_VARIANT_CALLING_SINGLE_STRELKA:STRELKA_SINGLE (SRR11452394) (1636),/home/nilsd/nextflow/build/work/be/612e0552ceb4ba5f6804f1d15e13ec/strelka/workspace/pyflow.data/logs/tmp/taskWrapperLogs/000/050/taskWrapperParameters.pickle,2278029,1636
,,0,2023-05-24T11:55:25.984633442Z,2023-05-31T11:55:25.984633442Z,2023-05-29T13:19:30.870205031Z,CREATE,file_event,NFCORE_SAREK:SAREK:BAM_VARIANT_CALLING_GERMLINE_ALL:BAM_VARIANT_CALLING_SINGLE_STRELKA:STRELKA_SINGLE (SRR11452394) (1636),NFCORE_SAREK:SAREK:BAM_VARIANT_CALLING_GERMLINE_ALL:BAM_VARIANT_CALLING_SINGLE_STRELKA:STRELKA_SINGLE (SRR11452394) (1636),/home/nilsd/nextflow/build/work/be/612e0552ceb4ba5f6804f1d15e13ec/strelka/workspace/pyflow.data/logs/tmp/taskWrapperLogs/000/050/pyflowTaskWrapper.signal.txt,2278029,1636
,,0,2023-05-24T11:55:25.984633442Z,2023-05-31T11:55:25.984633442Z,2023-05-29T13:19:30.90870708Z,CREATE,file_event,NFCORE_SAREK:SAREK:BAM_VARIANT_CALLING_GERMLINE_ALL:BAM_VARIANT_CALLING_SINGLE_STRELKA:STRELKA_SINGLE (SRR11452394) (1636),NFCORE_SAREK:SAREK:BAM_VARIANT_CALLING_GERMLINE_ALL:BAM_VARIANT_CALLING_SINGLE_STRELKA:STRELKA_SINGLE (SRR11452394) (1636),/home/nilsd/nextflow/build/work/be/612e0552ceb4ba5f6804f1d15e13ec/strelka/workspace/genomeSegment.tmpdir/runStats.chromId_001_2_0016.xml,2278029,1636
,,0,2023-05-24T11:55:25.984633442Z,2023-05-31T11:55:25.984633442Z,2023-05-29T13:19:30.951070886Z,CREATE,file_event,NFCORE_SAREK:SAREK:BAM_VARIANT_CALLING_GERMLINE_ALL:BAM_VARIANT_CALLING_SINGLE_STRELKA:STRELKA_SINGLE (SRR11452394) (1636),NFCORE_SAREK:SAREK:BAM_VARIANT_CALLING_GERMLINE_ALL:BAM_VARIANT_CALLING_SINGLE_STRELKA:STRELKA_SINGLE (SRR11452394) (1636),/home/nilsd/nextflow/build/work/be/612e0552ceb4ba5f6804f1d15e13ec/strelka/workspace/genomeSegment.tmpdir/segment.chromId_001_2_0016.variants.vcf,2278029,1636
,,0,2023-05-24T11:55:25.984633442Z,2023-05-31T11:55:25.984633442Z,2023-05-29T13:19:30.953766133Z,CREATE,file_event,NFCORE_SAREK:SAREK:BAM_VARIANT_CALLING_GERMLINE_ALL:BAM_VARIANT_CALLING_SINGLE_STRELKA:STRELKA_SINGLE (SRR11452394) (1636),NFCORE_SAREK:SAREK:BAM_VARIANT_CALLING_GERMLINE_ALL:BAM_VARIANT_CALLING_SINGLE_STRELKA:STRELKA_SINGLE (SRR11452394) (1636),/home/nilsd/nextflow/build/work/be/612e0552ceb4ba5f6804f1d15e13ec/strelka/workspace/genomeSegment.tmpdir/segment.chromId_001_2_0016.genome.S1.vcf,2278029,1636
,,0,2023-05-24T11:55:25.984633442Z,2023-05-31T11:55:25.984633442Z,2023-05-29T13:19:31.280275881Z,CREATE,file_event,NFCORE_SAREK:SAREK:BAM_VARIANT_CALLING_GERMLINE_ALL:BAM_VARIANT_CALLING_SINGLE_STRELKA:STRELKA_SINGLE (SRR11452394) (1636),NFCORE_SAREK:SAREK:BAM_VARIANT_CALLING_GERMLINE_ALL:BAM_VARIANT_CALLING_SINGLE_STRELKA:STRELKA_SINGLE (SRR11452394) (1636),/home/nilsd/nextflow/build/work/be/612e0552ceb4ba5f6804f1d15e13ec/strelka/workspace/pyflow.data/logs/tmp/taskWrapperLogs/000/009,2278029,1636
,,0,2023-05-24T11:55:25.984633442Z,2023-05-31T11:55:25.984633442Z,2023-05-29T13:19:31.284118966Z,CREATE,file_event,NFCORE_SAREK:SAREK:BAM_VARIANT_CALLING_GERMLINE_ALL:BAM_VARIANT_CALLING_SINGLE_STRELKA:STRELKA_SINGLE (SRR11452394) (1636),NFCORE_SAREK:SAREK:BAM_VARIANT_CALLING_GERMLINE_ALL:BAM_VARIANT_CALLING_SINGLE_STRELKA:STRELKA_SINGLE (SRR11452394) (1636),/home/nilsd/nextflow/build/work/be/612e0552ceb4ba5f6804f1d15e13ec/strelka/workspace/pyflow.data/logs/tmp/taskWrapperLogs/000/009/taskWrapperParameters.pickle,2278029,1636
,,0,2023-05-24T11:55:25.984633442Z,2023-05-31T11:55:25.984633442Z,2023-05-29T13:19:31.287094783Z,CREATE,file_event,NFCORE_SAREK:SAREK:BAM_VARIANT_CALLING_GERMLINE_ALL:BAM_VARIANT_CALLING_SINGLE_STRELKA:STRELKA_SINGLE (SRR11452394) (1636),NFCORE_SAREK:SAREK:BAM_VARIANT_CALLING_GERMLINE_ALL:BAM_VARIANT_CALLING_SINGLE_STRELKA:STRELKA_SINGLE (SRR11452394) (1636),/home/nilsd/nextflow/build/work/be/612e0552ceb4ba5f6804f1d15e13ec/strelka/workspace/pyflow.data/logs/tmp/taskWrapperLogs/000/009/pyflowTaskWrapper.signal.txt,2278029,1636
,,0,2023-05-24T11:55:25.984633442Z,2023-05-31T11:55:25.984633442Z,2023-05-29T13:19:31.323764463Z,CREATE,file_event,NFCORE_SAREK:SAREK:BAM_VARIANT_CALLING_GERMLINE_ALL:BAM_VARIANT_CALLING_SINGLE_STRELKA:STRELKA_SINGLE (SRR11452394) (1636),NFCORE_SAREK:SAREK:BAM_VARIANT_CALLING_GERMLINE_ALL:BAM_VARIANT_CALLING_SINGLE_STRELKA:STRELKA_SINGLE (SRR11452394) (1636),/home/nilsd/nextflow/build/work/be/612e0552ceb4ba5f6804f1d15e13ec/strelka/workspace/genomeSegment.tmpdir/segment.chromId_001_2_0002.variants.vcf.gz,2278029,1636
,,0,2023-05-24T11:55:25.984633442Z,2023-05-31T11:55:25.984633442Z,2023-05-29T13:19:31.398281121Z,CREATE,file_event,NFCORE_SAREK:SAREK:BAM_VARIANT_CALLING_GERMLINE_ALL:BAM_VARIANT_CALLING_SINGLE_STRELKA:STRELKA_SINGLE (SRR11452394) (1636),NFCORE_SAREK:SAREK:BAM_VARIANT_CALLING_GERMLINE_ALL:BAM_VARIANT_CALLING_SINGLE_STRELKA:STRELKA_SINGLE (SRR11452394) (1636),/home/nilsd/nextflow/build/work/be/612e0552ceb4ba5f6804f1d15e13ec/strelka/workspace/pyflow.data/logs/tmp/taskWrapperLogs/000/039,2278029,1636
,,0,2023-05-24T11:55:25.984633442Z,2023-05-31T11:55:25.984633442Z,2023-05-29T13:19:31.401053241Z,CREATE,file_event,NFCORE_SAREK:SAREK:BAM_VARIANT_CALLING_GERMLINE_ALL:BAM_VARIANT_CALLING_SINGLE_STRELKA:STRELKA_SINGLE (SRR11452394) (1636),NFCORE_SAREK:SAREK:BAM_VARIANT_CALLING_GERMLINE_ALL:BAM_VARIANT_CALLING_SINGLE_STRELKA:STRELKA_SINGLE (SRR11452394) (1636),/home/nilsd/nextflow/build/work/be/612e0552ceb4ba5f6804f1d15e13ec/strelka/workspace/pyflow.data/logs/tmp/taskWrapperLogs/000/039/taskWrapperParameters.pickle,2278029,1636
,,0,2023-05-24T11:55:25.984633442Z,2023-05-31T11:55:25.984633442Z,2023-05-29T13:19:31.403450159Z,CREATE,file_event,NFCORE_SAREK:SAREK:BAM_VARIANT_CALLING_GERMLINE_ALL:BAM_VARIANT_CALLING_SINGLE_STRELKA:STRELKA_SINGLE (SRR11452394) (1636),NFCORE_SAREK:SAREK:BAM_VARIANT_CALLING_GERMLINE_ALL:BAM_VARIANT_CALLING_SINGLE_STRELKA:STRELKA_SINGLE (SRR11452394) (1636),/home/nilsd/nextflow/build/work/be/612e0552ceb4ba5f6804f1d15e13ec/strelka/workspace/pyflow.data/logs/tmp/taskWrapperLogs/000/039/pyflowTaskWrapper.signal.txt,2278029,1636
,,0,2023-05-24T11:55:25.984633442Z,2023-05-31T11:55:25.984633442Z,2023-05-29T13:19:31.442067283Z,CREATE,file_event,NFCORE_SAREK:SAREK:BAM_VARIANT_CALLING_GERMLINE_ALL:BAM_VARIANT_CALLING_SINGLE_STRELKA:STRELKA_SINGLE (SRR11452394) (1636),NFCORE_SAREK:SAREK:BAM_VARIANT_CALLING_GERMLINE_ALL:BAM_VARIANT_CALLING_SINGLE_STRELKA:STRELKA_SINGLE (SRR11452394) (1636),/home/nilsd/nextflow/build/work/be/612e0552ceb4ba5f6804f1d15e13ec/strelka/workspace/genomeSegment.tmpdir/segment.chromId_001_2_0012.variants.vcf.gz,2278029,1636
,,0,2023-05-24T11:55:25.984633442Z,2023-05-31T11:55:25.984633442Z,2023-05-29T13:19:31.466143254Z,CREATE,file_event,NFCORE_SAREK:SAREK:BAM_VARIANT_CALLING_GERMLINE_ALL:BAM_VARIANT_CALLING_SINGLE_STRELKA:STRELKA_SINGLE (SRR11452394) (1636),NFCORE_SAREK:SAREK:BAM_VARIANT_CALLING_GERMLINE_ALL:BAM_VARIANT_CALLING_SINGLE_STRELKA:STRELKA_SINGLE (SRR11452394) (1636),/home/nilsd/nextflow/build/work/be/612e0552ceb4ba5f6804f1d15e13ec/strelka/workspace/pyflow.data/logs/tmp/taskWrapperLogs/000/010,2278029,1636
,,0,2023-05-24T11:55:25.984633442Z,2023-05-31T11:55:25.984633442Z,2023-05-29T13:19:31.469268715Z,CREATE,file_event,NFCORE_SAREK:SAREK:BAM_VARIANT_CALLING_GERMLINE_ALL:BAM_VARIANT_CALLING_SINGLE_STRELKA:STRELKA_SINGLE (SRR11452394) (1636),NFCORE_SAREK:SAREK:BAM_VARIANT_CALLING_GERMLINE_ALL:BAM_VARIANT_CALLING_SINGLE_STRELKA:STRELKA_SINGLE (SRR11452394) (1636),/home/nilsd/nextflow/build/work/be/612e0552ceb4ba5f6804f1d15e13ec/strelka/workspace/pyflow.data/logs/tmp/taskWrapperLogs/000/010/taskWrapperParameters.pickle,2278029,1636
,,0,2023-05-24T11:55:25.984633442Z,2023-05-31T11:55:25.984633442Z,2023-05-29T13:19:31.471774787Z,CREATE,file_event,NFCORE_SAREK:SAREK:BAM_VARIANT_CALLING_GERMLINE_ALL:BAM_VARIANT_CALLING_SINGLE_STRELKA:STRELKA_SINGLE (SRR11452394) (1636),NFCORE_SAREK:SAREK:BAM_VARIANT_CALLING_GERMLINE_ALL:BAM_VARIANT_CALLING_SINGLE_STRELKA:STRELKA_SINGLE (SRR11452394) (1636),/home/nilsd/nextflow/build/work/be/612e0552ceb4ba5f6804f1d15e13ec/strelka/workspace/pyflow.data/logs/tmp/taskWrapperLogs/000/010/pyflowTaskWrapper.signal.txt,2278029,1636
,,0,2023-05-24T11:55:25.984633442Z,2023-05-31T11:55:25.984633442Z,2023-05-29T13:19:31.512484728Z,CREATE,file_event,NFCORE_SAREK:SAREK:BAM_VARIANT_CALLING_GERMLINE_ALL:BAM_VARIANT_CALLING_SINGLE_STRELKA:STRELKA_SINGLE (SRR11452394) (1636),NFCORE_SAREK:SAREK:BAM_VARIANT_CALLING_GERMLINE_ALL:BAM_VARIANT_CALLING_SINGLE_STRELKA:STRELKA_SINGLE (SRR11452394) (1636),/home/nilsd/nextflow/build/work/be/612e0552ceb4ba5f6804f1d15e13ec/strelka/workspace/genomeSegment.tmpdir/segment.chromId_001_2_0002.genome.S1.vcf.gz,2278029,1636
,,0,2023-05-24T11:55:25.984633442Z,2023-05-31T11:55:25.984633442Z,2023-05-29T13:19:31.632245656Z,CREATE,file_event,NFCORE_SAREK:SAREK:BAM_VARIANT_CALLING_GERMLINE_ALL:BAM_VARIANT_CALLING_SINGLE_STRELKA:STRELKA_SINGLE (SRR11452394) (1636),NFCORE_SAREK:SAREK:BAM_VARIANT_CALLING_GERMLINE_ALL:BAM_VARIANT_CALLING_SINGLE_STRELKA:STRELKA_SINGLE (SRR11452394) (1636),/home/nilsd/nextflow/build/work/be/612e0552ceb4ba5f6804f1d15e13ec/strelka/workspace/pyflow.data/logs/tmp/taskWrapperLogs/000/034,2278029,1636
,,0,2023-05-24T11:55:25.984633442Z,2023-05-31T11:55:25.984633442Z,2023-05-29T13:19:31.635007635Z,CREATE,file_event,NFCORE_SAREK:SAREK:BAM_VARIANT_CALLING_GERMLINE_ALL:BAM_VARIANT_CALLING_SINGLE_STRELKA:STRELKA_SINGLE (SRR11452394) (1636),NFCORE_SAREK:SAREK:BAM_VARIANT_CALLING_GERMLINE_ALL:BAM_VARIANT_CALLING_SINGLE_STRELKA:STRELKA_SINGLE (SRR11452394) (1636),/home/nilsd/nextflow/build/work/be/612e0552ceb4ba5f6804f1d15e13ec/strelka/workspace/pyflow.data/logs/tmp/taskWrapperLogs/000/034/taskWrapperParameters.pickle,2278029,1636
,,0,2023-05-24T11:55:25.984633442Z,2023-05-31T11:55:25.984633442Z,2023-05-29T13:19:31.637705903Z,CREATE,file_event,NFCORE_SAREK:SAREK:BAM_VARIANT_CALLING_GERMLINE_ALL:BAM_VARIANT_CALLING_SINGLE_STRELKA:STRELKA_SINGLE (SRR11452394) (1636),NFCORE_SAREK:SAREK:BAM_VARIANT_CALLING_GERMLINE_ALL:BAM_VARIANT_CALLING_SINGLE_STRELKA:STRELKA_SINGLE (SRR11452394) (1636),/home/nilsd/nextflow/build/work/be/612e0552ceb4ba5f6804f1d15e13ec/strelka/workspace/pyflow.data/logs/tmp/taskWrapperLogs/000/034/pyflowTaskWrapper.signal.txt,2278029,1636
,,0,2023-05-24T11:55:25.984633442Z,2023-05-31T11:55:25.984633442Z,2023-05-29T13:19:31.67488716Z,CREATE,file_event,NFCORE_SAREK:SAREK:BAM_VARIANT_CALLING_GERMLINE_ALL:BAM_VARIANT_CALLING_SINGLE_STRELKA:STRELKA_SINGLE (SRR11452394) (1636),NFCORE_SAREK:SAREK:BAM_VARIANT_CALLING_GERMLINE_ALL:BAM_VARIANT_CALLING_SINGLE_STRELKA:STRELKA_SINGLE (SRR11452394) (1636),/home/nilsd/nextflow/build/work/be/612e0552ceb4ba5f6804f1d15e13ec/strelka/workspace/genomeSegment.tmpdir/segment.chromId_001_2_0010.genome.S1.vcf.gz,2278029,1636
,,0,2023-05-24T11:55:25.984633442Z,2023-05-31T11:55:25.984633442Z,2023-05-29T13:19:31.760753677Z,CREATE,file_event,NFCORE_SAREK:SAREK:BAM_VARIANT_CALLING_GERMLINE_ALL:BAM_VARIANT_CALLING_SINGLE_STRELKA:STRELKA_SINGLE (SRR11452394) (1636),NFCORE_SAREK:SAREK:BAM_VARIANT_CALLING_GERMLINE_ALL:BAM_VARIANT_CALLING_SINGLE_STRELKA:STRELKA_SINGLE (SRR11452394) (1636),/home/nilsd/nextflow/build/work/be/612e0552ceb4ba5f6804f1d15e13ec/strelka/workspace/pyflow.data/logs/tmp/taskWrapperLogs/000/017,2278029,1636
,,0,2023-05-24T11:55:25.984633442Z,2023-05-31T11:55:25.984633442Z,2023-05-29T13:19:31.763492495Z,CREATE,file_event,NFCORE_SAREK:SAREK:BAM_VARIANT_CALLING_GERMLINE_ALL:BAM_VARIANT_CALLING_SINGLE_STRELKA:STRELKA_SINGLE (SRR11452394) (1636),NFCORE_SAREK:SAREK:BAM_VARIANT_CALLING_GERMLINE_ALL:BAM_VARIANT_CALLING_SINGLE_STRELKA:STRELKA_SINGLE (SRR11452394) (1636),/home/nilsd/nextflow/build/work/be/612e0552ceb4ba5f6804f1d15e13ec/strelka/workspace/pyflow.data/logs/tmp/taskWrapperLogs/000/017/taskWrapperParameters.pickle,2278029,1636
,,0,2023-05-24T11:55:25.984633442Z,2023-05-31T11:55:25.984633442Z,2023-05-29T13:19:31.765725828Z,CREATE,file_event,NFCORE_SAREK:SAREK:BAM_VARIANT_CALLING_GERMLINE_ALL:BAM_VARIANT_CALLING_SINGLE_STRELKA:STRELKA_SINGLE (SRR11452394) (1636),NFCORE_SAREK:SAREK:BAM_VARIANT_CALLING_GERMLINE_ALL:BAM_VARIANT_CALLING_SINGLE_STRELKA:STRELKA_SINGLE (SRR11452394) (1636),/home/nilsd/nextflow/build/work/be/612e0552ceb4ba5f6804f1d15e13ec/strelka/workspace/pyflow.data/logs/tmp/taskWrapperLogs/000/017/pyflowTaskWrapper.signal.txt,2278029,1636
,,0,2023-05-24T11:55:25.984633442Z,2023-05-31T11:55:25.984633442Z,2023-05-29T13:19:31.823425061Z,CREATE,file_event,NFCORE_SAREK:SAREK:BAM_VARIANT_CALLING_GERMLINE_ALL:BAM_VARIANT_CALLING_SINGLE_STRELKA:STRELKA_SINGLE (SRR11452394) (1636),NFCORE_SAREK:SAREK:BAM_VARIANT_CALLING_GERMLINE_ALL:BAM_VARIANT_CALLING_SINGLE_STRELKA:STRELKA_SINGLE (SRR11452394) (1636),/home/nilsd/nextflow/build/work/be/612e0552ceb4ba5f6804f1d15e13ec/strelka/workspace/genomeSegment.tmpdir/runStats.chromId_001_2_0005.xml,2278029,1636
,,0,2023-05-24T11:55:25.984633442Z,2023-05-31T11:55:25.984633442Z,2023-05-29T13:19:31.865637621Z,CREATE,file_event,NFCORE_SAREK:SAREK:BAM_VARIANT_CALLING_GERMLINE_ALL:BAM_VARIANT_CALLING_SINGLE_STRELKA:STRELKA_SINGLE (SRR11452394) (1636),NFCORE_SAREK:SAREK:BAM_VARIANT_CALLING_GERMLINE_ALL:BAM_VARIANT_CALLING_SINGLE_STRELKA:STRELKA_SINGLE (SRR11452394) (1636),/home/nilsd/nextflow/build/work/be/612e0552ceb4ba5f6804f1d15e13ec/strelka/workspace/genomeSegment.tmpdir/segment.chromId_001_2_0005.variants.vcf,2278029,1636
,,0,2023-05-24T11:55:25.984633442Z,2023-05-31T11:55:25.984633442Z,2023-05-29T13:19:31.868602717Z,CREATE,file_event,NFCORE_SAREK:SAREK:BAM_VARIANT_CALLING_GERMLINE_ALL:BAM_VARIANT_CALLING_SINGLE_STRELKA:STRELKA_SINGLE (SRR11452394) (1636),NFCORE_SAREK:SAREK:BAM_VARIANT_CALLING_GERMLINE_ALL:BAM_VARIANT_CALLING_SINGLE_STRELKA:STRELKA_SINGLE (SRR11452394) (1636),/home/nilsd/nextflow/build/work/be/612e0552ceb4ba5f6804f1d15e13ec/strelka/workspace/genomeSegment.tmpdir/segment.chromId_001_2_0005.genome.S1.vcf,2278029,1636
,,0,2023-05-24T11:55:25.984633442Z,2023-05-31T11:55:25.984633442Z,2023-05-29T13:19:32.035103232Z,CREATE,file_event,NFCORE_SAREK:SAREK:BAM_VARIANT_CALLING_GERMLINE_ALL:BAM_VARIANT_CALLING_SINGLE_STRELKA:STRELKA_SINGLE (SRR11452394) (1636),NFCORE_SAREK:SAREK:BAM_VARIANT_CALLING_GERMLINE_ALL:BAM_VARIANT_CALLING_SINGLE_STRELKA:STRELKA_SINGLE (SRR11452394) (1636),/home/nilsd/nextflow/build/work/be/612e0552ceb4ba5f6804f1d15e13ec/strelka/workspace/pyflow.data/logs/tmp/taskWrapperLogs/000/002,2278029,1636
,,0,2023-05-24T11:55:25.984633442Z,2023-05-31T11:55:25.984633442Z,2023-05-29T13:19:32.03782956Z,CREATE,file_event,NFCORE_SAREK:SAREK:BAM_VARIANT_CALLING_GERMLINE_ALL:BAM_VARIANT_CALLING_SINGLE_STRELKA:STRELKA_SINGLE (SRR11452394) (1636),NFCORE_SAREK:SAREK:BAM_VARIANT_CALLING_GERMLINE_ALL:BAM_VARIANT_CALLING_SINGLE_STRELKA:STRELKA_SINGLE (SRR11452394) (1636),/home/nilsd/nextflow/build/work/be/612e0552ceb4ba5f6804f1d15e13ec/strelka/workspace/pyflow.data/logs/tmp/taskWrapperLogs/000/002/taskWrapperParameters.pickle,2278029,1636
,,0,2023-05-24T11:55:25.984633442Z,2023-05-31T11:55:25.984633442Z,2023-05-29T13:19:32.039933649Z,CREATE,file_event,NFCORE_SAREK:SAREK:BAM_VARIANT_CALLING_GERMLINE_ALL:BAM_VARIANT_CALLING_SINGLE_STRELKA:STRELKA_SINGLE (SRR11452394) (1636),NFCORE_SAREK:SAREK:BAM_VARIANT_CALLING_GERMLINE_ALL:BAM_VARIANT_CALLING_SINGLE_STRELKA:STRELKA_SINGLE (SRR11452394) (1636),/home/nilsd/nextflow/build/work/be/612e0552ceb4ba5f6804f1d15e13ec/strelka/workspace/pyflow.data/logs/tmp/taskWrapperLogs/000/002/pyflowTaskWrapper.signal.txt,2278029,1636
,,0,2023-05-24T11:55:25.984633442Z,2023-05-31T11:55:25.984633442Z,2023-05-29T13:19:32.073927842Z,CREATE,file_event,NFCORE_SAREK:SAREK:BAM_VARIANT_CALLING_GERMLINE_ALL:BAM_VARIANT_CALLING_SINGLE_STRELKA:STRELKA_SINGLE (SRR11452394) (1636),NFCORE_SAREK:SAREK:BAM_VARIANT_CALLING_GERMLINE_ALL:BAM_VARIANT_CALLING_SINGLE_STRELKA:STRELKA_SINGLE (SRR11452394) (1636),/home/nilsd/nextflow/build/work/be/612e0552ceb4ba5f6804f1d15e13ec/strelka/workspace/genomeSegment.tmpdir/runStats.chromId_001_2_0000.xml,2278029,1636
,,0,2023-05-24T11:55:25.984633442Z,2023-05-31T11:55:25.984633442Z,2023-05-29T13:19:32.116747862Z,CREATE,file_event,NFCORE_SAREK:SAREK:BAM_VARIANT_CALLING_GERMLINE_ALL:BAM_VARIANT_CALLING_SINGLE_STRELKA:STRELKA_SINGLE (SRR11452394) (1636),NFCORE_SAREK:SAREK:BAM_VARIANT_CALLING_GERMLINE_ALL:BAM_VARIANT_CALLING_SINGLE_STRELKA:STRELKA_SINGLE (SRR11452394) (1636),/home/nilsd/nextflow/build/work/be/612e0552ceb4ba5f6804f1d15e13ec/strelka/workspace/genomeSegment.tmpdir/segment.chromId_001_2_0000.variants.vcf,2278029,1636
,,0,2023-05-24T11:55:25.984633442Z,2023-05-31T11:55:25.984633442Z,2023-05-29T13:19:32.119805371Z,CREATE,file_event,NFCORE_SAREK:SAREK:BAM_VARIANT_CALLING_GERMLINE_ALL:BAM_VARIANT_CALLING_SINGLE_STRELKA:STRELKA_SINGLE (SRR11452394) (1636),NFCORE_SAREK:SAREK:BAM_VARIANT_CALLING_GERMLINE_ALL:BAM_VARIANT_CALLING_SINGLE_STRELKA:STRELKA_SINGLE (SRR11452394) (1636),/home/nilsd/nextflow/build/work/be/612e0552ceb4ba5f6804f1d15e13ec/strelka/workspace/genomeSegment.tmpdir/segment.chromId_001_2_0000.genome.S1.vcf,2278029,1636
,,0,2023-05-24T11:55:25.984633442Z,2023-05-31T11:55:25.984633442Z,2023-05-29T13:19:33.577967281Z,CREATE,file_event,NFCORE_SAREK:SAREK:BAM_VARIANT_CALLING_GERMLINE_ALL:BAM_VARIANT_CALLING_SINGLE_STRELKA:STRELKA_SINGLE (SRR11452394) (1636),NFCORE_SAREK:SAREK:BAM_VARIANT_CALLING_GERMLINE_ALL:BAM_VARIANT_CALLING_SINGLE_STRELKA:STRELKA_SINGLE (SRR11452394) (1636),/home/nilsd/nextflow/build/work/be/612e0552ceb4ba5f6804f1d15e13ec/strelka/workspace/pyflow.data/logs/tmp/taskWrapperLogs/000/048,2278029,1636
,,0,2023-05-24T11:55:25.984633442Z,2023-05-31T11:55:25.984633442Z,2023-05-29T13:19:33.58070567Z,CREATE,file_event,NFCORE_SAREK:SAREK:BAM_VARIANT_CALLING_GERMLINE_ALL:BAM_VARIANT_CALLING_SINGLE_STRELKA:STRELKA_SINGLE (SRR11452394) (1636),NFCORE_SAREK:SAREK:BAM_VARIANT_CALLING_GERMLINE_ALL:BAM_VARIANT_CALLING_SINGLE_STRELKA:STRELKA_SINGLE (SRR11452394) (1636),/home/nilsd/nextflow/build/work/be/612e0552ceb4ba5f6804f1d15e13ec/strelka/workspace/pyflow.data/logs/tmp/taskWrapperLogs/000/048/taskWrapperParameters.pickle,2278029,1636
,,0,2023-05-24T11:55:25.984633442Z,2023-05-31T11:55:25.984633442Z,2023-05-29T13:19:33.583434939Z,CREATE,file_event,NFCORE_SAREK:SAREK:BAM_VARIANT_CALLING_GERMLINE_ALL:BAM_VARIANT_CALLING_SINGLE_STRELKA:STRELKA_SINGLE (SRR11452394) (1636),NFCORE_SAREK:SAREK:BAM_VARIANT_CALLING_GERMLINE_ALL:BAM_VARIANT_CALLING_SINGLE_STRELKA:STRELKA_SINGLE (SRR11452394) (1636),/home/nilsd/nextflow/build/work/be/612e0552ceb4ba5f6804f1d15e13ec/strelka/workspace/pyflow.data/logs/tmp/taskWrapperLogs/000/048/pyflowTaskWrapper.signal.txt,2278029,1636
,,0,2023-05-24T11:55:25.984633442Z,2023-05-31T11:55:25.984633442Z,2023-05-29T13:19:33.62137182Z,CREATE,file_event,NFCORE_SAREK:SAREK:BAM_VARIANT_CALLING_GERMLINE_ALL:BAM_VARIANT_CALLING_SINGLE_STRELKA:STRELKA_SINGLE (SRR11452394) (1636),NFCORE_SAREK:SAREK:BAM_VARIANT_CALLING_GERMLINE_ALL:BAM_VARIANT_CALLING_SINGLE_STRELKA:STRELKA_SINGLE (SRR11452394) (1636),/home/nilsd/nextflow/build/work/be/612e0552ceb4ba5f6804f1d15e13ec/strelka/workspace/genomeSegment.tmpdir/segment.chromId_001_2_0015.variants.vcf.gz,2278029,1636
,,0,2023-05-24T11:55:25.984633442Z,2023-05-31T11:55:25.984633442Z,2023-05-29T13:19:33.641665199Z,CREATE,file_event,NFCORE_SAREK:SAREK:BAM_VARIANT_CALLING_GERMLINE_ALL:BAM_VARIANT_CALLING_SINGLE_STRELKA:STRELKA_SINGLE (SRR11452394) (1636),NFCORE_SAREK:SAREK:BAM_VARIANT_CALLING_GERMLINE_ALL:BAM_VARIANT_CALLING_SINGLE_STRELKA:STRELKA_SINGLE (SRR11452394) (1636),/home/nilsd/nextflow/build/work/be/612e0552ceb4ba5f6804f1d15e13ec/strelka/workspace/pyflow.data/logs/tmp/taskWrapperLogs/000/049,2278029,1636
,,0,2023-05-24T11:55:25.984633442Z,2023-05-31T11:55:25.984633442Z,2023-05-29T13:19:33.64477076Z,CREATE,file_event,NFCORE_SAREK:SAREK:BAM_VARIANT_CALLING_GERMLINE_ALL:BAM_VARIANT_CALLING_SINGLE_STRELKA:STRELKA_SINGLE (SRR11452394) (1636),NFCORE_SAREK:SAREK:BAM_VARIANT_CALLING_GERMLINE_ALL:BAM_VARIANT_CALLING_SINGLE_STRELKA:STRELKA_SINGLE (SRR11452394) (1636),/home/nilsd/nextflow/build/work/be/612e0552ceb4ba5f6804f1d15e13ec/strelka/workspace/pyflow.data/logs/tmp/taskWrapperLogs/000/049/taskWrapperParameters.pickle,2278029,1636
,,0,2023-05-24T11:55:25.984633442Z,2023-05-31T11:55:25.984633442Z,2023-05-29T13:19:33.647453757Z,CREATE,file_event,NFCORE_SAREK:SAREK:BAM_VARIANT_CALLING_GERMLINE_ALL:BAM_VARIANT_CALLING_SINGLE_STRELKA:STRELKA_SINGLE (SRR11452394) (1636),NFCORE_SAREK:SAREK:BAM_VARIANT_CALLING_GERMLINE_ALL:BAM_VARIANT_CALLING_SINGLE_STRELKA:STRELKA_SINGLE (SRR11452394) (1636),/home/nilsd/nextflow/build/work/be/612e0552ceb4ba5f6804f1d15e13ec/strelka/workspace/pyflow.data/logs/tmp/taskWrapperLogs/000/049/pyflowTaskWrapper.signal.txt,2278029,1636
,,0,2023-05-24T11:55:25.984633442Z,2023-05-31T11:55:25.984633442Z,2023-05-29T13:19:33.68606518Z,CREATE,file_event,NFCORE_SAREK:SAREK:BAM_VARIANT_CALLING_GERMLINE_ALL:BAM_VARIANT_CALLING_SINGLE_STRELKA:STRELKA_SINGLE (SRR11452394) (1636),NFCORE_SAREK:SAREK:BAM_VARIANT_CALLING_GERMLINE_ALL:BAM_VARIANT_CALLING_SINGLE_STRELKA:STRELKA_SINGLE (SRR11452394) (1636),/home/nilsd/nextflow/build/work/be/612e0552ceb4ba5f6804f1d15e13ec/strelka/workspace/genomeSegment.tmpdir/segment.chromId_001_2_0015.genome.S1.vcf.gz,2278029,1636
,,0,2023-05-24T11:55:25.984633442Z,2023-05-31T11:55:25.984633442Z,2023-05-29T13:19:33.759812984Z,CREATE,file_event,NFCORE_SAREK:SAREK:BAM_VARIANT_CALLING_GERMLINE_ALL:BAM_VARIANT_CALLING_SINGLE_STRELKA:STRELKA_SINGLE (SRR11452394) (1636),NFCORE_SAREK:SAREK:BAM_VARIANT_CALLING_GERMLINE_ALL:BAM_VARIANT_CALLING_SINGLE_STRELKA:STRELKA_SINGLE (SRR11452394) (1636),/home/nilsd/nextflow/build/work/be/612e0552ceb4ba5f6804f1d15e13ec/strelka/workspace/pyflow.data/logs/tmp/taskWrapperLogs/000/006,2278029,1636
,,0,2023-05-24T11:55:25.984633442Z,2023-05-31T11:55:25.984633442Z,2023-05-29T13:19:33.763310148Z,CREATE,file_event,NFCORE_SAREK:SAREK:BAM_VARIANT_CALLING_GERMLINE_ALL:BAM_VARIANT_CALLING_SINGLE_STRELKA:STRELKA_SINGLE (SRR11452394) (1636),NFCORE_SAREK:SAREK:BAM_VARIANT_CALLING_GERMLINE_ALL:BAM_VARIANT_CALLING_SINGLE_STRELKA:STRELKA_SINGLE (SRR11452394) (1636),/home/nilsd/nextflow/build/work/be/612e0552ceb4ba5f6804f1d15e13ec/strelka/workspace/pyflow.data/logs/tmp/taskWrapperLogs/000/006/taskWrapperParameters.pickle,2278029,1636
,,0,2023-05-24T11:55:25.984633442Z,2023-05-31T11:55:25.984633442Z,2023-05-29T13:19:33.766684917Z,CREATE,file_event,NFCORE_SAREK:SAREK:BAM_VARIANT_CALLING_GERMLINE_ALL:BAM_VARIANT_CALLING_SINGLE_STRELKA:STRELKA_SINGLE (SRR11452394) (1636),NFCORE_SAREK:SAREK:BAM_VARIANT_CALLING_GERMLINE_ALL:BAM_VARIANT_CALLING_SINGLE_STRELKA:STRELKA_SINGLE (SRR11452394) (1636),/home/nilsd/nextflow/build/work/be/612e0552ceb4ba5f6804f1d15e13ec/strelka/workspace/pyflow.data/logs/tmp/taskWrapperLogs/000/006/pyflowTaskWrapper.signal.txt,2278029,1636
,,0,2023-05-24T11:55:25.984633442Z,2023-05-31T11:55:25.984633442Z,2023-05-29T13:19:33.800633159Z,CREATE,file_event,NFCORE_SAREK:SAREK:BAM_VARIANT_CALLING_GERMLINE_ALL:BAM_VARIANT_CALLING_SINGLE_STRELKA:STRELKA_SINGLE (SRR11452394) (1636),NFCORE_SAREK:SAREK:BAM_VARIANT_CALLING_GERMLINE_ALL:BAM_VARIANT_CALLING_SINGLE_STRELKA:STRELKA_SINGLE (SRR11452394) (1636),/home/nilsd/nextflow/build/work/be/612e0552ceb4ba5f6804f1d15e13ec/strelka/workspace/genomeSegment.tmpdir/segment.chromId_001_2_0001.variants.vcf.gz,2278029,1636
,,0,2023-05-24T11:55:25.984633442Z,2023-05-31T11:55:25.984633442Z,2023-05-29T13:19:33.827705508Z,CREATE,file_event,NFCORE_SAREK:SAREK:BAM_VARIANT_CALLING_GERMLINE_ALL:BAM_VARIANT_CALLING_SINGLE_STRELKA:STRELKA_SINGLE (SRR11452394) (1636),NFCORE_SAREK:SAREK:BAM_VARIANT_CALLING_GERMLINE_ALL:BAM_VARIANT_CALLING_SINGLE_STRELKA:STRELKA_SINGLE (SRR11452394) (1636),/home/nilsd/nextflow/build/work/be/612e0552ceb4ba5f6804f1d15e13ec/strelka/workspace/pyflow.data/logs/tmp/taskWrapperLogs/000/027,2278029,1636
,,0,2023-05-24T11:55:25.984633442Z,2023-05-31T11:55:25.984633442Z,2023-05-29T13:19:33.83115775Z,CREATE,file_event,NFCORE_SAREK:SAREK:BAM_VARIANT_CALLING_GERMLINE_ALL:BAM_VARIANT_CALLING_SINGLE_STRELKA:STRELKA_SINGLE (SRR11452394) (1636),NFCORE_SAREK:SAREK:BAM_VARIANT_CALLING_GERMLINE_ALL:BAM_VARIANT_CALLING_SINGLE_STRELKA:STRELKA_SINGLE (SRR11452394) (1636),/home/nilsd/nextflow/build/work/be/612e0552ceb4ba5f6804f1d15e13ec/strelka/workspace/pyflow.data/logs/tmp/taskWrapperLogs/000/027/taskWrapperParameters.pickle,2278029,1636
,,0,2023-05-24T11:55:25.984633442Z,2023-05-31T11:55:25.984633442Z,2023-05-29T13:19:33.83394182Z,CREATE,file_event,NFCORE_SAREK:SAREK:BAM_VARIANT_CALLING_GERMLINE_ALL:BAM_VARIANT_CALLING_SINGLE_STRELKA:STRELKA_SINGLE (SRR11452394) (1636),NFCORE_SAREK:SAREK:BAM_VARIANT_CALLING_GERMLINE_ALL:BAM_VARIANT_CALLING_SINGLE_STRELKA:STRELKA_SINGLE (SRR11452394) (1636),/home/nilsd/nextflow/build/work/be/612e0552ceb4ba5f6804f1d15e13ec/strelka/workspace/pyflow.data/logs/tmp/taskWrapperLogs/000/027/pyflowTaskWrapper.signal.txt,2278029,1636
,,0,2023-05-24T11:55:25.984633442Z,2023-05-31T11:55:25.984633442Z,2023-05-29T13:19:33.870773476Z,CREATE,file_event,NFCORE_SAREK:SAREK:BAM_VARIANT_CALLING_GERMLINE_ALL:BAM_VARIANT_CALLING_SINGLE_STRELKA:STRELKA_SINGLE (SRR11452394) (1636),NFCORE_SAREK:SAREK:BAM_VARIANT_CALLING_GERMLINE_ALL:BAM_VARIANT_CALLING_SINGLE_STRELKA:STRELKA_SINGLE (SRR11452394) (1636),/home/nilsd/nextflow/build/work/be/612e0552ceb4ba5f6804f1d15e13ec/strelka/workspace/genomeSegment.tmpdir/segment.chromId_001_2_0008.variants.vcf.gz,2278029,1636
,,0,2023-05-24T11:55:25.984633442Z,2023-05-31T11:55:25.984633442Z,2023-05-29T13:19:33.893160012Z,CREATE,file_event,NFCORE_SAREK:SAREK:BAM_VARIANT_CALLING_GERMLINE_ALL:BAM_VARIANT_CALLING_SINGLE_STRELKA:STRELKA_SINGLE (SRR11452394) (1636),NFCORE_SAREK:SAREK:BAM_VARIANT_CALLING_GERMLINE_ALL:BAM_VARIANT_CALLING_SINGLE_STRELKA:STRELKA_SINGLE (SRR11452394) (1636),/home/nilsd/nextflow/build/work/be/612e0552ceb4ba5f6804f1d15e13ec/strelka/workspace/pyflow.data/logs/tmp/taskWrapperLogs/000/028,2278029,1636
,,0,2023-05-24T11:55:25.984633442Z,2023-05-31T11:55:25.984633442Z,2023-05-29T13:19:33.896197311Z,CREATE,file_event,NFCORE_SAREK:SAREK:BAM_VARIANT_CALLING_GERMLINE_ALL:BAM_VARIANT_CALLING_SINGLE_STRELKA:STRELKA_SINGLE (SRR11452394) (1636),NFCORE_SAREK:SAREK:BAM_VARIANT_CALLING_GERMLINE_ALL:BAM_VARIANT_CALLING_SINGLE_STRELKA:STRELKA_SINGLE (SRR11452394) (1636),/home/nilsd/nextflow/build/work/be/612e0552ceb4ba5f6804f1d15e13ec/strelka/workspace/pyflow.data/logs/tmp/taskWrapperLogs/000/028/taskWrapperParameters.pickle,2278029,1636
,,0,2023-05-24T11:55:25.984633442Z,2023-05-31T11:55:25.984633442Z,2023-05-29T13:19:33.898712523Z,CREATE,file_event,NFCORE_SAREK:SAREK:BAM_VARIANT_CALLING_GERMLINE_ALL:BAM_VARIANT_CALLING_SINGLE_STRELKA:STRELKA_SINGLE (SRR11452394) (1636),NFCORE_SAREK:SAREK:BAM_VARIANT_CALLING_GERMLINE_ALL:BAM_VARIANT_CALLING_SINGLE_STRELKA:STRELKA_SINGLE (SRR11452394) (1636),/home/nilsd/nextflow/build/work/be/612e0552ceb4ba5f6804f1d15e13ec/strelka/workspace/pyflow.data/logs/tmp/taskWrapperLogs/000/028/pyflowTaskWrapper.signal.txt,2278029,1636
,,0,2023-05-24T11:55:25.984633442Z,2023-05-31T11:55:25.984633442Z,2023-05-29T13:19:33.933904995Z,CREATE,file_event,NFCORE_SAREK:SAREK:BAM_VARIANT_CALLING_GERMLINE_ALL:BAM_VARIANT_CALLING_SINGLE_STRELKA:STRELKA_SINGLE (SRR11452394) (1636),NFCORE_SAREK:SAREK:BAM_VARIANT_CALLING_GERMLINE_ALL:BAM_VARIANT_CALLING_SINGLE_STRELKA:STRELKA_SINGLE (SRR11452394) (1636),/home/nilsd/nextflow/build/work/be/612e0552ceb4ba5f6804f1d15e13ec/strelka/workspace/genomeSegment.tmpdir/segment.chromId_001_2_0008.genome.S1.vcf.gz,2278029,1636
,,0,2023-05-24T11:55:25.984633442Z,2023-05-31T11:55:25.984633442Z,2023-05-29T13:19:33.942325638Z,CREATE,file_event,NFCORE_SAREK:SAREK:BAM_VARIANT_CALLING_GERMLINE_ALL:BAM_VARIANT_CALLING_SINGLE_STRELKA:STRELKA_SINGLE (SRR11452394) (1636),NFCORE_SAREK:SAREK:BAM_VARIANT_CALLING_GERMLINE_ALL:BAM_VARIANT_CALLING_SINGLE_STRELKA:STRELKA_SINGLE (SRR11452394) (1636),/home/nilsd/nextflow/build/work/be/612e0552ceb4ba5f6804f1d15e13ec/strelka/workspace/pyflow.data/state/pyflow_tasks_runstate.txt.update.incomplete,2278029,1636
,,0,2023-05-24T11:55:25.984633442Z,2023-05-31T11:55:25.984633442Z,2023-05-29T13:19:34.18085497Z,CREATE,file_event,NFCORE_SAREK:SAREK:BAM_VARIANT_CALLING_GERMLINE_ALL:BAM_VARIANT_CALLING_SINGLE_STRELKA:STRELKA_SINGLE (SRR11452394) (1636),NFCORE_SAREK:SAREK:BAM_VARIANT_CALLING_GERMLINE_ALL:BAM_VARIANT_CALLING_SINGLE_STRELKA:STRELKA_SINGLE (SRR11452394) (1636),/home/nilsd/nextflow/build/work/be/612e0552ceb4ba5f6804f1d15e13ec/strelka/workspace/pyflow.data/logs/tmp/taskWrapperLogs/000/055,2278029,1636
,,0,2023-05-24T11:55:25.984633442Z,2023-05-31T11:55:25.984633442Z,2023-05-29T13:19:34.184120787Z,CREATE,file_event,NFCORE_SAREK:SAREK:BAM_VARIANT_CALLING_GERMLINE_ALL:BAM_VARIANT_CALLING_SINGLE_STRELKA:STRELKA_SINGLE (SRR11452394) (1636),NFCORE_SAREK:SAREK:BAM_VARIANT_CALLING_GERMLINE_ALL:BAM_VARIANT_CALLING_SINGLE_STRELKA:STRELKA_SINGLE (SRR11452394) (1636),/home/nilsd/nextflow/build/work/be/612e0552ceb4ba5f6804f1d15e13ec/strelka/workspace/pyflow.data/logs/tmp/taskWrapperLogs/000/055/taskWrapperParameters.pickle,2278029,1636
,,0,2023-05-24T11:55:25.984633442Z,2023-05-31T11:55:25.984633442Z,2023-05-29T13:19:34.187363572Z,CREATE,file_event,NFCORE_SAREK:SAREK:BAM_VARIANT_CALLING_GERMLINE_ALL:BAM_VARIANT_CALLING_SINGLE_STRELKA:STRELKA_SINGLE (SRR11452394) (1636),NFCORE_SAREK:SAREK:BAM_VARIANT_CALLING_GERMLINE_ALL:BAM_VARIANT_CALLING_SINGLE_STRELKA:STRELKA_SINGLE (SRR11452394) (1636),/home/nilsd/nextflow/build/work/be/612e0552ceb4ba5f6804f1d15e13ec/strelka/workspace/pyflow.data/logs/tmp/taskWrapperLogs/000/055/pyflowTaskWrapper.signal.txt,2278029,1636
,,0,2023-05-24T11:55:25.984633442Z,2023-05-31T11:55:25.984633442Z,2023-05-29T13:19:34.189974386Z,CREATE,file_event,NFCORE_SAREK:SAREK:BAM_VARIANT_CALLING_GERMLINE_ALL:BAM_VARIANT_CALLING_SINGLE_STRELKA:STRELKA_SINGLE (SRR11452394) (1636),NFCORE_SAREK:SAREK:BAM_VARIANT_CALLING_GERMLINE_ALL:BAM_VARIANT_CALLING_SINGLE_STRELKA:STRELKA_SINGLE (SRR11452394) (1636),/home/nilsd/nextflow/build/work/be/612e0552ceb4ba5f6804f1d15e13ec/strelka/workspace/pyflow.data/logs/tmp/taskWrapperLogs/000/054,2278029,1636
,,0,2023-05-24T11:55:25.984633442Z,2023-05-31T11:55:25.984633442Z,2023-05-29T13:19:34.193042596Z,CREATE,file_event,NFCORE_SAREK:SAREK:BAM_VARIANT_CALLING_GERMLINE_ALL:BAM_VARIANT_CALLING_SINGLE_STRELKA:STRELKA_SINGLE (SRR11452394) (1636),NFCORE_SAREK:SAREK:BAM_VARIANT_CALLING_GERMLINE_ALL:BAM_VARIANT_CALLING_SINGLE_STRELKA:STRELKA_SINGLE (SRR11452394) (1636),/home/nilsd/nextflow/build/work/be/612e0552ceb4ba5f6804f1d15e13ec/strelka/workspace/pyflow.data/logs/tmp/taskWrapperLogs/000/054/taskWrapperParameters.pickle,2278029,1636
,,0,2023-05-24T11:55:25.984633442Z,2023-05-31T11:55:25.984633442Z,2023-05-29T13:19:34.195467385Z,CREATE,file_event,NFCORE_SAREK:SAREK:BAM_VARIANT_CALLING_GERMLINE_ALL:BAM_VARIANT_CALLING_SINGLE_STRELKA:STRELKA_SINGLE (SRR11452394) (1636),NFCORE_SAREK:SAREK:BAM_VARIANT_CALLING_GERMLINE_ALL:BAM_VARIANT_CALLING_SINGLE_STRELKA:STRELKA_SINGLE (SRR11452394) (1636),/home/nilsd/nextflow/build/work/be/612e0552ceb4ba5f6804f1d15e13ec/strelka/workspace/pyflow.data/logs/tmp/taskWrapperLogs/000/054/pyflowTaskWrapper.signal.txt,2278029,1636
,,0,2023-05-24T11:55:25.984633442Z,2023-05-31T11:55:25.984633442Z,2023-05-29T13:19:34.230540983Z,CREATE,file_event,NFCORE_SAREK:SAREK:BAM_VARIANT_CALLING_GERMLINE_ALL:BAM_VARIANT_CALLING_SINGLE_STRELKA:STRELKA_SINGLE (SRR11452394) (1636),NFCORE_SAREK:SAREK:BAM_VARIANT_CALLING_GERMLINE_ALL:BAM_VARIANT_CALLING_SINGLE_STRELKA:STRELKA_SINGLE (SRR11452394) (1636),/home/nilsd/nextflow/build/work/be/612e0552ceb4ba5f6804f1d15e13ec/strelka/workspace/genomeSegment.tmpdir/segment.chromId_001_2_0017.variants.vcf.gz,2278029,1636
,,0,2023-05-24T11:55:25.984633442Z,2023-05-31T11:55:25.984633442Z,2023-05-29T13:19:34.263811473Z,CREATE,file_event,NFCORE_SAREK:SAREK:BAM_VARIANT_CALLING_GERMLINE_ALL:BAM_VARIANT_CALLING_SINGLE_STRELKA:STRELKA_SINGLE (SRR11452394) (1636),NFCORE_SAREK:SAREK:BAM_VARIANT_CALLING_GERMLINE_ALL:BAM_VARIANT_CALLING_SINGLE_STRELKA:STRELKA_SINGLE (SRR11452394) (1636),/home/nilsd/nextflow/build/work/be/612e0552ceb4ba5f6804f1d15e13ec/strelka/workspace/genomeSegment.tmpdir/segment.chromId_001_2_0017.genome.S1.vcf.gz,2278029,1636
,,0,2023-05-24T11:55:25.984633442Z,2023-05-31T11:55:25.984633442Z,2023-05-29T13:19:34.785365002Z,CREATE,file_event,NFCORE_SAREK:SAREK:BAM_VARIANT_CALLING_GERMLINE_ALL:BAM_VARIANT_CALLING_SINGLE_STRELKA:STRELKA_SINGLE (SRR11452394) (1636),NFCORE_SAREK:SAREK:BAM_VARIANT_CALLING_GERMLINE_ALL:BAM_VARIANT_CALLING_SINGLE_STRELKA:STRELKA_SINGLE (SRR11452394) (1636),/home/nilsd/nextflow/build/work/be/612e0552ceb4ba5f6804f1d15e13ec/strelka/workspace/pyflow.data/logs/tmp/taskWrapperLogs/000/037,2278029,1636
,,0,2023-05-24T11:55:25.984633442Z,2023-05-31T11:55:25.984633442Z,2023-05-29T13:19:34.789213877Z,CREATE,file_event,NFCORE_SAREK:SAREK:BAM_VARIANT_CALLING_GERMLINE_ALL:BAM_VARIANT_CALLING_SINGLE_STRELKA:STRELKA_SINGLE (SRR11452394) (1636),NFCORE_SAREK:SAREK:BAM_VARIANT_CALLING_GERMLINE_ALL:BAM_VARIANT_CALLING_SINGLE_STRELKA:STRELKA_SINGLE (SRR11452394) (1636),/home/nilsd/nextflow/build/work/be/612e0552ceb4ba5f6804f1d15e13ec/strelka/workspace/pyflow.data/logs/tmp/taskWrapperLogs/000/037/taskWrapperParameters.pickle,2278029,1636
,,0,2023-05-24T11:55:25.984633442Z,2023-05-31T11:55:25.984633442Z,2023-05-29T13:19:34.794924553Z,CREATE,file_event,NFCORE_SAREK:SAREK:BAM_VARIANT_CALLING_GERMLINE_ALL:BAM_VARIANT_CALLING_SINGLE_STRELKA:STRELKA_SINGLE (SRR11452394) (1636),NFCORE_SAREK:SAREK:BAM_VARIANT_CALLING_GERMLINE_ALL:BAM_VARIANT_CALLING_SINGLE_STRELKA:STRELKA_SINGLE (SRR11452394) (1636),/home/nilsd/nextflow/build/work/be/612e0552ceb4ba5f6804f1d15e13ec/strelka/workspace/pyflow.data/logs/tmp/taskWrapperLogs/000/012,2278029,1636
,,0,2023-05-24T11:55:25.984633442Z,2023-05-31T11:55:25.984633442Z,2023-05-29T13:19:34.797860348Z,CREATE,file_event,NFCORE_SAREK:SAREK:BAM_VARIANT_CALLING_GERMLINE_ALL:BAM_VARIANT_CALLING_SINGLE_STRELKA:STRELKA_SINGLE (SRR11452394) (1636),NFCORE_SAREK:SAREK:BAM_VARIANT_CALLING_GERMLINE_ALL:BAM_VARIANT_CALLING_SINGLE_STRELKA:STRELKA_SINGLE (SRR11452394) (1636),/home/nilsd/nextflow/build/work/be/612e0552ceb4ba5f6804f1d15e13ec/strelka/workspace/pyflow.data/logs/tmp/taskWrapperLogs/000/012/taskWrapperParameters.pickle,2278029,1636
,,0,2023-05-24T11:55:25.984633442Z,2023-05-31T11:55:25.984633442Z,2023-05-29T13:19:34.800644848Z,CREATE,file_event,NFCORE_SAREK:SAREK:BAM_VARIANT_CALLING_GERMLINE_ALL:BAM_VARIANT_CALLING_SINGLE_STRELKA:STRELKA_SINGLE (SRR11452394) (1636),NFCORE_SAREK:SAREK:BAM_VARIANT_CALLING_GERMLINE_ALL:BAM_VARIANT_CALLING_SINGLE_STRELKA:STRELKA_SINGLE (SRR11452394) (1636),/home/nilsd/nextflow/build/work/be/612e0552ceb4ba5f6804f1d15e13ec/strelka/workspace/pyflow.data/logs/tmp/taskWrapperLogs/000/012/pyflowTaskWrapper.signal.txt,2278029,1636
,,0,2023-05-24T11:55:25.984633442Z,2023-05-31T11:55:25.984633442Z,2023-05-29T13:19:34.803236823Z,CREATE,file_event,NFCORE_SAREK:SAREK:BAM_VARIANT_CALLING_GERMLINE_ALL:BAM_VARIANT_CALLING_SINGLE_STRELKA:STRELKA_SINGLE (SRR11452394) (1636),NFCORE_SAREK:SAREK:BAM_VARIANT_CALLING_GERMLINE_ALL:BAM_VARIANT_CALLING_SINGLE_STRELKA:STRELKA_SINGLE (SRR11452394) (1636),/home/nilsd/nextflow/build/work/be/612e0552ceb4ba5f6804f1d15e13ec/strelka/workspace/pyflow.data/logs/tmp/taskWrapperLogs/000/013,2278029,1636
,,0,2023-05-24T11:55:25.984633442Z,2023-05-31T11:55:25.984633442Z,2023-05-29T13:19:34.806324183Z,CREATE,file_event,NFCORE_SAREK:SAREK:BAM_VARIANT_CALLING_GERMLINE_ALL:BAM_VARIANT_CALLING_SINGLE_STRELKA:STRELKA_SINGLE (SRR11452394) (1636),NFCORE_SAREK:SAREK:BAM_VARIANT_CALLING_GERMLINE_ALL:BAM_VARIANT_CALLING_SINGLE_STRELKA:STRELKA_SINGLE (SRR11452394) (1636),/home/nilsd/nextflow/build/work/be/612e0552ceb4ba5f6804f1d15e13ec/strelka/workspace/pyflow.data/logs/tmp/taskWrapperLogs/000/013/taskWrapperParameters.pickle,2278029,1636
,,0,2023-05-24T11:55:25.984633442Z,2023-05-31T11:55:25.984633442Z,2023-05-29T13:19:34.809602629Z,CREATE,file_event,NFCORE_SAREK:SAREK:BAM_VARIANT_CALLING_GERMLINE_ALL:BAM_VARIANT_CALLING_SINGLE_STRELKA:STRELKA_SINGLE (SRR11452394) (1636),NFCORE_SAREK:SAREK:BAM_VARIANT_CALLING_GERMLINE_ALL:BAM_VARIANT_CALLING_SINGLE_STRELKA:STRELKA_SINGLE (SRR11452394) (1636),/home/nilsd/nextflow/build/work/be/612e0552ceb4ba5f6804f1d15e13ec/strelka/workspace/pyflow.data/logs/tmp/taskWrapperLogs/000/036,2278029,1636
,,0,2023-05-24T11:55:25.984633442Z,2023-05-31T11:55:25.984633442Z,2023-05-29T13:19:34.812871045Z,CREATE,file_event,NFCORE_SAREK:SAREK:BAM_VARIANT_CALLING_GERMLINE_ALL:BAM_VARIANT_CALLING_SINGLE_STRELKA:STRELKA_SINGLE (SRR11452394) (1636),NFCORE_SAREK:SAREK:BAM_VARIANT_CALLING_GERMLINE_ALL:BAM_VARIANT_CALLING_SINGLE_STRELKA:STRELKA_SINGLE (SRR11452394) (1636),/home/nilsd/nextflow/build/work/be/612e0552ceb4ba5f6804f1d15e13ec/strelka/workspace/pyflow.data/logs/tmp/taskWrapperLogs/000/036/taskWrapperParameters.pickle,2278029,1636
,,0,2023-05-24T11:55:25.984633442Z,2023-05-31T11:55:25.984633442Z,2023-05-29T13:19:34.815747339Z,CREATE,file_event,NFCORE_SAREK:SAREK:BAM_VARIANT_CALLING_GERMLINE_ALL:BAM_VARIANT_CALLING_SINGLE_STRELKA:STRELKA_SINGLE (SRR11452394) (1636),NFCORE_SAREK:SAREK:BAM_VARIANT_CALLING_GERMLINE_ALL:BAM_VARIANT_CALLING_SINGLE_STRELKA:STRELKA_SINGLE (SRR11452394) (1636),/home/nilsd/nextflow/build/work/be/612e0552ceb4ba5f6804f1d15e13ec/strelka/workspace/pyflow.data/logs/tmp/taskWrapperLogs/000/036/pyflowTaskWrapper.signal.txt,2278029,1636
,,0,2023-05-24T11:55:25.984633442Z,2023-05-31T11:55:25.984633442Z,2023-05-29T13:19:34.818663203Z,CREATE,file_event,NFCORE_SAREK:SAREK:BAM_VARIANT_CALLING_GERMLINE_ALL:BAM_VARIANT_CALLING_SINGLE_STRELKA:STRELKA_SINGLE (SRR11452394) (1636),NFCORE_SAREK:SAREK:BAM_VARIANT_CALLING_GERMLINE_ALL:BAM_VARIANT_CALLING_SINGLE_STRELKA:STRELKA_SINGLE (SRR11452394) (1636),/home/nilsd/nextflow/build/work/be/612e0552ceb4ba5f6804f1d15e13ec/strelka/workspace/pyflow.data/logs/tmp/taskWrapperLogs/000/037/pyflowTaskWrapper.signal.txt,2278029,1636
,,0,2023-05-24T11:55:25.984633442Z,2023-05-31T11:55:25.984633442Z,2023-05-29T13:19:34.821482915Z,CREATE,file_event,NFCORE_SAREK:SAREK:BAM_VARIANT_CALLING_GERMLINE_ALL:BAM_VARIANT_CALLING_SINGLE_STRELKA:STRELKA_SINGLE (SRR11452394) (1636),NFCORE_SAREK:SAREK:BAM_VARIANT_CALLING_GERMLINE_ALL:BAM_VARIANT_CALLING_SINGLE_STRELKA:STRELKA_SINGLE (SRR11452394) (1636),/home/nilsd/nextflow/build/work/be/612e0552ceb4ba5f6804f1d15e13ec/strelka/workspace/pyflow.data/logs/tmp/taskWrapperLogs/000/012/pyflowTaskWrapper.signal.txt,2278029,1636
,,0,2023-05-24T11:55:25.984633442Z,2023-05-31T11:55:25.984633442Z,2023-05-29T13:19:34.823627154Z,CREATE,file_event,NFCORE_SAREK:SAREK:BAM_VARIANT_CALLING_GERMLINE_ALL:BAM_VARIANT_CALLING_SINGLE_STRELKA:STRELKA_SINGLE (SRR11452394) (1636),NFCORE_SAREK:SAREK:BAM_VARIANT_CALLING_GERMLINE_ALL:BAM_VARIANT_CALLING_SINGLE_STRELKA:STRELKA_SINGLE (SRR11452394) (1636),/home/nilsd/nextflow/build/work/be/612e0552ceb4ba5f6804f1d15e13ec/strelka/workspace/pyflow.data/logs/tmp/taskWrapperLogs/000/013/pyflowTaskWrapper.signal.txt,2278029,1636
,,0,2023-05-24T11:55:25.984633442Z,2023-05-31T11:55:25.984633442Z,2023-05-29T13:19:34.831393886Z,CREATE,file_event,NFCORE_SAREK:SAREK:BAM_VARIANT_CALLING_GERMLINE_ALL:BAM_VARIANT_CALLING_SINGLE_STRELKA:STRELKA_SINGLE (SRR11452394) (1636),NFCORE_SAREK:SAREK:BAM_VARIANT_CALLING_GERMLINE_ALL:BAM_VARIANT_CALLING_SINGLE_STRELKA:STRELKA_SINGLE (SRR11452394) (1636),/home/nilsd/nextflow/build/work/be/612e0552ceb4ba5f6804f1d15e13ec/strelka/workspace/genomeSegment.tmpdir/segment.chromId_001_2_0011.variants.vcf.gz,2278029,1636
,,0,2023-05-24T11:55:25.984633442Z,2023-05-31T11:55:25.984633442Z,2023-05-29T13:19:34.834298511Z,CREATE,file_event,NFCORE_SAREK:SAREK:BAM_VARIANT_CALLING_GERMLINE_ALL:BAM_VARIANT_CALLING_SINGLE_STRELKA:STRELKA_SINGLE (SRR11452394) (1636),NFCORE_SAREK:SAREK:BAM_VARIANT_CALLING_GERMLINE_ALL:BAM_VARIANT_CALLING_SINGLE_STRELKA:STRELKA_SINGLE (SRR11452394) (1636),/home/nilsd/nextflow/build/work/be/612e0552ceb4ba5f6804f1d15e13ec/strelka/workspace/genomeSegment.tmpdir/segment.chromId_001_2_0003.variants.vcf.gz,2278029,1636
,,0,2023-05-24T11:55:25.984633442Z,2023-05-31T11:55:25.984633442Z,2023-05-29T13:19:34.837907588Z,CREATE,file_event,NFCORE_SAREK:SAREK:BAM_VARIANT_CALLING_GERMLINE_ALL:BAM_VARIANT_CALLING_SINGLE_STRELKA:STRELKA_SINGLE (SRR11452394) (1636),NFCORE_SAREK:SAREK:BAM_VARIANT_CALLING_GERMLINE_ALL:BAM_VARIANT_CALLING_SINGLE_STRELKA:STRELKA_SINGLE (SRR11452394) (1636),/home/nilsd/nextflow/build/work/be/612e0552ceb4ba5f6804f1d15e13ec/strelka/workspace/genomeSegment.tmpdir/segment.chromId_001_2_0003.genome.S1.vcf.gz,2278029,1636
,,0,2023-05-24T11:55:25.984633442Z,2023-05-31T11:55:25.984633442Z,2023-05-29T13:19:34.841797354Z,CREATE,file_event,NFCORE_SAREK:SAREK:BAM_VARIANT_CALLING_GERMLINE_ALL:BAM_VARIANT_CALLING_SINGLE_STRELKA:STRELKA_SINGLE (SRR11452394) (1636),NFCORE_SAREK:SAREK:BAM_VARIANT_CALLING_GERMLINE_ALL:BAM_VARIANT_CALLING_SINGLE_STRELKA:STRELKA_SINGLE (SRR11452394) (1636),/home/nilsd/nextflow/build/work/be/612e0552ceb4ba5f6804f1d15e13ec/strelka/workspace/genomeSegment.tmpdir/segment.chromId_001_2_0011.genome.S1.vcf.gz,2278029,1636
,,0,2023-05-24T11:55:25.984633442Z,2023-05-31T11:55:25.984633442Z,2023-05-29T13:19:35.086776626Z,CREATE,file_event,NFCORE_SAREK:SAREK:BAM_VARIANT_CALLING_GERMLINE_ALL:BAM_VARIANT_CALLING_SINGLE_STRELKA:STRELKA_SINGLE (SRR11452394) (1636),NFCORE_SAREK:SAREK:BAM_VARIANT_CALLING_GERMLINE_ALL:BAM_VARIANT_CALLING_SINGLE_STRELKA:STRELKA_SINGLE (SRR11452394) (1636),/home/nilsd/nextflow/build/work/be/612e0552ceb4ba5f6804f1d15e13ec/strelka/workspace/pyflow.data/logs/tmp/taskWrapperLogs/000/045,2278029,1636
,,0,2023-05-24T11:55:25.984633442Z,2023-05-31T11:55:25.984633442Z,2023-05-29T13:19:35.089855146Z,CREATE,file_event,NFCORE_SAREK:SAREK:BAM_VARIANT_CALLING_GERMLINE_ALL:BAM_VARIANT_CALLING_SINGLE_STRELKA:STRELKA_SINGLE (SRR11452394) (1636),NFCORE_SAREK:SAREK:BAM_VARIANT_CALLING_GERMLINE_ALL:BAM_VARIANT_CALLING_SINGLE_STRELKA:STRELKA_SINGLE (SRR11452394) (1636),/home/nilsd/nextflow/build/work/be/612e0552ceb4ba5f6804f1d15e13ec/strelka/workspace/pyflow.data/logs/tmp/taskWrapperLogs/000/045/taskWrapperParameters.pickle,2278029,1636
,,0,2023-05-24T11:55:25.984633442Z,2023-05-31T11:55:25.984633442Z,2023-05-29T13:19:35.092292285Z,CREATE,file_event,NFCORE_SAREK:SAREK:BAM_VARIANT_CALLING_GERMLINE_ALL:BAM_VARIANT_CALLING_SINGLE_STRELKA:STRELKA_SINGLE (SRR11452394) (1636),NFCORE_SAREK:SAREK:BAM_VARIANT_CALLING_GERMLINE_ALL:BAM_VARIANT_CALLING_SINGLE_STRELKA:STRELKA_SINGLE (SRR11452394) (1636),/home/nilsd/nextflow/build/work/be/612e0552ceb4ba5f6804f1d15e13ec/strelka/workspace/pyflow.data/logs/tmp/taskWrapperLogs/000/045/taskWrapperParameters.pickle,2278029,1636
,,0,2023-05-24T11:55:25.984633442Z,2023-05-31T11:55:25.984633442Z,2023-05-29T13:19:35.093914838Z,CREATE,file_event,NFCORE_SAREK:SAREK:BAM_VARIANT_CALLING_GERMLINE_ALL:BAM_VARIANT_CALLING_SINGLE_STRELKA:STRELKA_SINGLE (SRR11452394) (1636),NFCORE_SAREK:SAREK:BAM_VARIANT_CALLING_GERMLINE_ALL:BAM_VARIANT_CALLING_SINGLE_STRELKA:STRELKA_SINGLE (SRR11452394) (1636),/home/nilsd/nextflow/build/work/be/612e0552ceb4ba5f6804f1d15e13ec/strelka/workspace/pyflow.data/logs/tmp/taskWrapperLogs/000/046,2278029,1636
,,0,2023-05-24T11:55:25.984633442Z,2023-05-31T11:55:25.984633442Z,2023-05-29T13:19:35.095979325Z,CREATE,file_event,NFCORE_SAREK:SAREK:BAM_VARIANT_CALLING_GERMLINE_ALL:BAM_VARIANT_CALLING_SINGLE_STRELKA:STRELKA_SINGLE (SRR11452394) (1636),NFCORE_SAREK:SAREK:BAM_VARIANT_CALLING_GERMLINE_ALL:BAM_VARIANT_CALLING_SINGLE_STRELKA:STRELKA_SINGLE (SRR11452394) (1636),/home/nilsd/nextflow/build/work/be/612e0552ceb4ba5f6804f1d15e13ec/strelka/workspace/pyflow.data/logs/tmp/taskWrapperLogs/000/046/taskWrapperParameters.pickle,2278029,1636
,,0,2023-05-24T11:55:25.984633442Z,2023-05-31T11:55:25.984633442Z,2023-05-29T13:19:35.098127755Z,CREATE,file_event,NFCORE_SAREK:SAREK:BAM_VARIANT_CALLING_GERMLINE_ALL:BAM_VARIANT_CALLING_SINGLE_STRELKA:STRELKA_SINGLE (SRR11452394) (1636),NFCORE_SAREK:SAREK:BAM_VARIANT_CALLING_GERMLINE_ALL:BAM_VARIANT_CALLING_SINGLE_STRELKA:STRELKA_SINGLE (SRR11452394) (1636),/home/nilsd/nextflow/build/work/be/612e0552ceb4ba5f6804f1d15e13ec/strelka/workspace/pyflow.data/logs/tmp/taskWrapperLogs/000/046/pyflowTaskWrapper.signal.txt,2278029,1636
,,0,2023-05-24T11:55:25.984633442Z,2023-05-31T11:55:25.984633442Z,2023-05-29T13:19:35.100167911Z,CREATE,file_event,NFCORE_SAREK:SAREK:BAM_VARIANT_CALLING_GERMLINE_ALL:BAM_VARIANT_CALLING_SINGLE_STRELKA:STRELKA_SINGLE (SRR11452394) (1636),NFCORE_SAREK:SAREK:BAM_VARIANT_CALLING_GERMLINE_ALL:BAM_VARIANT_CALLING_SINGLE_STRELKA:STRELKA_SINGLE (SRR11452394) (1636),/home/nilsd/nextflow/build/work/be/612e0552ceb4ba5f6804f1d15e13ec/strelka/workspace/pyflow.data/logs/tmp/taskWrapperLogs/000/045/pyflowTaskWrapper.signal.txt,2278029,1636
,,0,2023-05-24T11:55:25.984633442Z,2023-05-31T11:55:25.984633442Z,2023-05-29T13:19:35.13157691Z,CREATE,file_event,NFCORE_SAREK:SAREK:BAM_VARIANT_CALLING_GERMLINE_ALL:BAM_VARIANT_CALLING_SINGLE_STRELKA:STRELKA_SINGLE (SRR11452394) (1636),NFCORE_SAREK:SAREK:BAM_VARIANT_CALLING_GERMLINE_ALL:BAM_VARIANT_CALLING_SINGLE_STRELKA:STRELKA_SINGLE (SRR11452394) (1636),/home/nilsd/nextflow/build/work/be/612e0552ceb4ba5f6804f1d15e13ec/strelka/workspace/genomeSegment.tmpdir/segment.chromId_001_2_0014.genome.S1.vcf.gz,2278029,1636
,,0,2023-05-24T11:55:25.984633442Z,2023-05-31T11:55:25.984633442Z,2023-05-29T13:19:35.134062731Z,CREATE,file_event,NFCORE_SAREK:SAREK:BAM_VARIANT_CALLING_GERMLINE_ALL:BAM_VARIANT_CALLING_SINGLE_STRELKA:STRELKA_SINGLE (SRR11452394) (1636),NFCORE_SAREK:SAREK:BAM_VARIANT_CALLING_GERMLINE_ALL:BAM_VARIANT_CALLING_SINGLE_STRELKA:STRELKA_SINGLE (SRR11452394) (1636),/home/nilsd/nextflow/build/work/be/612e0552ceb4ba5f6804f1d15e13ec/strelka/workspace/genomeSegment.tmpdir/segment.chromId_001_2_0014.variants.vcf.gz,2278029,1636
,,0,2023-05-24T11:55:25.984633442Z,2023-05-31T11:55:25.984633442Z,2023-05-29T13:19:35.170015318Z,CREATE,file_event,NFCORE_SAREK:SAREK:BAM_VARIANT_CALLING_GERMLINE_ALL:BAM_VARIANT_CALLING_SINGLE_STRELKA:STRELKA_SINGLE (SRR11452394) (1636),NFCORE_SAREK:SAREK:BAM_VARIANT_CALLING_GERMLINE_ALL:BAM_VARIANT_CALLING_SINGLE_STRELKA:STRELKA_SINGLE (SRR11452394) (1636),/home/nilsd/nextflow/build/work/be/612e0552ceb4ba5f6804f1d15e13ec/strelka/workspace/pyflow.data/logs/tmp/taskWrapperLogs/000/051,2278029,1636
,,0,2023-05-24T11:55:25.984633442Z,2023-05-31T11:55:25.984633442Z,2023-05-29T13:19:35.173185611Z,CREATE,file_event,NFCORE_SAREK:SAREK:BAM_VARIANT_CALLING_GERMLINE_ALL:BAM_VARIANT_CALLING_SINGLE_STRELKA:STRELKA_SINGLE (SRR11452394) (1636),NFCORE_SAREK:SAREK:BAM_VARIANT_CALLING_GERMLINE_ALL:BAM_VARIANT_CALLING_SINGLE_STRELKA:STRELKA_SINGLE (SRR11452394) (1636),/home/nilsd/nextflow/build/work/be/612e0552ceb4ba5f6804f1d15e13ec/strelka/workspace/pyflow.data/logs/tmp/taskWrapperLogs/000/051/taskWrapperParameters.pickle,2278029,1636
,,0,2023-05-24T11:55:25.984633442Z,2023-05-31T11:55:25.984633442Z,2023-05-29T13:19:35.175546488Z,CREATE,file_event,NFCORE_SAREK:SAREK:BAM_VARIANT_CALLING_GERMLINE_ALL:BAM_VARIANT_CALLING_SINGLE_STRELKA:STRELKA_SINGLE (SRR11452394) (1636),NFCORE_SAREK:SAREK:BAM_VARIANT_CALLING_GERMLINE_ALL:BAM_VARIANT_CALLING_SINGLE_STRELKA:STRELKA_SINGLE (SRR11452394) (1636),/home/nilsd/nextflow/build/work/be/612e0552ceb4ba5f6804f1d15e13ec/strelka/workspace/pyflow.data/logs/tmp/taskWrapperLogs/000/052,2278029,1636
,,0,2023-05-24T11:55:25.984633442Z,2023-05-31T11:55:25.984633442Z,2023-05-29T13:19:35.178000847Z,CREATE,file_event,NFCORE_SAREK:SAREK:BAM_VARIANT_CALLING_GERMLINE_ALL:BAM_VARIANT_CALLING_SINGLE_STRELKA:STRELKA_SINGLE (SRR11452394) (1636),NFCORE_SAREK:SAREK:BAM_VARIANT_CALLING_GERMLINE_ALL:BAM_VARIANT_CALLING_SINGLE_STRELKA:STRELKA_SINGLE (SRR11452394) (1636),/home/nilsd/nextflow/build/work/be/612e0552ceb4ba5f6804f1d15e13ec/strelka/workspace/pyflow.data/logs/tmp/taskWrapperLogs/000/052/taskWrapperParameters.pickle,2278029,1636
,,0,2023-05-24T11:55:25.984633442Z,2023-05-31T11:55:25.984633442Z,2023-05-29T13:19:35.180581891Z,CREATE,file_event,NFCORE_SAREK:SAREK:BAM_VARIANT_CALLING_GERMLINE_ALL:BAM_VARIANT_CALLING_SINGLE_STRELKA:STRELKA_SINGLE (SRR11452394) (1636),NFCORE_SAREK:SAREK:BAM_VARIANT_CALLING_GERMLINE_ALL:BAM_VARIANT_CALLING_SINGLE_STRELKA:STRELKA_SINGLE (SRR11452394) (1636),/home/nilsd/nextflow/build/work/be/612e0552ceb4ba5f6804f1d15e13ec/strelka/workspace/pyflow.data/logs/tmp/taskWrapperLogs/000/051/pyflowTaskWrapper.signal.txt,2278029,1636
,,0,2023-05-24T11:55:25.984633442Z,2023-05-31T11:55:25.984633442Z,2023-05-29T13:19:35.182813373Z,CREATE,file_event,NFCORE_SAREK:SAREK:BAM_VARIANT_CALLING_GERMLINE_ALL:BAM_VARIANT_CALLING_SINGLE_STRELKA:STRELKA_SINGLE (SRR11452394) (1636),NFCORE_SAREK:SAREK:BAM_VARIANT_CALLING_GERMLINE_ALL:BAM_VARIANT_CALLING_SINGLE_STRELKA:STRELKA_SINGLE (SRR11452394) (1636),/home/nilsd/nextflow/build/work/be/612e0552ceb4ba5f6804f1d15e13ec/strelka/workspace/pyflow.data/logs/tmp/taskWrapperLogs/000/052/pyflowTaskWrapper.signal.txt,2278029,1636
,,0,2023-05-24T11:55:25.984633442Z,2023-05-31T11:55:25.984633442Z,2023-05-29T13:19:35.207479374Z,CREATE,file_event,NFCORE_SAREK:SAREK:BAM_VARIANT_CALLING_GERMLINE_ALL:BAM_VARIANT_CALLING_SINGLE_STRELKA:STRELKA_SINGLE (SRR11452394) (1636),NFCORE_SAREK:SAREK:BAM_VARIANT_CALLING_GERMLINE_ALL:BAM_VARIANT_CALLING_SINGLE_STRELKA:STRELKA_SINGLE (SRR11452394) (1636),/home/nilsd/nextflow/build/work/be/612e0552ceb4ba5f6804f1d15e13ec/strelka/workspace/genomeSegment.tmpdir/segment.chromId_001_2_0016.variants.vcf.gz,2278029,1636
,,0,2023-05-24T11:55:25.984633442Z,2023-05-31T11:55:25.984633442Z,2023-05-29T13:19:35.210991988Z,CREATE,file_event,NFCORE_SAREK:SAREK:BAM_VARIANT_CALLING_GERMLINE_ALL:BAM_VARIANT_CALLING_SINGLE_STRELKA:STRELKA_SINGLE (SRR11452394) (1636),NFCORE_SAREK:SAREK:BAM_VARIANT_CALLING_GERMLINE_ALL:BAM_VARIANT_CALLING_SINGLE_STRELKA:STRELKA_SINGLE (SRR11452394) (1636),/home/nilsd/nextflow/build/work/be/612e0552ceb4ba5f6804f1d15e13ec/strelka/workspace/genomeSegment.tmpdir/segment.chromId_001_2_0016.genome.S1.vcf.gz,2278029,1636
,,0,2023-05-24T11:55:25.984633442Z,2023-05-31T11:55:25.984633442Z,2023-05-29T13:19:36.070057403Z,CREATE,file_event,NFCORE_SAREK:SAREK:BAM_VARIANT_CALLING_GERMLINE_ALL:BAM_VARIANT_CALLING_SINGLE_STRELKA:STRELKA_SINGLE (SRR11452394) (1636),NFCORE_SAREK:SAREK:BAM_VARIANT_CALLING_GERMLINE_ALL:BAM_VARIANT_CALLING_SINGLE_STRELKA:STRELKA_SINGLE (SRR11452394) (1636),/home/nilsd/nextflow/build/work/be/612e0552ceb4ba5f6804f1d15e13ec/strelka/workspace/pyflow.data/logs/tmp/taskWrapperLogs/000/004,2278029,1636
,,0,2023-05-24T11:55:25.984633442Z,2023-05-31T11:55:25.984633442Z,2023-05-29T13:19:36.073037789Z,CREATE,file_event,NFCORE_SAREK:SAREK:BAM_VARIANT_CALLING_GERMLINE_ALL:BAM_VARIANT_CALLING_SINGLE_STRELKA:STRELKA_SINGLE (SRR11452394) (1636),NFCORE_SAREK:SAREK:BAM_VARIANT_CALLING_GERMLINE_ALL:BAM_VARIANT_CALLING_SINGLE_STRELKA:STRELKA_SINGLE (SRR11452394) (1636),/home/nilsd/nextflow/build/work/be/612e0552ceb4ba5f6804f1d15e13ec/strelka/workspace/pyflow.data/logs/tmp/taskWrapperLogs/000/004/taskWrapperParameters.pickle,2278029,1636
,,0,2023-05-24T11:55:25.984633442Z,2023-05-31T11:55:25.984633442Z,2023-05-29T13:19:36.077540036Z,CREATE,file_event,NFCORE_SAREK:SAREK:BAM_VARIANT_CALLING_GERMLINE_ALL:BAM_VARIANT_CALLING_SINGLE_STRELKA:STRELKA_SINGLE (SRR11452394) (1636),NFCORE_SAREK:SAREK:BAM_VARIANT_CALLING_GERMLINE_ALL:BAM_VARIANT_CALLING_SINGLE_STRELKA:STRELKA_SINGLE (SRR11452394) (1636),/home/nilsd/nextflow/build/work/be/612e0552ceb4ba5f6804f1d15e13ec/strelka/workspace/pyflow.data/logs/tmp/taskWrapperLogs/000/003,2278029,1636
,,0,2023-05-24T11:55:25.984633442Z,2023-05-31T11:55:25.984633442Z,2023-05-29T13:19:36.080113769Z,CREATE,file_event,NFCORE_SAREK:SAREK:BAM_VARIANT_CALLING_GERMLINE_ALL:BAM_VARIANT_CALLING_SINGLE_STRELKA:STRELKA_SINGLE (SRR11452394) (1636),NFCORE_SAREK:SAREK:BAM_VARIANT_CALLING_GERMLINE_ALL:BAM_VARIANT_CALLING_SINGLE_STRELKA:STRELKA_SINGLE (SRR11452394) (1636),/home/nilsd/nextflow/build/work/be/612e0552ceb4ba5f6804f1d15e13ec/strelka/workspace/pyflow.data/logs/tmp/taskWrapperLogs/000/003/taskWrapperParameters.pickle,2278029,1636
,,0,2023-05-24T11:55:25.984633442Z,2023-05-31T11:55:25.984633442Z,2023-05-29T13:19:36.082332971Z,CREATE,file_event,NFCORE_SAREK:SAREK:BAM_VARIANT_CALLING_GERMLINE_ALL:BAM_VARIANT_CALLING_SINGLE_STRELKA:STRELKA_SINGLE (SRR11452394) (1636),NFCORE_SAREK:SAREK:BAM_VARIANT_CALLING_GERMLINE_ALL:BAM_VARIANT_CALLING_SINGLE_STRELKA:STRELKA_SINGLE (SRR11452394) (1636),/home/nilsd/nextflow/build/work/be/612e0552ceb4ba5f6804f1d15e13ec/strelka/workspace/pyflow.data/logs/tmp/taskWrapperLogs/000/003/pyflowTaskWrapper.signal.txt,2278029,1636
,,0,2023-05-24T11:55:25.984633442Z,2023-05-31T11:55:25.984633442Z,2023-05-29T13:19:36.084488361Z,CREATE,file_event,NFCORE_SAREK:SAREK:BAM_VARIANT_CALLING_GERMLINE_ALL:BAM_VARIANT_CALLING_SINGLE_STRELKA:STRELKA_SINGLE (SRR11452394) (1636),NFCORE_SAREK:SAREK:BAM_VARIANT_CALLING_GERMLINE_ALL:BAM_VARIANT_CALLING_SINGLE_STRELKA:STRELKA_SINGLE (SRR11452394) (1636),/home/nilsd/nextflow/build/work/be/612e0552ceb4ba5f6804f1d15e13ec/strelka/workspace/pyflow.data/logs/tmp/taskWrapperLogs/000/004/pyflowTaskWrapper.signal.txt,2278029,1636
,,0,2023-05-24T11:55:25.984633442Z,2023-05-31T11:55:25.984633442Z,2023-05-29T13:19:36.129185442Z,CREATE,file_event,NFCORE_SAREK:SAREK:BAM_VARIANT_CALLING_GERMLINE_ALL:BAM_VARIANT_CALLING_SINGLE_STRELKA:STRELKA_SINGLE (SRR11452394) (1636),NFCORE_SAREK:SAREK:BAM_VARIANT_CALLING_GERMLINE_ALL:BAM_VARIANT_CALLING_SINGLE_STRELKA:STRELKA_SINGLE (SRR11452394) (1636),/home/nilsd/nextflow/build/work/be/612e0552ceb4ba5f6804f1d15e13ec/strelka/workspace/genomeSegment.tmpdir/segment.chromId_001_2_0000.genome.S1.vcf.gz,2278029,1636
,,0,2023-05-24T11:55:25.984633442Z,2023-05-31T11:55:25.984633442Z,2023-05-29T13:19:36.131831068Z,CREATE,file_event,NFCORE_SAREK:SAREK:BAM_VARIANT_CALLING_GERMLINE_ALL:BAM_VARIANT_CALLING_SINGLE_STRELKA:STRELKA_SINGLE (SRR11452394) (1636),NFCORE_SAREK:SAREK:BAM_VARIANT_CALLING_GERMLINE_ALL:BAM_VARIANT_CALLING_SINGLE_STRELKA:STRELKA_SINGLE (SRR11452394) (1636),/home/nilsd/nextflow/build/work/be/612e0552ceb4ba5f6804f1d15e13ec/strelka/workspace/genomeSegment.tmpdir/segment.chromId_001_2_0000.variants.vcf.gz,2278029,1636
,,0,2023-05-24T11:55:25.984633442Z,2023-05-31T11:55:25.984633442Z,2023-05-29T13:19:36.186206833Z,CREATE,file_event,NFCORE_SAREK:SAREK:BAM_VARIANT_CALLING_GERMLINE_ALL:BAM_VARIANT_CALLING_SINGLE_STRELKA:STRELKA_SINGLE (SRR11452394) (1636),NFCORE_SAREK:SAREK:BAM_VARIANT_CALLING_GERMLINE_ALL:BAM_VARIANT_CALLING_SINGLE_STRELKA:STRELKA_SINGLE (SRR11452394) (1636),/home/nilsd/nextflow/build/work/be/612e0552ceb4ba5f6804f1d15e13ec/strelka/workspace/pyflow.data/logs/tmp/taskWrapperLogs/000/019,2278029,1636
,,0,2023-05-24T11:55:25.984633442Z,2023-05-31T11:55:25.984633442Z,2023-05-29T13:19:36.189078946Z,CREATE,file_event,NFCORE_SAREK:SAREK:BAM_VARIANT_CALLING_GERMLINE_ALL:BAM_VARIANT_CALLING_SINGLE_STRELKA:STRELKA_SINGLE (SRR11452394) (1636),NFCORE_SAREK:SAREK:BAM_VARIANT_CALLING_GERMLINE_ALL:BAM_VARIANT_CALLING_SINGLE_STRELKA:STRELKA_SINGLE (SRR11452394) (1636),/home/nilsd/nextflow/build/work/be/612e0552ceb4ba5f6804f1d15e13ec/strelka/workspace/pyflow.data/logs/tmp/taskWrapperLogs/000/019/taskWrapperParameters.pickle,2278029,1636
,,0,2023-05-24T11:55:25.984633442Z,2023-05-31T11:55:25.984633442Z,2023-05-29T13:19:36.192040702Z,CREATE,file_event,NFCORE_SAREK:SAREK:BAM_VARIANT_CALLING_GERMLINE_ALL:BAM_VARIANT_CALLING_SINGLE_STRELKA:STRELKA_SINGLE (SRR11452394) (1636),NFCORE_SAREK:SAREK:BAM_VARIANT_CALLING_GERMLINE_ALL:BAM_VARIANT_CALLING_SINGLE_STRELKA:STRELKA_SINGLE (SRR11452394) (1636),/home/nilsd/nextflow/build/work/be/612e0552ceb4ba5f6804f1d15e13ec/strelka/workspace/pyflow.data/logs/tmp/taskWrapperLogs/000/018,2278029,1636
,,0,2023-05-24T11:55:25.984633442Z,2023-05-31T11:55:25.984633442Z,2023-05-29T13:19:36.194555814Z,CREATE,file_event,NFCORE_SAREK:SAREK:BAM_VARIANT_CALLING_GERMLINE_ALL:BAM_VARIANT_CALLING_SINGLE_STRELKA:STRELKA_SINGLE (SRR11452394) (1636),NFCORE_SAREK:SAREK:BAM_VARIANT_CALLING_GERMLINE_ALL:BAM_VARIANT_CALLING_SINGLE_STRELKA:STRELKA_SINGLE (SRR11452394) (1636),/home/nilsd/nextflow/build/work/be/612e0552ceb4ba5f6804f1d15e13ec/strelka/workspace/pyflow.data/logs/tmp/taskWrapperLogs/000/018/taskWrapperParameters.pickle,2278029,1636
,,0,2023-05-24T11:55:25.984633442Z,2023-05-31T11:55:25.984633442Z,2023-05-29T13:19:36.197140798Z,CREATE,file_event,NFCORE_SAREK:SAREK:BAM_VARIANT_CALLING_GERMLINE_ALL:BAM_VARIANT_CALLING_SINGLE_STRELKA:STRELKA_SINGLE (SRR11452394) (1636),NFCORE_SAREK:SAREK:BAM_VARIANT_CALLING_GERMLINE_ALL:BAM_VARIANT_CALLING_SINGLE_STRELKA:STRELKA_SINGLE (SRR11452394) (1636),/home/nilsd/nextflow/build/work/be/612e0552ceb4ba5f6804f1d15e13ec/strelka/workspace/pyflow.data/logs/tmp/taskWrapperLogs/000/018/pyflowTaskWrapper.signal.txt,2278029,1636
,,0,2023-05-24T11:55:25.984633442Z,2023-05-31T11:55:25.984633442Z,2023-05-29T13:19:36.199392101Z,CREATE,file_event,NFCORE_SAREK:SAREK:BAM_VARIANT_CALLING_GERMLINE_ALL:BAM_VARIANT_CALLING_SINGLE_STRELKA:STRELKA_SINGLE (SRR11452394) (1636),NFCORE_SAREK:SAREK:BAM_VARIANT_CALLING_GERMLINE_ALL:BAM_VARIANT_CALLING_SINGLE_STRELKA:STRELKA_SINGLE (SRR11452394) (1636),/home/nilsd/nextflow/build/work/be/612e0552ceb4ba5f6804f1d15e13ec/strelka/workspace/pyflow.data/logs/tmp/taskWrapperLogs/000/019/pyflowTaskWrapper.signal.txt,2278029,1636
,,0,2023-05-24T11:55:25.984633442Z,2023-05-31T11:55:25.984633442Z,2023-05-29T13:19:36.225886451Z,CREATE,file_event,NFCORE_SAREK:SAREK:BAM_VARIANT_CALLING_GERMLINE_ALL:BAM_VARIANT_CALLING_SINGLE_STRELKA:STRELKA_SINGLE (SRR11452394) (1636),NFCORE_SAREK:SAREK:BAM_VARIANT_CALLING_GERMLINE_ALL:BAM_VARIANT_CALLING_SINGLE_STRELKA:STRELKA_SINGLE (SRR11452394) (1636),/home/nilsd/nextflow/build/work/be/612e0552ceb4ba5f6804f1d15e13ec/strelka/workspace/genomeSegment.tmpdir/segment.chromId_001_2_0005.genome.S1.vcf.gz,2278029,1636
,,0,2023-05-24T11:55:25.984633442Z,2023-05-31T11:55:25.984633442Z,2023-05-29T13:19:36.229202268Z,CREATE,file_event,NFCORE_SAREK:SAREK:BAM_VARIANT_CALLING_GERMLINE_ALL:BAM_VARIANT_CALLING_SINGLE_STRELKA:STRELKA_SINGLE (SRR11452394) (1636),NFCORE_SAREK:SAREK:BAM_VARIANT_CALLING_GERMLINE_ALL:BAM_VARIANT_CALLING_SINGLE_STRELKA:STRELKA_SINGLE (SRR11452394) (1636),/home/nilsd/nextflow/build/work/be/612e0552ceb4ba5f6804f1d15e13ec/strelka/workspace/genomeSegment.tmpdir/segment.chromId_001_2_0005.variants.vcf.gz,2278029,1636
,,0,2023-05-24T11:55:25.984633442Z,2023-05-31T11:55:25.984633442Z,2023-05-29T13:19:37.085974649Z,CREATE,file_event,NFCORE_SAREK:SAREK:BAM_VARIANT_CALLING_GERMLINE_ALL:BAM_VARIANT_CALLING_SINGLE_STRELKA:STRELKA_SINGLE (SRR11452394) (1636),NFCORE_SAREK:SAREK:BAM_VARIANT_CALLING_GERMLINE_ALL:BAM_VARIANT_CALLING_SINGLE_STRELKA:STRELKA_SINGLE (SRR11452394) (1636),/home/nilsd/nextflow/build/work/be/612e0552ceb4ba5f6804f1d15e13ec/strelka/workspace/pyflow.data/logs/tmp/taskWrapperLogs/000/058,2278029,1636
,,0,2023-05-24T11:55:25.984633442Z,2023-05-31T11:55:25.984633442Z,2023-05-29T13:19:37.089986759Z,CREATE,file_event,NFCORE_SAREK:SAREK:BAM_VARIANT_CALLING_GERMLINE_ALL:BAM_VARIANT_CALLING_SINGLE_STRELKA:STRELKA_SINGLE (SRR11452394) (1636),NFCORE_SAREK:SAREK:BAM_VARIANT_CALLING_GERMLINE_ALL:BAM_VARIANT_CALLING_SINGLE_STRELKA:STRELKA_SINGLE (SRR11452394) (1636),/home/nilsd/nextflow/build/work/be/612e0552ceb4ba5f6804f1d15e13ec/strelka/workspace/pyflow.data/logs/tmp/taskWrapperLogs/000/058/taskWrapperParameters.pickle,2278029,1636
,,0,2023-05-24T11:55:25.984633442Z,2023-05-31T11:55:25.984633442Z,2023-05-29T13:19:37.092984716Z,CREATE,file_event,NFCORE_SAREK:SAREK:BAM_VARIANT_CALLING_GERMLINE_ALL:BAM_VARIANT_CALLING_SINGLE_STRELKA:STRELKA_SINGLE (SRR11452394) (1636),NFCORE_SAREK:SAREK:BAM_VARIANT_CALLING_GERMLINE_ALL:BAM_VARIANT_CALLING_SINGLE_STRELKA:STRELKA_SINGLE (SRR11452394) (1636),/home/nilsd/nextflow/build/work/be/612e0552ceb4ba5f6804f1d15e13ec/strelka/workspace/pyflow.data/logs/tmp/taskWrapperLogs/000/058/taskWrapperParameters.pickle,2278029,1636
,,0,2023-05-24T11:55:25.984633442Z,2023-05-31T11:55:25.984633442Z,2023-05-29T13:19:37.095733026Z,CREATE,file_event,NFCORE_SAREK:SAREK:BAM_VARIANT_CALLING_GERMLINE_ALL:BAM_VARIANT_CALLING_SINGLE_STRELKA:STRELKA_SINGLE (SRR11452394) (1636),NFCORE_SAREK:SAREK:BAM_VARIANT_CALLING_GERMLINE_ALL:BAM_VARIANT_CALLING_SINGLE_STRELKA:STRELKA_SINGLE (SRR11452394) (1636),/home/nilsd/nextflow/build/work/be/612e0552ceb4ba5f6804f1d15e13ec/strelka/workspace/pyflow.data/logs/tmp/taskWrapperLogs/000/057,2278029,1636
,,0,2023-05-24T11:55:25.984633442Z,2023-05-31T11:55:25.984633442Z,2023-05-29T13:19:37.098810956Z,CREATE,file_event,NFCORE_SAREK:SAREK:BAM_VARIANT_CALLING_GERMLINE_ALL:BAM_VARIANT_CALLING_SINGLE_STRELKA:STRELKA_SINGLE (SRR11452394) (1636),NFCORE_SAREK:SAREK:BAM_VARIANT_CALLING_GERMLINE_ALL:BAM_VARIANT_CALLING_SINGLE_STRELKA:STRELKA_SINGLE (SRR11452394) (1636),/home/nilsd/nextflow/build/work/be/612e0552ceb4ba5f6804f1d15e13ec/strelka/workspace/pyflow.data/logs/tmp/taskWrapperLogs/000/057/taskWrapperParameters.pickle,2278029,1636
,,0,2023-05-24T11:55:25.984633442Z,2023-05-31T11:55:25.984633442Z,2023-05-29T13:19:37.102416983Z,CREATE,file_event,NFCORE_SAREK:SAREK:BAM_VARIANT_CALLING_GERMLINE_ALL:BAM_VARIANT_CALLING_SINGLE_STRELKA:STRELKA_SINGLE (SRR11452394) (1636),NFCORE_SAREK:SAREK:BAM_VARIANT_CALLING_GERMLINE_ALL:BAM_VARIANT_CALLING_SINGLE_STRELKA:STRELKA_SINGLE (SRR11452394) (1636),/home/nilsd/nextflow/build/work/be/612e0552ceb4ba5f6804f1d15e13ec/strelka/workspace/pyflow.data/logs/tmp/taskWrapperLogs/000/057/pyflowTaskWrapper.signal.txt,2278029,1636
,,0,2023-05-24T11:55:25.984633442Z,2023-05-31T11:55:25.984633442Z,2023-05-29T13:19:37.105866685Z,CREATE,file_event,NFCORE_SAREK:SAREK:BAM_VARIANT_CALLING_GERMLINE_ALL:BAM_VARIANT_CALLING_SINGLE_STRELKA:STRELKA_SINGLE (SRR11452394) (1636),NFCORE_SAREK:SAREK:BAM_VARIANT_CALLING_GERMLINE_ALL:BAM_VARIANT_CALLING_SINGLE_STRELKA:STRELKA_SINGLE (SRR11452394) (1636),/home/nilsd/nextflow/build/work/be/612e0552ceb4ba5f6804f1d15e13ec/strelka/workspace/pyflow.data/logs/tmp/taskWrapperLogs/000/057/taskWrapperParameters.pickle,2278029,1636
,,0,2023-05-24T11:55:25.984633442Z,2023-05-31T11:55:25.984633442Z,2023-05-29T13:19:37.109468962Z,CREATE,file_event,NFCORE_SAREK:SAREK:BAM_VARIANT_CALLING_GERMLINE_ALL:BAM_VARIANT_CALLING_SINGLE_STRELKA:STRELKA_SINGLE (SRR11452394) (1636),NFCORE_SAREK:SAREK:BAM_VARIANT_CALLING_GERMLINE_ALL:BAM_VARIANT_CALLING_SINGLE_STRELKA:STRELKA_SINGLE (SRR11452394) (1636),/home/nilsd/nextflow/build/work/be/612e0552ceb4ba5f6804f1d15e13ec/strelka/workspace/pyflow.data/logs/tmp/taskWrapperLogs/000/057/pyflowTaskWrapper.signal.txt,2278029,1636
,,0,2023-05-24T11:55:25.984633442Z,2023-05-31T11:55:25.984633442Z,2023-05-29T13:19:37.112871452Z,CREATE,file_event,NFCORE_SAREK:SAREK:BAM_VARIANT_CALLING_GERMLINE_ALL:BAM_VARIANT_CALLING_SINGLE_STRELKA:STRELKA_SINGLE (SRR11452394) (1636),NFCORE_SAREK:SAREK:BAM_VARIANT_CALLING_GERMLINE_ALL:BAM_VARIANT_CALLING_SINGLE_STRELKA:STRELKA_SINGLE (SRR11452394) (1636),/home/nilsd/nextflow/build/work/be/612e0552ceb4ba5f6804f1d15e13ec/strelka/workspace/pyflow.data/logs/tmp/taskWrapperLogs/000/058/pyflowTaskWrapper.signal.txt,2278029,1636
,,0,2023-05-24T11:55:25.984633442Z,2023-05-31T11:55:25.984633442Z,2023-05-29T13:19:37.120675485Z,CREATE,file_event,NFCORE_SAREK:SAREK:BAM_VARIANT_CALLING_GERMLINE_ALL:BAM_VARIANT_CALLING_SINGLE_STRELKA:STRELKA_SINGLE (SRR11452394) (1636),NFCORE_SAREK:SAREK:BAM_VARIANT_CALLING_GERMLINE_ALL:BAM_VARIANT_CALLING_SINGLE_STRELKA:STRELKA_SINGLE (SRR11452394) (1636),/home/nilsd/nextflow/build/work/be/612e0552ceb4ba5f6804f1d15e13ec/strelka/workspace/genomeSegment.tmpdir/segment.chromId_001_2_0018.genome.S1.vcf.gz,2278029,1636
,,0,2023-05-24T11:55:25.984633442Z,2023-05-31T11:55:25.984633442Z,2023-05-29T13:19:37.123998603Z,CREATE,file_event,NFCORE_SAREK:SAREK:BAM_VARIANT_CALLING_GERMLINE_ALL:BAM_VARIANT_CALLING_SINGLE_STRELKA:STRELKA_SINGLE (SRR11452394) (1636),NFCORE_SAREK:SAREK:BAM_VARIANT_CALLING_GERMLINE_ALL:BAM_VARIANT_CALLING_SINGLE_STRELKA:STRELKA_SINGLE (SRR11452394) (1636),/home/nilsd/nextflow/build/work/be/612e0552ceb4ba5f6804f1d15e13ec/strelka/workspace/genomeSegment.tmpdir/segment.chromId_001_2_0018.variants.vcf.gz,2278029,1636
,,0,2023-05-24T11:55:25.984633442Z,2023-05-31T11:55:25.984633442Z,2023-05-29T13:19:38.334995292Z,CREATE,file_event,NFCORE_SAREK:SAREK:BAM_VARIANT_CALLING_GERMLINE_ALL:BAM_VARIANT_CALLING_SINGLE_STRELKA:STRELKA_SINGLE (SRR11452394) (1636),NFCORE_SAREK:SAREK:BAM_VARIANT_CALLING_GERMLINE_ALL:BAM_VARIANT_CALLING_SINGLE_STRELKA:STRELKA_SINGLE (SRR11452394) (1636),/home/nilsd/nextflow/build/work/be/612e0552ceb4ba5f6804f1d15e13ec/strelka/workspace/pyflow.data/logs/tmp/taskWrapperLogs/000/064,2278029,1636
,,0,2023-05-24T11:55:25.984633442Z,2023-05-31T11:55:25.984633442Z,2023-05-29T13:19:38.338371992Z,CREATE,file_event,NFCORE_SAREK:SAREK:BAM_VARIANT_CALLING_GERMLINE_ALL:BAM_VARIANT_CALLING_SINGLE_STRELKA:STRELKA_SINGLE (SRR11452394) (1636),NFCORE_SAREK:SAREK:BAM_VARIANT_CALLING_GERMLINE_ALL:BAM_VARIANT_CALLING_SINGLE_STRELKA:STRELKA_SINGLE (SRR11452394) (1636),/home/nilsd/nextflow/build/work/be/612e0552ceb4ba5f6804f1d15e13ec/strelka/workspace/pyflow.data/logs/tmp/taskWrapperLogs/000/064/taskWrapperParameters.pickle,2278029,1636
,,0,2023-05-24T11:55:25.984633442Z,2023-05-31T11:55:25.984633442Z,2023-05-29T13:19:38.34140813Z,CREATE,file_event,NFCORE_SAREK:SAREK:BAM_VARIANT_CALLING_GERMLINE_ALL:BAM_VARIANT_CALLING_SINGLE_STRELKA:STRELKA_SINGLE (SRR11452394) (1636),NFCORE_SAREK:SAREK:BAM_VARIANT_CALLING_GERMLINE_ALL:BAM_VARIANT_CALLING_SINGLE_STRELKA:STRELKA_SINGLE (SRR11452394) (1636),/home/nilsd/nextflow/build/work/be/612e0552ceb4ba5f6804f1d15e13ec/strelka/workspace/pyflow.data/logs/tmp/taskWrapperLogs/000/063,2278029,1636
,,0,2023-05-24T11:55:25.984633442Z,2023-05-31T11:55:25.984633442Z,2023-05-29T13:19:38.344701527Z,CREATE,file_event,NFCORE_SAREK:SAREK:BAM_VARIANT_CALLING_GERMLINE_ALL:BAM_VARIANT_CALLING_SINGLE_STRELKA:STRELKA_SINGLE (SRR11452394) (1636),NFCORE_SAREK:SAREK:BAM_VARIANT_CALLING_GERMLINE_ALL:BAM_VARIANT_CALLING_SINGLE_STRELKA:STRELKA_SINGLE (SRR11452394) (1636),/home/nilsd/nextflow/build/work/be/612e0552ceb4ba5f6804f1d15e13ec/strelka/workspace/pyflow.data/logs/tmp/taskWrapperLogs/000/063/taskWrapperParameters.pickle,2278029,1636
,,0,2023-05-24T11:55:25.984633442Z,2023-05-31T11:55:25.984633442Z,2023-05-29T13:19:38.347419155Z,CREATE,file_event,NFCORE_SAREK:SAREK:BAM_VARIANT_CALLING_GERMLINE_ALL:BAM_VARIANT_CALLING_SINGLE_STRELKA:STRELKA_SINGLE (SRR11452394) (1636),NFCORE_SAREK:SAREK:BAM_VARIANT_CALLING_GERMLINE_ALL:BAM_VARIANT_CALLING_SINGLE_STRELKA:STRELKA_SINGLE (SRR11452394) (1636),/home/nilsd/nextflow/build/work/be/612e0552ceb4ba5f6804f1d15e13ec/strelka/workspace/pyflow.data/logs/tmp/taskWrapperLogs/000/063/pyflowTaskWrapper.signal.txt,2278029,1636
,,0,2023-05-24T11:55:25.984633442Z,2023-05-31T11:55:25.984633442Z,2023-05-29T13:19:38.349764431Z,CREATE,file_event,NFCORE_SAREK:SAREK:BAM_VARIANT_CALLING_GERMLINE_ALL:BAM_VARIANT_CALLING_SINGLE_STRELKA:STRELKA_SINGLE (SRR11452394) (1636),NFCORE_SAREK:SAREK:BAM_VARIANT_CALLING_GERMLINE_ALL:BAM_VARIANT_CALLING_SINGLE_STRELKA:STRELKA_SINGLE (SRR11452394) (1636),/home/nilsd/nextflow/build/work/be/612e0552ceb4ba5f6804f1d15e13ec/strelka/workspace/pyflow.data/logs/tmp/taskWrapperLogs/000/064/pyflowTaskWrapper.signal.txt,2278029,1636
,,0,2023-05-24T11:55:25.984633442Z,2023-05-31T11:55:25.984633442Z,2023-05-29T13:19:38.373503042Z,CREATE,file_event,NFCORE_SAREK:SAREK:BAM_VARIANT_CALLING_GERMLINE_ALL:BAM_VARIANT_CALLING_SINGLE_STRELKA:STRELKA_SINGLE (SRR11452394) (1636),NFCORE_SAREK:SAREK:BAM_VARIANT_CALLING_GERMLINE_ALL:BAM_VARIANT_CALLING_SINGLE_STRELKA:STRELKA_SINGLE (SRR11452394) (1636),/home/nilsd/nextflow/build/work/be/612e0552ceb4ba5f6804f1d15e13ec/strelka/workspace/genomeSegment.tmpdir/segment.chromId_001_2_0020.variants.vcf.gz,2278029,1636
,,0,2023-05-24T11:55:25.984633442Z,2023-05-31T11:55:25.984633442Z,2023-05-29T13:19:38.37685505Z,CREATE,file_event,NFCORE_SAREK:SAREK:BAM_VARIANT_CALLING_GERMLINE_ALL:BAM_VARIANT_CALLING_SINGLE_STRELKA:STRELKA_SINGLE (SRR11452394) (1636),NFCORE_SAREK:SAREK:BAM_VARIANT_CALLING_GERMLINE_ALL:BAM_VARIANT_CALLING_SINGLE_STRELKA:STRELKA_SINGLE (SRR11452394) (1636),/home/nilsd/nextflow/build/work/be/612e0552ceb4ba5f6804f1d15e13ec/strelka/workspace/genomeSegment.tmpdir/segment.chromId_001_2_0020.genome.S1.vcf.gz,2278029,1636
,,0,2023-05-24T11:55:25.984633442Z,2023-05-31T11:55:25.984633442Z,2023-05-29T13:19:38.552488302Z,CREATE,file_event,NFCORE_SAREK:SAREK:BAM_VARIANT_CALLING_GERMLINE_ALL:BAM_VARIANT_CALLING_SINGLE_STRELKA:STRELKA_SINGLE (SRR11452394) (1636),NFCORE_SAREK:SAREK:BAM_VARIANT_CALLING_GERMLINE_ALL:BAM_VARIANT_CALLING_SINGLE_STRELKA:STRELKA_SINGLE (SRR11452394) (1636),/home/nilsd/nextflow/build/work/be/612e0552ceb4ba5f6804f1d15e13ec/strelka/workspace/pyflow.data/logs/tmp/taskWrapperLogs/000/066,2278029,1636
,,0,2023-05-24T11:55:25.984633442Z,2023-05-31T11:55:25.984633442Z,2023-05-29T13:19:38.555423117Z,CREATE,file_event,NFCORE_SAREK:SAREK:BAM_VARIANT_CALLING_GERMLINE_ALL:BAM_VARIANT_CALLING_SINGLE_STRELKA:STRELKA_SINGLE (SRR11452394) (1636),NFCORE_SAREK:SAREK:BAM_VARIANT_CALLING_GERMLINE_ALL:BAM_VARIANT_CALLING_SINGLE_STRELKA:STRELKA_SINGLE (SRR11452394) (1636),/home/nilsd/nextflow/build/work/be/612e0552ceb4ba5f6804f1d15e13ec/strelka/workspace/pyflow.data/logs/tmp/taskWrapperLogs/000/066/taskWrapperParameters.pickle,2278029,1636
,,0,2023-05-24T11:55:25.984633442Z,2023-05-31T11:55:25.984633442Z,2023-05-29T13:19:38.557820985Z,CREATE,file_event,NFCORE_SAREK:SAREK:BAM_VARIANT_CALLING_GERMLINE_ALL:BAM_VARIANT_CALLING_SINGLE_STRELKA:STRELKA_SINGLE (SRR11452394) (1636),NFCORE_SAREK:SAREK:BAM_VARIANT_CALLING_GERMLINE_ALL:BAM_VARIANT_CALLING_SINGLE_STRELKA:STRELKA_SINGLE (SRR11452394) (1636),/home/nilsd/nextflow/build/work/be/612e0552ceb4ba5f6804f1d15e13ec/strelka/workspace/pyflow.data/logs/tmp/taskWrapperLogs/000/066/taskWrapperParameters.pickle,2278029,1636
,,0,2023-05-24T11:55:25.984633442Z,2023-05-31T11:55:25.984633442Z,2023-05-29T13:19:38.559168239Z,CREATE,file_event,NFCORE_SAREK:SAREK:BAM_VARIANT_CALLING_GERMLINE_ALL:BAM_VARIANT_CALLING_SINGLE_STRELKA:STRELKA_SINGLE (SRR11452394) (1636),NFCORE_SAREK:SAREK:BAM_VARIANT_CALLING_GERMLINE_ALL:BAM_VARIANT_CALLING_SINGLE_STRELKA:STRELKA_SINGLE (SRR11452394) (1636),/home/nilsd/nextflow/build/work/be/612e0552ceb4ba5f6804f1d15e13ec/strelka/workspace/pyflow.data/logs/tmp/taskWrapperLogs/000/068,2278029,1636
,,0,2023-05-24T11:55:25.984633442Z,2023-05-31T11:55:25.984633442Z,2023-05-29T13:19:38.561004508Z,CREATE,file_event,NFCORE_SAREK:SAREK:BAM_VARIANT_CALLING_GERMLINE_ALL:BAM_VARIANT_CALLING_SINGLE_STRELKA:STRELKA_SINGLE (SRR11452394) (1636),NFCORE_SAREK:SAREK:BAM_VARIANT_CALLING_GERMLINE_ALL:BAM_VARIANT_CALLING_SINGLE_STRELKA:STRELKA_SINGLE (SRR11452394) (1636),/home/nilsd/nextflow/build/work/be/612e0552ceb4ba5f6804f1d15e13ec/strelka/workspace/pyflow.data/logs/tmp/taskWrapperLogs/000/068/taskWrapperParameters.pickle,2278029,1636
,,0,2023-05-24T11:55:25.984633442Z,2023-05-31T11:55:25.984633442Z,2023-05-29T13:19:38.563310183Z,CREATE,file_event,NFCORE_SAREK:SAREK:BAM_VARIANT_CALLING_GERMLINE_ALL:BAM_VARIANT_CALLING_SINGLE_STRELKA:STRELKA_SINGLE (SRR11452394) (1636),NFCORE_SAREK:SAREK:BAM_VARIANT_CALLING_GERMLINE_ALL:BAM_VARIANT_CALLING_SINGLE_STRELKA:STRELKA_SINGLE (SRR11452394) (1636),/home/nilsd/nextflow/build/work/be/612e0552ceb4ba5f6804f1d15e13ec/strelka/workspace/pyflow.data/logs/tmp/taskWrapperLogs/000/071,2278029,1636
,,0,2023-05-24T11:55:25.984633442Z,2023-05-31T11:55:25.984633442Z,2023-05-29T13:19:38.565623198Z,CREATE,file_event,NFCORE_SAREK:SAREK:BAM_VARIANT_CALLING_GERMLINE_ALL:BAM_VARIANT_CALLING_SINGLE_STRELKA:STRELKA_SINGLE (SRR11452394) (1636),NFCORE_SAREK:SAREK:BAM_VARIANT_CALLING_GERMLINE_ALL:BAM_VARIANT_CALLING_SINGLE_STRELKA:STRELKA_SINGLE (SRR11452394) (1636),/home/nilsd/nextflow/build/work/be/612e0552ceb4ba5f6804f1d15e13ec/strelka/workspace/pyflow.data/logs/tmp/taskWrapperLogs/000/071/taskWrapperParameters.pickle,2278029,1636
,,0,2023-05-24T11:55:25.984633442Z,2023-05-31T11:55:25.984633442Z,2023-05-29T13:19:38.568014815Z,CREATE,file_event,NFCORE_SAREK:SAREK:BAM_VARIANT_CALLING_GERMLINE_ALL:BAM_VARIANT_CALLING_SINGLE_STRELKA:STRELKA_SINGLE (SRR11452394) (1636),NFCORE_SAREK:SAREK:BAM_VARIANT_CALLING_GERMLINE_ALL:BAM_VARIANT_CALLING_SINGLE_STRELKA:STRELKA_SINGLE (SRR11452394) (1636),/home/nilsd/nextflow/build/work/be/612e0552ceb4ba5f6804f1d15e13ec/strelka/workspace/pyflow.data/logs/tmp/taskWrapperLogs/000/066/pyflowTaskWrapper.signal.txt,2278029,1636
,,0,2023-05-24T11:55:25.984633442Z,2023-05-31T11:55:25.984633442Z,2023-05-29T13:19:38.570571089Z,CREATE,file_event,NFCORE_SAREK:SAREK:BAM_VARIANT_CALLING_GERMLINE_ALL:BAM_VARIANT_CALLING_SINGLE_STRELKA:STRELKA_SINGLE (SRR11452394) (1636),NFCORE_SAREK:SAREK:BAM_VARIANT_CALLING_GERMLINE_ALL:BAM_VARIANT_CALLING_SINGLE_STRELKA:STRELKA_SINGLE (SRR11452394) (1636),/home/nilsd/nextflow/build/work/be/612e0552ceb4ba5f6804f1d15e13ec/strelka/workspace/pyflow.data/logs/tmp/taskWrapperLogs/000/068/pyflowTaskWrapper.signal.txt,2278029,1636
,,0,2023-05-24T11:55:25.984633442Z,2023-05-31T11:55:25.984633442Z,2023-05-29T13:19:38.573017438Z,CREATE,file_event,NFCORE_SAREK:SAREK:BAM_VARIANT_CALLING_GERMLINE_ALL:BAM_VARIANT_CALLING_SINGLE_STRELKA:STRELKA_SINGLE (SRR11452394) (1636),NFCORE_SAREK:SAREK:BAM_VARIANT_CALLING_GERMLINE_ALL:BAM_VARIANT_CALLING_SINGLE_STRELKA:STRELKA_SINGLE (SRR11452394) (1636),/home/nilsd/nextflow/build/work/be/612e0552ceb4ba5f6804f1d15e13ec/strelka/workspace/pyflow.data/logs/tmp/taskWrapperLogs/000/071/pyflowTaskWrapper.signal.txt,2278029,1636
,,0,2023-05-24T11:55:25.984633442Z,2023-05-31T11:55:25.984633442Z,2023-05-29T13:19:38.589049328Z,CREATE,file_event,NFCORE_SAREK:SAREK:BAM_VARIANT_CALLING_GERMLINE_ALL:BAM_VARIANT_CALLING_SINGLE_STRELKA:STRELKA_SINGLE (SRR11452394) (1636),NFCORE_SAREK:SAREK:BAM_VARIANT_CALLING_GERMLINE_ALL:BAM_VARIANT_CALLING_SINGLE_STRELKA:STRELKA_SINGLE (SRR11452394) (1636),/home/nilsd/nextflow/build/work/be/612e0552ceb4ba5f6804f1d15e13ec/strelka/results/variants/variants.vcf.gz,2278029,1636
,,0,2023-05-24T11:55:25.984633442Z,2023-05-31T11:55:25.984633442Z,2023-05-29T13:19:38.593475302Z,CREATE,file_event,NFCORE_SAREK:SAREK:BAM_VARIANT_CALLING_GERMLINE_ALL:BAM_VARIANT_CALLING_SINGLE_STRELKA:STRELKA_SINGLE (SRR11452394) (1636),NFCORE_SAREK:SAREK:BAM_VARIANT_CALLING_GERMLINE_ALL:BAM_VARIANT_CALLING_SINGLE_STRELKA:STRELKA_SINGLE (SRR11452394) (1636),/home/nilsd/nextflow/build/work/be/612e0552ceb4ba5f6804f1d15e13ec/strelka/results/stats/runStats.xml,2278029,1636
,,0,2023-05-24T11:55:25.984633442Z,2023-05-31T11:55:25.984633442Z,2023-05-29T13:19:38.596250222Z,CREATE,file_event,NFCORE_SAREK:SAREK:BAM_VARIANT_CALLING_GERMLINE_ALL:BAM_VARIANT_CALLING_SINGLE_STRELKA:STRELKA_SINGLE (SRR11452394) (1636),NFCORE_SAREK:SAREK:BAM_VARIANT_CALLING_GERMLINE_ALL:BAM_VARIANT_CALLING_SINGLE_STRELKA:STRELKA_SINGLE (SRR11452394) (1636),/home/nilsd/nextflow/build/work/be/612e0552ceb4ba5f6804f1d15e13ec/strelka/results/stats/runStats.tsv,2278029,1636
,,0,2023-05-24T11:55:25.984633442Z,2023-05-31T11:55:25.984633442Z,2023-05-29T13:19:38.599295931Z,CREATE,file_event,NFCORE_SAREK:SAREK:BAM_VARIANT_CALLING_GERMLINE_ALL:BAM_VARIANT_CALLING_SINGLE_STRELKA:STRELKA_SINGLE (SRR11452394) (1636),NFCORE_SAREK:SAREK:BAM_VARIANT_CALLING_GERMLINE_ALL:BAM_VARIANT_CALLING_SINGLE_STRELKA:STRELKA_SINGLE (SRR11452394) (1636),/home/nilsd/nextflow/build/work/be/612e0552ceb4ba5f6804f1d15e13ec/strelka/results/variants/genome.S1.vcf.gz,2278029,1636
,,0,2023-05-24T11:55:25.984633442Z,2023-05-31T11:55:25.984633442Z,2023-05-29T13:19:38.62020708Z,CREATE,file_event,NFCORE_SAREK:SAREK:BAM_VARIANT_CALLING_GERMLINE_ALL:BAM_VARIANT_CALLING_SINGLE_STRELKA:STRELKA_SINGLE (SRR11452394) (1636),NFCORE_SAREK:SAREK:BAM_VARIANT_CALLING_GERMLINE_ALL:BAM_VARIANT_CALLING_SINGLE_STRELKA:STRELKA_SINGLE (SRR11452394) (1636),/home/nilsd/nextflow/build/work/be/612e0552ceb4ba5f6804f1d15e13ec/strelka/workspace/pyflow.data/logs/tmp/taskWrapperLogs/000/067,2278029,1636
,,0,2023-05-24T11:55:25.984633442Z,2023-05-31T11:55:25.984633442Z,2023-05-29T13:19:38.623253348Z,CREATE,file_event,NFCORE_SAREK:SAREK:BAM_VARIANT_CALLING_GERMLINE_ALL:BAM_VARIANT_CALLING_SINGLE_STRELKA:STRELKA_SINGLE (SRR11452394) (1636),NFCORE_SAREK:SAREK:BAM_VARIANT_CALLING_GERMLINE_ALL:BAM_VARIANT_CALLING_SINGLE_STRELKA:STRELKA_SINGLE (SRR11452394) (1636),/home/nilsd/nextflow/build/work/be/612e0552ceb4ba5f6804f1d15e13ec/strelka/workspace/pyflow.data/logs/tmp/taskWrapperLogs/000/067/taskWrapperParameters.pickle,2278029,1636
,,0,2023-05-24T11:55:25.984633442Z,2023-05-31T11:55:25.984633442Z,2023-05-29T13:19:38.62576072Z,CREATE,file_event,NFCORE_SAREK:SAREK:BAM_VARIANT_CALLING_GERMLINE_ALL:BAM_VARIANT_CALLING_SINGLE_STRELKA:STRELKA_SINGLE (SRR11452394) (1636),NFCORE_SAREK:SAREK:BAM_VARIANT_CALLING_GERMLINE_ALL:BAM_VARIANT_CALLING_SINGLE_STRELKA:STRELKA_SINGLE (SRR11452394) (1636),/home/nilsd/nextflow/build/work/be/612e0552ceb4ba5f6804f1d15e13ec/strelka/workspace/pyflow.data/logs/tmp/taskWrapperLogs/000/069,2278029,1636
,,0,2023-05-24T11:55:25.984633442Z,2023-05-31T11:55:25.984633442Z,2023-05-29T13:19:38.62791813Z,CREATE,file_event,NFCORE_SAREK:SAREK:BAM_VARIANT_CALLING_GERMLINE_ALL:BAM_VARIANT_CALLING_SINGLE_STRELKA:STRELKA_SINGLE (SRR11452394) (1636),NFCORE_SAREK:SAREK:BAM_VARIANT_CALLING_GERMLINE_ALL:BAM_VARIANT_CALLING_SINGLE_STRELKA:STRELKA_SINGLE (SRR11452394) (1636),/home/nilsd/nextflow/build/work/be/612e0552ceb4ba5f6804f1d15e13ec/strelka/workspace/pyflow.data/logs/tmp/taskWrapperLogs/000/069/taskWrapperParameters.pickle,2278029,1636
,,0,2023-05-24T11:55:25.984633442Z,2023-05-31T11:55:25.984633442Z,2023-05-29T13:19:38.630024619Z,CREATE,file_event,NFCORE_SAREK:SAREK:BAM_VARIANT_CALLING_GERMLINE_ALL:BAM_VARIANT_CALLING_SINGLE_STRELKA:STRELKA_SINGLE (SRR11452394) (1636),NFCORE_SAREK:SAREK:BAM_VARIANT_CALLING_GERMLINE_ALL:BAM_VARIANT_CALLING_SINGLE_STRELKA:STRELKA_SINGLE (SRR11452394) (1636),/home/nilsd/nextflow/build/work/be/612e0552ceb4ba5f6804f1d15e13ec/strelka/workspace/pyflow.data/logs/tmp/taskWrapperLogs/000/069/taskWrapperParameters.pickle,2278029,1636
,,0,2023-05-24T11:55:25.984633442Z,2023-05-31T11:55:25.984633442Z,2023-05-29T13:19:38.631495396Z,CREATE,file_event,NFCORE_SAREK:SAREK:BAM_VARIANT_CALLING_GERMLINE_ALL:BAM_VARIANT_CALLING_SINGLE_STRELKA:STRELKA_SINGLE (SRR11452394) (1636),NFCORE_SAREK:SAREK:BAM_VARIANT_CALLING_GERMLINE_ALL:BAM_VARIANT_CALLING_SINGLE_STRELKA:STRELKA_SINGLE (SRR11452394) (1636),/home/nilsd/nextflow/build/work/be/612e0552ceb4ba5f6804f1d15e13ec/strelka/workspace/pyflow.data/logs/tmp/taskWrapperLogs/000/067/pyflowTaskWrapper.signal.txt,2278029,1636
,,0,2023-05-24T11:55:25.984633442Z,2023-05-31T11:55:25.984633442Z,2023-05-29T13:19:38.634648868Z,CREATE,file_event,NFCORE_SAREK:SAREK:BAM_VARIANT_CALLING_GERMLINE_ALL:BAM_VARIANT_CALLING_SINGLE_STRELKA:STRELKA_SINGLE (SRR11452394) (1636),NFCORE_SAREK:SAREK:BAM_VARIANT_CALLING_GERMLINE_ALL:BAM_VARIANT_CALLING_SINGLE_STRELKA:STRELKA_SINGLE (SRR11452394) (1636),/home/nilsd/nextflow/build/work/be/612e0552ceb4ba5f6804f1d15e13ec/strelka/workspace/pyflow.data/logs/tmp/taskWrapperLogs/000/069/pyflowTaskWrapper.signal.txt,2278029,1636
,,0,2023-05-24T11:55:25.984633442Z,2023-05-31T11:55:25.984633442Z,2023-05-29T13:19:38.668493717Z,CREATE,file_event,NFCORE_SAREK:SAREK:BAM_VARIANT_CALLING_GERMLINE_ALL:BAM_VARIANT_CALLING_SINGLE_STRELKA:STRELKA_SINGLE (SRR11452394) (1636),NFCORE_SAREK:SAREK:BAM_VARIANT_CALLING_GERMLINE_ALL:BAM_VARIANT_CALLING_SINGLE_STRELKA:STRELKA_SINGLE (SRR11452394) (1636),/home/nilsd/nextflow/build/work/be/612e0552ceb4ba5f6804f1d15e13ec/strelka/results/variants/variants.vcf.gz.tbi,2278029,1636
,,0,2023-05-24T11:55:25.984633442Z,2023-05-31T11:55:25.984633442Z,2023-05-29T13:19:38.774624832Z,CREATE,file_event,NFCORE_SAREK:SAREK:BAM_VARIANT_CALLING_GERMLINE_ALL:BAM_VARIANT_CALLING_SINGLE_STRELKA:STRELKA_SINGLE (SRR11452394) (1636),NFCORE_SAREK:SAREK:BAM_VARIANT_CALLING_GERMLINE_ALL:BAM_VARIANT_CALLING_SINGLE_STRELKA:STRELKA_SINGLE (SRR11452394) (1636),/home/nilsd/nextflow/build/work/be/612e0552ceb4ba5f6804f1d15e13ec/strelka/results/variants/genome.S1.vcf.gz.tbi,2278029,1636
,,0,2023-05-24T11:55:25.984633442Z,2023-05-31T11:55:25.984633442Z,2023-05-29T13:19:38.800037227Z,CREATE,file_event,NFCORE_SAREK:SAREK:BAM_VARIANT_CALLING_GERMLINE_ALL:BAM_VARIANT_CALLING_SINGLE_STRELKA:STRELKA_SINGLE (SRR11452394) (1636),NFCORE_SAREK:SAREK:BAM_VARIANT_CALLING_GERMLINE_ALL:BAM_VARIANT_CALLING_SINGLE_STRELKA:STRELKA_SINGLE (SRR11452394) (1636),/home/nilsd/nextflow/build/work/be/612e0552ceb4ba5f6804f1d15e13ec/strelka/workspace/pyflow.data/logs/tmp/taskWrapperLogs/000/070,2278029,1636
,,0,2023-05-24T11:55:25.984633442Z,2023-05-31T11:55:25.984633442Z,2023-05-29T13:19:38.803472528Z,CREATE,file_event,NFCORE_SAREK:SAREK:BAM_VARIANT_CALLING_GERMLINE_ALL:BAM_VARIANT_CALLING_SINGLE_STRELKA:STRELKA_SINGLE (SRR11452394) (1636),NFCORE_SAREK:SAREK:BAM_VARIANT_CALLING_GERMLINE_ALL:BAM_VARIANT_CALLING_SINGLE_STRELKA:STRELKA_SINGLE (SRR11452394) (1636),/home/nilsd/nextflow/build/work/be/612e0552ceb4ba5f6804f1d15e13ec/strelka/workspace/pyflow.data/logs/tmp/taskWrapperLogs/000/070/taskWrapperParameters.pickle,2278029,1636
,,0,2023-05-24T11:55:25.984633442Z,2023-05-31T11:55:25.984633442Z,2023-05-29T13:19:38.806246319Z,CREATE,file_event,NFCORE_SAREK:SAREK:BAM_VARIANT_CALLING_GERMLINE_ALL:BAM_VARIANT_CALLING_SINGLE_STRELKA:STRELKA_SINGLE (SRR11452394) (1636),NFCORE_SAREK:SAREK:BAM_VARIANT_CALLING_GERMLINE_ALL:BAM_VARIANT_CALLING_SINGLE_STRELKA:STRELKA_SINGLE (SRR11452394) (1636),/home/nilsd/nextflow/build/work/be/612e0552ceb4ba5f6804f1d15e13ec/strelka/workspace/pyflow.data/logs/tmp/taskWrapperLogs/000/070/taskWrapperParameters.pickle,2278029,1636
,,0,2023-05-24T11:55:25.984633442Z,2023-05-31T11:55:25.984633442Z,2023-05-29T13:19:38.808213763Z,CREATE,file_event,NFCORE_SAREK:SAREK:BAM_VARIANT_CALLING_GERMLINE_ALL:BAM_VARIANT_CALLING_SINGLE_STRELKA:STRELKA_SINGLE (SRR11452394) (1636),NFCORE_SAREK:SAREK:BAM_VARIANT_CALLING_GERMLINE_ALL:BAM_VARIANT_CALLING_SINGLE_STRELKA:STRELKA_SINGLE (SRR11452394) (1636),/home/nilsd/nextflow/build/work/be/612e0552ceb4ba5f6804f1d15e13ec/strelka/workspace/pyflow.data/logs/tmp/taskWrapperLogs/000/072,2278029,1636
,,0,2023-05-24T11:55:25.984633442Z,2023-05-31T11:55:25.984633442Z,2023-05-29T13:19:38.811410406Z,CREATE,file_event,NFCORE_SAREK:SAREK:BAM_VARIANT_CALLING_GERMLINE_ALL:BAM_VARIANT_CALLING_SINGLE_STRELKA:STRELKA_SINGLE (SRR11452394) (1636),NFCORE_SAREK:SAREK:BAM_VARIANT_CALLING_GERMLINE_ALL:BAM_VARIANT_CALLING_SINGLE_STRELKA:STRELKA_SINGLE (SRR11452394) (1636),/home/nilsd/nextflow/build/work/be/612e0552ceb4ba5f6804f1d15e13ec/strelka/workspace/pyflow.data/logs/tmp/taskWrapperLogs/000/072/taskWrapperParameters.pickle,2278029,1636
,,0,2023-05-24T11:55:25.984633442Z,2023-05-31T11:55:25.984633442Z,2023-05-29T13:19:38.814152335Z,CREATE,file_event,NFCORE_SAREK:SAREK:BAM_VARIANT_CALLING_GERMLINE_ALL:BAM_VARIANT_CALLING_SINGLE_STRELKA:STRELKA_SINGLE (SRR11452394) (1636),NFCORE_SAREK:SAREK:BAM_VARIANT_CALLING_GERMLINE_ALL:BAM_VARIANT_CALLING_SINGLE_STRELKA:STRELKA_SINGLE (SRR11452394) (1636),/home/nilsd/nextflow/build/work/be/612e0552ceb4ba5f6804f1d15e13ec/strelka/workspace/pyflow.data/logs/tmp/taskWrapperLogs/000/070/pyflowTaskWrapper.signal.txt,2278029,1636
,,0,2023-05-24T11:55:25.984633442Z,2023-05-31T11:55:25.984633442Z,2023-05-29T13:19:38.817009598Z,CREATE,file_event,NFCORE_SAREK:SAREK:BAM_VARIANT_CALLING_GERMLINE_ALL:BAM_VARIANT_CALLING_SINGLE_STRELKA:STRELKA_SINGLE (SRR11452394) (1636),NFCORE_SAREK:SAREK:BAM_VARIANT_CALLING_GERMLINE_ALL:BAM_VARIANT_CALLING_SINGLE_STRELKA:STRELKA_SINGLE (SRR11452394) (1636),/home/nilsd/nextflow/build/work/be/612e0552ceb4ba5f6804f1d15e13ec/strelka/workspace/pyflow.data/logs/tmp/taskWrapperLogs/000/072/pyflowTaskWrapper.signal.txt,2278029,1636
,,0,2023-05-24T11:55:25.984633442Z,2023-05-31T11:55:25.984633442Z,2023-05-29T13:19:38.836688797Z,CREATE,file_event,NFCORE_SAREK:SAREK:BAM_VARIANT_CALLING_GERMLINE_ALL:BAM_VARIANT_CALLING_SINGLE_STRELKA:STRELKA_SINGLE (SRR11452394) (1636),NFCORE_SAREK:SAREK:BAM_VARIANT_CALLING_GERMLINE_ALL:BAM_VARIANT_CALLING_SINGLE_STRELKA:STRELKA_SINGLE (SRR11452394) (1636),/home/nilsd/nextflow/build/work/be/612e0552ceb4ba5f6804f1d15e13ec/strelka/results/variants/genome.vcf.gz,2278029,1636
,,0,2023-05-24T11:55:25.984633442Z,2023-05-31T11:55:25.984633442Z,2023-05-29T13:19:38.840302534Z,CREATE,file_event,NFCORE_SAREK:SAREK:BAM_VARIANT_CALLING_GERMLINE_ALL:BAM_VARIANT_CALLING_SINGLE_STRELKA:STRELKA_SINGLE (SRR11452394) (1636),NFCORE_SAREK:SAREK:BAM_VARIANT_CALLING_GERMLINE_ALL:BAM_VARIANT_CALLING_SINGLE_STRELKA:STRELKA_SINGLE (SRR11452394) (1636),/home/nilsd/nextflow/build/work/be/612e0552ceb4ba5f6804f1d15e13ec/strelka/results/variants/genome.vcf.gz.tbi,2278029,1636
,,0,2023-05-24T11:55:25.984633442Z,2023-05-31T11:55:25.984633442Z,2023-05-29T13:19:38.843331292Z,DELETE,file_event,NFCORE_SAREK:SAREK:BAM_VARIANT_CALLING_GERMLINE_ALL:BAM_VARIANT_CALLING_SINGLE_STRELKA:STRELKA_SINGLE (SRR11452394) (1636),NFCORE_SAREK:SAREK:BAM_VARIANT_CALLING_GERMLINE_ALL:BAM_VARIANT_CALLING_SINGLE_STRELKA:STRELKA_SINGLE (SRR11452394) (1636),/home/nilsd/nextflow/build/work/be/612e0552ceb4ba5f6804f1d15e13ec/strelka/workspace/genomeSegment.tmpdir/segment.chromId_001_2_0011.genome.S1.vcf.gz,2278029,1636
,,0,2023-05-24T11:55:25.984633442Z,2023-05-31T11:55:25.984633442Z,2023-05-29T13:19:38.846582498Z,DELETE,file_event,NFCORE_SAREK:SAREK:BAM_VARIANT_CALLING_GERMLINE_ALL:BAM_VARIANT_CALLING_SINGLE_STRELKA:STRELKA_SINGLE (SRR11452394) (1636),NFCORE_SAREK:SAREK:BAM_VARIANT_CALLING_GERMLINE_ALL:BAM_VARIANT_CALLING_SINGLE_STRELKA:STRELKA_SINGLE (SRR11452394) (1636),/home/nilsd/nextflow/build/work/be/612e0552ceb4ba5f6804f1d15e13ec/strelka/workspace/genomeSegment.tmpdir/segment.chromId_001_2_0017.variants.vcf,2278029,1636
,,0,2023-05-24T11:55:25.984633442Z,2023-05-31T11:55:25.984633442Z,2023-05-29T13:19:38.848848301Z,DELETE,file_event,NFCORE_SAREK:SAREK:BAM_VARIANT_CALLING_GERMLINE_ALL:BAM_VARIANT_CALLING_SINGLE_STRELKA:STRELKA_SINGLE (SRR11452394) (1636),NFCORE_SAREK:SAREK:BAM_VARIANT_CALLING_GERMLINE_ALL:BAM_VARIANT_CALLING_SINGLE_STRELKA:STRELKA_SINGLE (SRR11452394) (1636),/home/nilsd/nextflow/build/work/be/612e0552ceb4ba5f6804f1d15e13ec/strelka/workspace/genomeSegment.tmpdir/runStats.chromId_001_2_0014.xml,2278029,1636
,,0,2023-05-24T11:55:25.984633442Z,2023-05-31T11:55:25.984633442Z,2023-05-29T13:19:38.85033796Z,DELETE,file_event,NFCORE_SAREK:SAREK:BAM_VARIANT_CALLING_GERMLINE_ALL:BAM_VARIANT_CALLING_SINGLE_STRELKA:STRELKA_SINGLE (SRR11452394) (1636),NFCORE_SAREK:SAREK:BAM_VARIANT_CALLING_GERMLINE_ALL:BAM_VARIANT_CALLING_SINGLE_STRELKA:STRELKA_SINGLE (SRR11452394) (1636),/home/nilsd/nextflow/build/work/be/612e0552ceb4ba5f6804f1d15e13ec/strelka/workspace/genomeSegment.tmpdir/segment.chromId_001_2_0005.variants.vcf.gz,2278029,1636
,,0,2023-05-24T11:55:25.984633442Z,2023-05-31T11:55:25.984633442Z,2023-05-29T13:19:38.851712255Z,DELETE,file_event,NFCORE_SAREK:SAREK:BAM_VARIANT_CALLING_GERMLINE_ALL:BAM_VARIANT_CALLING_SINGLE_STRELKA:STRELKA_SINGLE (SRR11452394) (1636),NFCORE_SAREK:SAREK:BAM_VARIANT_CALLING_GERMLINE_ALL:BAM_VARIANT_CALLING_SINGLE_STRELKA:STRELKA_SINGLE (SRR11452394) (1636),/home/nilsd/nextflow/build/work/be/612e0552ceb4ba5f6804f1d15e13ec/strelka/workspace/genomeSegment.tmpdir/segment.chromId_001_2_0006.genome.S1.vcf.gz,2278029,1636
,,0,2023-05-24T11:55:25.984633442Z,2023-05-31T11:55:25.984633442Z,2023-05-29T13:19:38.853148181Z,DELETE,file_event,NFCORE_SAREK:SAREK:BAM_VARIANT_CALLING_GERMLINE_ALL:BAM_VARIANT_CALLING_SINGLE_STRELKA:STRELKA_SINGLE (SRR11452394) (1636),NFCORE_SAREK:SAREK:BAM_VARIANT_CALLING_GERMLINE_ALL:BAM_VARIANT_CALLING_SINGLE_STRELKA:STRELKA_SINGLE (SRR11452394) (1636),/home/nilsd/nextflow/build/work/be/612e0552ceb4ba5f6804f1d15e13ec/strelka/workspace/genomeSegment.tmpdir/segment.chromId_001_2_0008.variants.vcf,2278029,1636
,,0,2023-05-24T11:55:25.984633442Z,2023-05-31T11:55:25.984633442Z,2023-05-29T13:19:38.854898688Z,DELETE,file_event,NFCORE_SAREK:SAREK:BAM_VARIANT_CALLING_GERMLINE_ALL:BAM_VARIANT_CALLING_SINGLE_STRELKA:STRELKA_SINGLE (SRR11452394) (1636),NFCORE_SAREK:SAREK:BAM_VARIANT_CALLING_GERMLINE_ALL:BAM_VARIANT_CALLING_SINGLE_STRELKA:STRELKA_SINGLE (SRR11452394) (1636),/home/nilsd/nextflow/build/work/be/612e0552ceb4ba5f6804f1d15e13ec/strelka/workspace/genomeSegment.tmpdir/segment.chromId_001_2_0020.genome.S1.vcf,2278029,1636
,,0,2023-05-24T11:55:25.984633442Z,2023-05-31T11:55:25.984633442Z,2023-05-29T13:19:38.856389006Z,DELETE,file_event,NFCORE_SAREK:SAREK:BAM_VARIANT_CALLING_GERMLINE_ALL:BAM_VARIANT_CALLING_SINGLE_STRELKA:STRELKA_SINGLE (SRR11452394) (1636),NFCORE_SAREK:SAREK:BAM_VARIANT_CALLING_GERMLINE_ALL:BAM_VARIANT_CALLING_SINGLE_STRELKA:STRELKA_SINGLE (SRR11452394) (1636),/home/nilsd/nextflow/build/work/be/612e0552ceb4ba5f6804f1d15e13ec/strelka/workspace/genomeSegment.tmpdir/segment.chromId_001_2_0001.variants.vcf,2278029,1636
,,0,2023-05-24T11:55:25.984633442Z,2023-05-31T11:55:25.984633442Z,2023-05-29T13:19:38.857960707Z,DELETE,file_event,NFCORE_SAREK:SAREK:BAM_VARIANT_CALLING_GERMLINE_ALL:BAM_VARIANT_CALLING_SINGLE_STRELKA:STRELKA_SINGLE (SRR11452394) (1636),NFCORE_SAREK:SAREK:BAM_VARIANT_CALLING_GERMLINE_ALL:BAM_VARIANT_CALLING_SINGLE_STRELKA:STRELKA_SINGLE (SRR11452394) (1636),/home/nilsd/nextflow/build/work/be/612e0552ceb4ba5f6804f1d15e13ec/strelka/workspace/genomeSegment.tmpdir/runStats.chromId_001_2_0007.xml,2278029,1636
,,0,2023-05-24T11:55:25.984633442Z,2023-05-31T11:55:25.984633442Z,2023-05-29T13:19:38.85959102Z,DELETE,file_event,NFCORE_SAREK:SAREK:BAM_VARIANT_CALLING_GERMLINE_ALL:BAM_VARIANT_CALLING_SINGLE_STRELKA:STRELKA_SINGLE (SRR11452394) (1636),NFCORE_SAREK:SAREK:BAM_VARIANT_CALLING_GERMLINE_ALL:BAM_VARIANT_CALLING_SINGLE_STRELKA:STRELKA_SINGLE (SRR11452394) (1636),/home/nilsd/nextflow/build/work/be/612e0552ceb4ba5f6804f1d15e13ec/strelka/workspace/genomeSegment.tmpdir/segment.chromId_001_2_0014.variants.vcf,2278029,1636
,,0,2023-05-24T11:55:25.984633442Z,2023-05-31T11:55:25.984633442Z,2023-05-29T13:19:38.861240674Z,DELETE,file_event,NFCORE_SAREK:SAREK:BAM_VARIANT_CALLING_GERMLINE_ALL:BAM_VARIANT_CALLING_SINGLE_STRELKA:STRELKA_SINGLE (SRR11452394) (1636),NFCORE_SAREK:SAREK:BAM_VARIANT_CALLING_GERMLINE_ALL:BAM_VARIANT_CALLING_SINGLE_STRELKA:STRELKA_SINGLE (SRR11452394) (1636),/home/nilsd/nextflow/build/work/be/612e0552ceb4ba5f6804f1d15e13ec/strelka/workspace/genomeSegment.tmpdir/segment.chromId_001_2_0003.genome.S1.vcf,2278029,1636
,,0,2023-05-24T11:55:25.984633442Z,2023-05-31T11:55:25.984633442Z,2023-05-29T13:19:38.862952239Z,DELETE,file_event,NFCORE_SAREK:SAREK:BAM_VARIANT_CALLING_GERMLINE_ALL:BAM_VARIANT_CALLING_SINGLE_STRELKA:STRELKA_SINGLE (SRR11452394) (1636),NFCORE_SAREK:SAREK:BAM_VARIANT_CALLING_GERMLINE_ALL:BAM_VARIANT_CALLING_SINGLE_STRELKA:STRELKA_SINGLE (SRR11452394) (1636),/home/nilsd/nextflow/build/work/be/612e0552ceb4ba5f6804f1d15e13ec/strelka/workspace/genomeSegment.tmpdir/segment.chromId_001_2_0007.genome.S1.vcf,2278029,1636
,,0,2023-05-24T11:55:25.984633442Z,2023-05-31T11:55:25.984633442Z,2023-05-29T13:19:38.864785179Z,DELETE,file_event,NFCORE_SAREK:SAREK:BAM_VARIANT_CALLING_GERMLINE_ALL:BAM_VARIANT_CALLING_SINGLE_STRELKA:STRELKA_SINGLE (SRR11452394) (1636),NFCORE_SAREK:SAREK:BAM_VARIANT_CALLING_GERMLINE_ALL:BAM_VARIANT_CALLING_SINGLE_STRELKA:STRELKA_SINGLE (SRR11452394) (1636),/home/nilsd/nextflow/build/work/be/612e0552ceb4ba5f6804f1d15e13ec/strelka/workspace/genomeSegment.tmpdir/segment.chromId_001_2_0002.genome.S1.vcf,2278029,1636
,,0,2023-05-24T11:55:25.984633442Z,2023-05-31T11:55:25.984633442Z,2023-05-29T13:19:38.866392911Z,DELETE,file_event,NFCORE_SAREK:SAREK:BAM_VARIANT_CALLING_GERMLINE_ALL:BAM_VARIANT_CALLING_SINGLE_STRELKA:STRELKA_SINGLE (SRR11452394) (1636),NFCORE_SAREK:SAREK:BAM_VARIANT_CALLING_GERMLINE_ALL:BAM_VARIANT_CALLING_SINGLE_STRELKA:STRELKA_SINGLE (SRR11452394) (1636),/home/nilsd/nextflow/build/work/be/612e0552ceb4ba5f6804f1d15e13ec/strelka/workspace/genomeSegment.tmpdir/segment.chromId_001_2_0010.variants.vcf,2278029,1636
,,0,2023-05-24T11:55:25.984633442Z,2023-05-31T11:55:25.984633442Z,2023-05-29T13:19:38.86791023Z,DELETE,file_event,NFCORE_SAREK:SAREK:BAM_VARIANT_CALLING_GERMLINE_ALL:BAM_VARIANT_CALLING_SINGLE_STRELKA:STRELKA_SINGLE (SRR11452394) (1636),NFCORE_SAREK:SAREK:BAM_VARIANT_CALLING_GERMLINE_ALL:BAM_VARIANT_CALLING_SINGLE_STRELKA:STRELKA_SINGLE (SRR11452394) (1636),/home/nilsd/nextflow/build/work/be/612e0552ceb4ba5f6804f1d15e13ec/strelka/workspace/genomeSegment.tmpdir/segment.chromId_001_2_0016.variants.vcf.gz,2278029,1636
,,0,2023-05-24T11:55:25.984633442Z,2023-05-31T11:55:25.984633442Z,2023-05-29T13:19:38.869467671Z,DELETE,file_event,NFCORE_SAREK:SAREK:BAM_VARIANT_CALLING_GERMLINE_ALL:BAM_VARIANT_CALLING_SINGLE_STRELKA:STRELKA_SINGLE (SRR11452394) (1636),NFCORE_SAREK:SAREK:BAM_VARIANT_CALLING_GERMLINE_ALL:BAM_VARIANT_CALLING_SINGLE_STRELKA:STRELKA_SINGLE (SRR11452394) (1636),/home/nilsd/nextflow/build/work/be/612e0552ceb4ba5f6804f1d15e13ec/strelka/workspace/genomeSegment.tmpdir/segment.chromId_001_2_0010.variants.vcf.gz,2278029,1636
,,0,2023-05-24T11:55:25.984633442Z,2023-05-31T11:55:25.984633442Z,2023-05-29T13:19:38.87097589Z,DELETE,file_event,NFCORE_SAREK:SAREK:BAM_VARIANT_CALLING_GERMLINE_ALL:BAM_VARIANT_CALLING_SINGLE_STRELKA:STRELKA_SINGLE (SRR11452394) (1636),NFCORE_SAREK:SAREK:BAM_VARIANT_CALLING_GERMLINE_ALL:BAM_VARIANT_CALLING_SINGLE_STRELKA:STRELKA_SINGLE (SRR11452394) (1636),/home/nilsd/nextflow/build/work/be/612e0552ceb4ba5f6804f1d15e13ec/strelka/workspace/genomeSegment.tmpdir/runStats.chromId_001_2_0017.xml,2278029,1636
,,0,2023-05-24T11:55:25.984633442Z,2023-05-31T11:55:25.984633442Z,2023-05-29T13:19:38.872396676Z,DELETE,file_event,NFCORE_SAREK:SAREK:BAM_VARIANT_CALLING_GERMLINE_ALL:BAM_VARIANT_CALLING_SINGLE_STRELKA:STRELKA_SINGLE (SRR11452394) (1636),NFCORE_SAREK:SAREK:BAM_VARIANT_CALLING_GERMLINE_ALL:BAM_VARIANT_CALLING_SINGLE_STRELKA:STRELKA_SINGLE (SRR11452394) (1636),/home/nilsd/nextflow/build/work/be/612e0552ceb4ba5f6804f1d15e13ec/strelka/workspace/genomeSegment.tmpdir/segment.chromId_001_2_0004.genome.S1.vcf,2278029,1636
,,0,2023-05-24T11:55:25.984633442Z,2023-05-31T11:55:25.984633442Z,2023-05-29T13:19:38.873735109Z,DELETE,file_event,NFCORE_SAREK:SAREK:BAM_VARIANT_CALLING_GERMLINE_ALL:BAM_VARIANT_CALLING_SINGLE_STRELKA:STRELKA_SINGLE (SRR11452394) (1636),NFCORE_SAREK:SAREK:BAM_VARIANT_CALLING_GERMLINE_ALL:BAM_VARIANT_CALLING_SINGLE_STRELKA:STRELKA_SINGLE (SRR11452394) (1636),/home/nilsd/nextflow/build/work/be/612e0552ceb4ba5f6804f1d15e13ec/strelka/workspace/genomeSegment.tmpdir/segment.chromId_001_2_0009.variants.vcf,2278029,1636
,,0,2023-05-24T11:55:25.984633442Z,2023-05-31T11:55:25.984633442Z,2023-05-29T13:19:38.875182626Z,DELETE,file_event,NFCORE_SAREK:SAREK:BAM_VARIANT_CALLING_GERMLINE_ALL:BAM_VARIANT_CALLING_SINGLE_STRELKA:STRELKA_SINGLE (SRR11452394) (1636),NFCORE_SAREK:SAREK:BAM_VARIANT_CALLING_GERMLINE_ALL:BAM_VARIANT_CALLING_SINGLE_STRELKA:STRELKA_SINGLE (SRR11452394) (1636),/home/nilsd/nextflow/build/work/be/612e0552ceb4ba5f6804f1d15e13ec/strelka/workspace/genomeSegment.tmpdir/segment.chromId_001_2_0020.variants.vcf,2278029,1636
,,0,2023-05-24T11:55:25.984633442Z,2023-05-31T11:55:25.984633442Z,2023-05-29T13:19:38.876793139Z,DELETE,file_event,NFCORE_SAREK:SAREK:BAM_VARIANT_CALLING_GERMLINE_ALL:BAM_VARIANT_CALLING_SINGLE_STRELKA:STRELKA_SINGLE (SRR11452394) (1636),NFCORE_SAREK:SAREK:BAM_VARIANT_CALLING_GERMLINE_ALL:BAM_VARIANT_CALLING_SINGLE_STRELKA:STRELKA_SINGLE (SRR11452394) (1636),/home/nilsd/nextflow/build/work/be/612e0552ceb4ba5f6804f1d15e13ec/strelka/workspace/genomeSegment.tmpdir/segment.chromId_001_2_0019.variants.vcf.gz,2278029,1636
,,0,2023-05-24T11:55:25.984633442Z,2023-05-31T11:55:25.984633442Z,2023-05-29T13:19:38.878303958Z,DELETE,file_event,NFCORE_SAREK:SAREK:BAM_VARIANT_CALLING_GERMLINE_ALL:BAM_VARIANT_CALLING_SINGLE_STRELKA:STRELKA_SINGLE (SRR11452394) (1636),NFCORE_SAREK:SAREK:BAM_VARIANT_CALLING_GERMLINE_ALL:BAM_VARIANT_CALLING_SINGLE_STRELKA:STRELKA_SINGLE (SRR11452394) (1636),/home/nilsd/nextflow/build/work/be/612e0552ceb4ba5f6804f1d15e13ec/strelka/workspace/genomeSegment.tmpdir/segment.chromId_001_2_0008.genome.S1.vcf,2278029,1636
,,0,2023-05-24T11:55:25.984633442Z,2023-05-31T11:55:25.984633442Z,2023-05-29T13:19:38.879775825Z,DELETE,file_event,NFCORE_SAREK:SAREK:BAM_VARIANT_CALLING_GERMLINE_ALL:BAM_VARIANT_CALLING_SINGLE_STRELKA:STRELKA_SINGLE (SRR11452394) (1636),NFCORE_SAREK:SAREK:BAM_VARIANT_CALLING_GERMLINE_ALL:BAM_VARIANT_CALLING_SINGLE_STRELKA:STRELKA_SINGLE (SRR11452394) (1636),/home/nilsd/nextflow/build/work/be/612e0552ceb4ba5f6804f1d15e13ec/strelka/workspace/genomeSegment.tmpdir/runStats.chromId_001_2_0009.xml,2278029,1636
,,0,2023-05-24T11:55:25.984633442Z,2023-05-31T11:55:25.984633442Z,2023-05-29T13:19:38.881421949Z,DELETE,file_event,NFCORE_SAREK:SAREK:BAM_VARIANT_CALLING_GERMLINE_ALL:BAM_VARIANT_CALLING_SINGLE_STRELKA:STRELKA_SINGLE (SRR11452394) (1636),NFCORE_SAREK:SAREK:BAM_VARIANT_CALLING_GERMLINE_ALL:BAM_VARIANT_CALLING_SINGLE_STRELKA:STRELKA_SINGLE (SRR11452394) (1636),/home/nilsd/nextflow/build/work/be/612e0552ceb4ba5f6804f1d15e13ec/strelka/workspace/genomeSegment.tmpdir/segment.chromId_001_2_0013.genome.S1.vcf,2278029,1636
,,0,2023-05-24T11:55:25.984633442Z,2023-05-31T11:55:25.984633442Z,2023-05-29T13:19:38.883033851Z,DELETE,file_event,NFCORE_SAREK:SAREK:BAM_VARIANT_CALLING_GERMLINE_ALL:BAM_VARIANT_CALLING_SINGLE_STRELKA:STRELKA_SINGLE (SRR11452394) (1636),NFCORE_SAREK:SAREK:BAM_VARIANT_CALLING_GERMLINE_ALL:BAM_VARIANT_CALLING_SINGLE_STRELKA:STRELKA_SINGLE (SRR11452394) (1636),/home/nilsd/nextflow/build/work/be/612e0552ceb4ba5f6804f1d15e13ec/strelka/workspace/genomeSegment.tmpdir/segment.chromId_001_2_0013.genome.S1.vcf.gz,2278029,1636
,,0,2023-05-24T11:55:25.984633442Z,2023-05-31T11:55:25.984633442Z,2023-05-29T13:19:38.884617213Z,DELETE,file_event,NFCORE_SAREK:SAREK:BAM_VARIANT_CALLING_GERMLINE_ALL:BAM_VARIANT_CALLING_SINGLE_STRELKA:STRELKA_SINGLE (SRR11452394) (1636),NFCORE_SAREK:SAREK:BAM_VARIANT_CALLING_GERMLINE_ALL:BAM_VARIANT_CALLING_SINGLE_STRELKA:STRELKA_SINGLE (SRR11452394) (1636),/home/nilsd/nextflow/build/work/be/612e0552ceb4ba5f6804f1d15e13ec/strelka/workspace/genomeSegment.tmpdir/segment.chromId_001_2_0006.variants.vcf.gz,2278029,1636
,,0,2023-05-24T11:55:25.984633442Z,2023-05-31T11:55:25.984633442Z,2023-05-29T13:19:38.886199124Z,DELETE,file_event,NFCORE_SAREK:SAREK:BAM_VARIANT_CALLING_GERMLINE_ALL:BAM_VARIANT_CALLING_SINGLE_STRELKA:STRELKA_SINGLE (SRR11452394) (1636),NFCORE_SAREK:SAREK:BAM_VARIANT_CALLING_GERMLINE_ALL:BAM_VARIANT_CALLING_SINGLE_STRELKA:STRELKA_SINGLE (SRR11452394) (1636),/home/nilsd/nextflow/build/work/be/612e0552ceb4ba5f6804f1d15e13ec/strelka/workspace/genomeSegment.tmpdir/segment.chromId_001_2_0002.variants.vcf,2278029,1636
,,0,2023-05-24T11:55:25.984633442Z,2023-05-31T11:55:25.984633442Z,2023-05-29T13:19:38.887803976Z,DELETE,file_event,NFCORE_SAREK:SAREK:BAM_VARIANT_CALLING_GERMLINE_ALL:BAM_VARIANT_CALLING_SINGLE_STRELKA:STRELKA_SINGLE (SRR11452394) (1636),NFCORE_SAREK:SAREK:BAM_VARIANT_CALLING_GERMLINE_ALL:BAM_VARIANT_CALLING_SINGLE_STRELKA:STRELKA_SINGLE (SRR11452394) (1636),/home/nilsd/nextflow/build/work/be/612e0552ceb4ba5f6804f1d15e13ec/strelka/workspace/genomeSegment.tmpdir/runStats.chromId_001_2_0013.xml,2278029,1636
,,0,2023-05-24T11:55:25.984633442Z,2023-05-31T11:55:25.984633442Z,2023-05-29T13:19:38.889492301Z,DELETE,file_event,NFCORE_SAREK:SAREK:BAM_VARIANT_CALLING_GERMLINE_ALL:BAM_VARIANT_CALLING_SINGLE_STRELKA:STRELKA_SINGLE (SRR11452394) (1636),NFCORE_SAREK:SAREK:BAM_VARIANT_CALLING_GERMLINE_ALL:BAM_VARIANT_CALLING_SINGLE_STRELKA:STRELKA_SINGLE (SRR11452394) (1636),/home/nilsd/nextflow/build/work/be/612e0552ceb4ba5f6804f1d15e13ec/strelka/workspace/genomeSegment.tmpdir/segment.chromId_001_2_0002.genome.S1.vcf.gz,2278029,1636
,,0,2023-05-24T11:55:25.984633442Z,2023-05-31T11:55:25.984633442Z,2023-05-29T13:19:38.891161645Z,DELETE,file_event,NFCORE_SAREK:SAREK:BAM_VARIANT_CALLING_GERMLINE_ALL:BAM_VARIANT_CALLING_SINGLE_STRELKA:STRELKA_SINGLE (SRR11452394) (1636),NFCORE_SAREK:SAREK:BAM_VARIANT_CALLING_GERMLINE_ALL:BAM_VARIANT_CALLING_SINGLE_STRELKA:STRELKA_SINGLE (SRR11452394) (1636),/home/nilsd/nextflow/build/work/be/612e0552ceb4ba5f6804f1d15e13ec/strelka/workspace/genomeSegment.tmpdir/segment.chromId_001_2_0014.genome.S1.vcf,2278029,1636
,,0,2023-05-24T11:55:25.984633442Z,2023-05-31T11:55:25.984633442Z,2023-05-29T13:19:38.892969103Z,DELETE,file_event,NFCORE_SAREK:SAREK:BAM_VARIANT_CALLING_GERMLINE_ALL:BAM_VARIANT_CALLING_SINGLE_STRELKA:STRELKA_SINGLE (SRR11452394) (1636),NFCORE_SAREK:SAREK:BAM_VARIANT_CALLING_GERMLINE_ALL:BAM_VARIANT_CALLING_SINGLE_STRELKA:STRELKA_SINGLE (SRR11452394) (1636),/home/nilsd/nextflow/build/work/be/612e0552ceb4ba5f6804f1d15e13ec/strelka/workspace/genomeSegment.tmpdir/runStats.chromId_001_2_0012.xml,2278029,1636
,,0,2023-05-24T11:55:25.984633442Z,2023-05-31T11:55:25.984633442Z,2023-05-29T13:19:38.894741951Z,DELETE,file_event,NFCORE_SAREK:SAREK:BAM_VARIANT_CALLING_GERMLINE_ALL:BAM_VARIANT_CALLING_SINGLE_STRELKA:STRELKA_SINGLE (SRR11452394) (1636),NFCORE_SAREK:SAREK:BAM_VARIANT_CALLING_GERMLINE_ALL:BAM_VARIANT_CALLING_SINGLE_STRELKA:STRELKA_SINGLE (SRR11452394) (1636),/home/nilsd/nextflow/build/work/be/612e0552ceb4ba5f6804f1d15e13ec/strelka/workspace/genomeSegment.tmpdir/segment.chromId_001_2_0012.genome.S1.vcf,2278029,1636
,,0,2023-05-24T11:55:25.984633442Z,2023-05-31T11:55:25.984633442Z,2023-05-29T13:19:38.896657553Z,DELETE,file_event,NFCORE_SAREK:SAREK:BAM_VARIANT_CALLING_GERMLINE_ALL:BAM_VARIANT_CALLING_SINGLE_STRELKA:STRELKA_SINGLE (SRR11452394) (1636),NFCORE_SAREK:SAREK:BAM_VARIANT_CALLING_GERMLINE_ALL:BAM_VARIANT_CALLING_SINGLE_STRELKA:STRELKA_SINGLE (SRR11452394) (1636),/home/nilsd/nextflow/build/work/be/612e0552ceb4ba5f6804f1d15e13ec/strelka/workspace/genomeSegment.tmpdir/segment.chromId_001_2_0003.variants.vcf,2278029,1636
,,0,2023-05-24T11:55:25.984633442Z,2023-05-31T11:55:25.984633442Z,2023-05-29T13:19:38.898474722Z,DELETE,file_event,NFCORE_SAREK:SAREK:BAM_VARIANT_CALLING_GERMLINE_ALL:BAM_VARIANT_CALLING_SINGLE_STRELKA:STRELKA_SINGLE (SRR11452394) (1636),NFCORE_SAREK:SAREK:BAM_VARIANT_CALLING_GERMLINE_ALL:BAM_VARIANT_CALLING_SINGLE_STRELKA:STRELKA_SINGLE (SRR11452394) (1636),/home/nilsd/nextflow/build/work/be/612e0552ceb4ba5f6804f1d15e13ec/strelka/workspace/genomeSegment.tmpdir/segment.chromId_001_2_0002.variants.vcf.gz,2278029,1636
,,0,2023-05-24T11:55:25.984633442Z,2023-05-31T11:55:25.984633442Z,2023-05-29T13:19:38.900316372Z,DELETE,file_event,NFCORE_SAREK:SAREK:BAM_VARIANT_CALLING_GERMLINE_ALL:BAM_VARIANT_CALLING_SINGLE_STRELKA:STRELKA_SINGLE (SRR11452394) (1636),NFCORE_SAREK:SAREK:BAM_VARIANT_CALLING_GERMLINE_ALL:BAM_VARIANT_CALLING_SINGLE_STRELKA:STRELKA_SINGLE (SRR11452394) (1636),/home/nilsd/nextflow/build/work/be/612e0552ceb4ba5f6804f1d15e13ec/strelka/workspace/genomeSegment.tmpdir/segment.chromId_001_2_0009.genome.S1.vcf.gz,2278029,1636
,,0,2023-05-24T11:55:25.984633442Z,2023-05-31T11:55:25.984633442Z,2023-05-29T13:19:38.901991466Z,DELETE,file_event,NFCORE_SAREK:SAREK:BAM_VARIANT_CALLING_GERMLINE_ALL:BAM_VARIANT_CALLING_SINGLE_STRELKA:STRELKA_SINGLE (SRR11452394) (1636),NFCORE_SAREK:SAREK:BAM_VARIANT_CALLING_GERMLINE_ALL:BAM_VARIANT_CALLING_SINGLE_STRELKA:STRELKA_SINGLE (SRR11452394) (1636),/home/nilsd/nextflow/build/work/be/612e0552ceb4ba5f6804f1d15e13ec/strelka/workspace/genomeSegment.tmpdir/segment.chromId_001_2_0003.genome.S1.vcf.gz,2278029,1636
,,0,2023-05-24T11:55:25.984633442Z,2023-05-31T11:55:25.984633442Z,2023-05-29T13:19:38.903719612Z,DELETE,file_event,NFCORE_SAREK:SAREK:BAM_VARIANT_CALLING_GERMLINE_ALL:BAM_VARIANT_CALLING_SINGLE_STRELKA:STRELKA_SINGLE (SRR11452394) (1636),NFCORE_SAREK:SAREK:BAM_VARIANT_CALLING_GERMLINE_ALL:BAM_VARIANT_CALLING_SINGLE_STRELKA:STRELKA_SINGLE (SRR11452394) (1636),/home/nilsd/nextflow/build/work/be/612e0552ceb4ba5f6804f1d15e13ec/strelka/workspace/genomeSegment.tmpdir/segment.chromId_001_2_0014.genome.S1.vcf.gz,2278029,1636
,,0,2023-05-24T11:55:25.984633442Z,2023-05-31T11:55:25.984633442Z,2023-05-29T13:19:38.905426558Z,DELETE,file_event,NFCORE_SAREK:SAREK:BAM_VARIANT_CALLING_GERMLINE_ALL:BAM_VARIANT_CALLING_SINGLE_STRELKA:STRELKA_SINGLE (SRR11452394) (1636),NFCORE_SAREK:SAREK:BAM_VARIANT_CALLING_GERMLINE_ALL:BAM_VARIANT_CALLING_SINGLE_STRELKA:STRELKA_SINGLE (SRR11452394) (1636),/home/nilsd/nextflow/build/work/be/612e0552ceb4ba5f6804f1d15e13ec/strelka/workspace/genomeSegment.tmpdir/segment.chromId_001_2_0005.genome.S1.vcf.gz,2278029,1636
,,0,2023-05-24T11:55:25.984633442Z,2023-05-31T11:55:25.984633442Z,2023-05-29T13:19:38.907212686Z,DELETE,file_event,NFCORE_SAREK:SAREK:BAM_VARIANT_CALLING_GERMLINE_ALL:BAM_VARIANT_CALLING_SINGLE_STRELKA:STRELKA_SINGLE (SRR11452394) (1636),NFCORE_SAREK:SAREK:BAM_VARIANT_CALLING_GERMLINE_ALL:BAM_VARIANT_CALLING_SINGLE_STRELKA:STRELKA_SINGLE (SRR11452394) (1636),/home/nilsd/nextflow/build/work/be/612e0552ceb4ba5f6804f1d15e13ec/strelka/workspace/genomeSegment.tmpdir/segment.chromId_001_2_0016.genome.S1.vcf.gz,2278029,1636
,,0,2023-05-24T11:55:25.984633442Z,2023-05-31T11:55:25.984633442Z,2023-05-29T13:19:38.908915511Z,DELETE,file_event,NFCORE_SAREK:SAREK:BAM_VARIANT_CALLING_GERMLINE_ALL:BAM_VARIANT_CALLING_SINGLE_STRELKA:STRELKA_SINGLE (SRR11452394) (1636),NFCORE_SAREK:SAREK:BAM_VARIANT_CALLING_GERMLINE_ALL:BAM_VARIANT_CALLING_SINGLE_STRELKA:STRELKA_SINGLE (SRR11452394) (1636),/home/nilsd/nextflow/build/work/be/612e0552ceb4ba5f6804f1d15e13ec/strelka/workspace/genomeSegment.tmpdir/segment.chromId_001_2_0008.variants.vcf.gz,2278029,1636
,,0,2023-05-24T11:55:25.984633442Z,2023-05-31T11:55:25.984633442Z,2023-05-29T13:19:38.910877475Z,DELETE,file_event,NFCORE_SAREK:SAREK:BAM_VARIANT_CALLING_GERMLINE_ALL:BAM_VARIANT_CALLING_SINGLE_STRELKA:STRELKA_SINGLE (SRR11452394) (1636),NFCORE_SAREK:SAREK:BAM_VARIANT_CALLING_GERMLINE_ALL:BAM_VARIANT_CALLING_SINGLE_STRELKA:STRELKA_SINGLE (SRR11452394) (1636),/home/nilsd/nextflow/build/work/be/612e0552ceb4ba5f6804f1d15e13ec/strelka/workspace/genomeSegment.tmpdir/runStats.chromId_001_2_0020.xml,2278029,1636
,,0,2023-05-24T11:55:25.984633442Z,2023-05-31T11:55:25.984633442Z,2023-05-29T13:19:38.912737235Z,DELETE,file_event,NFCORE_SAREK:SAREK:BAM_VARIANT_CALLING_GERMLINE_ALL:BAM_VARIANT_CALLING_SINGLE_STRELKA:STRELKA_SINGLE (SRR11452394) (1636),NFCORE_SAREK:SAREK:BAM_VARIANT_CALLING_GERMLINE_ALL:BAM_VARIANT_CALLING_SINGLE_STRELKA:STRELKA_SINGLE (SRR11452394) (1636),/home/nilsd/nextflow/build/work/be/612e0552ceb4ba5f6804f1d15e13ec/strelka/workspace/genomeSegment.tmpdir/segment.chromId_001_2_0012.genome.S1.vcf.gz,2278029,1636
,,0,2023-05-24T11:55:25.984633442Z,2023-05-31T11:55:25.984633442Z,2023-05-29T13:19:38.914520533Z,DELETE,file_event,NFCORE_SAREK:SAREK:BAM_VARIANT_CALLING_GERMLINE_ALL:BAM_VARIANT_CALLING_SINGLE_STRELKA:STRELKA_SINGLE (SRR11452394) (1636),NFCORE_SAREK:SAREK:BAM_VARIANT_CALLING_GERMLINE_ALL:BAM_VARIANT_CALLING_SINGLE_STRELKA:STRELKA_SINGLE (SRR11452394) (1636),/home/nilsd/nextflow/build/work/be/612e0552ceb4ba5f6804f1d15e13ec/strelka/workspace/genomeSegment.tmpdir/segment.chromId_001_2_0011.variants.vcf,2278029,1636
,,0,2023-05-24T11:55:25.984633442Z,2023-05-31T11:55:25.984633442Z,2023-05-29T13:19:38.916369964Z,DELETE,file_event,NFCORE_SAREK:SAREK:BAM_VARIANT_CALLING_GERMLINE_ALL:BAM_VARIANT_CALLING_SINGLE_STRELKA:STRELKA_SINGLE (SRR11452394) (1636),NFCORE_SAREK:SAREK:BAM_VARIANT_CALLING_GERMLINE_ALL:BAM_VARIANT_CALLING_SINGLE_STRELKA:STRELKA_SINGLE (SRR11452394) (1636),/home/nilsd/nextflow/build/work/be/612e0552ceb4ba5f6804f1d15e13ec/strelka/workspace/genomeSegment.tmpdir/segment.chromId_001_2_0017.variants.vcf.gz,2278029,1636
,,0,2023-05-24T11:55:25.984633442Z,2023-05-31T11:55:25.984633442Z,2023-05-29T13:19:38.918261385Z,DELETE,file_event,NFCORE_SAREK:SAREK:BAM_VARIANT_CALLING_GERMLINE_ALL:BAM_VARIANT_CALLING_SINGLE_STRELKA:STRELKA_SINGLE (SRR11452394) (1636),NFCORE_SAREK:SAREK:BAM_VARIANT_CALLING_GERMLINE_ALL:BAM_VARIANT_CALLING_SINGLE_STRELKA:STRELKA_SINGLE (SRR11452394) (1636),/home/nilsd/nextflow/build/work/be/612e0552ceb4ba5f6804f1d15e13ec/strelka/workspace/genomeSegment.tmpdir/runStats.chromId_001_2_0005.xml,2278029,1636
,,0,2023-05-24T11:55:25.984633442Z,2023-05-31T11:55:25.984633442Z,2023-05-29T13:19:38.919947719Z,DELETE,file_event,NFCORE_SAREK:SAREK:BAM_VARIANT_CALLING_GERMLINE_ALL:BAM_VARIANT_CALLING_SINGLE_STRELKA:STRELKA_SINGLE (SRR11452394) (1636),NFCORE_SAREK:SAREK:BAM_VARIANT_CALLING_GERMLINE_ALL:BAM_VARIANT_CALLING_SINGLE_STRELKA:STRELKA_SINGLE (SRR11452394) (1636),/home/nilsd/nextflow/build/work/be/612e0552ceb4ba5f6804f1d15e13ec/strelka/workspace/genomeSegment.tmpdir/segment.chromId_001_2_0019.variants.vcf,2278029,1636
,,0,2023-05-24T11:55:25.984633442Z,2023-05-31T11:55:25.984633442Z,2023-05-29T13:19:38.921685056Z,DELETE,file_event,NFCORE_SAREK:SAREK:BAM_VARIANT_CALLING_GERMLINE_ALL:BAM_VARIANT_CALLING_SINGLE_STRELKA:STRELKA_SINGLE (SRR11452394) (1636),NFCORE_SAREK:SAREK:BAM_VARIANT_CALLING_GERMLINE_ALL:BAM_VARIANT_CALLING_SINGLE_STRELKA:STRELKA_SINGLE (SRR11452394) (1636),/home/nilsd/nextflow/build/work/be/612e0552ceb4ba5f6804f1d15e13ec/strelka/workspace/genomeSegment.tmpdir/segment.chromId_001_2_0015.genome.S1.vcf.gz,2278029,1636
,,0,2023-05-24T11:55:25.984633442Z,2023-05-31T11:55:25.984633442Z,2023-05-29T13:19:38.9233654Z,DELETE,file_event,NFCORE_SAREK:SAREK:BAM_VARIANT_CALLING_GERMLINE_ALL:BAM_VARIANT_CALLING_SINGLE_STRELKA:STRELKA_SINGLE (SRR11452394) (1636),NFCORE_SAREK:SAREK:BAM_VARIANT_CALLING_GERMLINE_ALL:BAM_VARIANT_CALLING_SINGLE_STRELKA:STRELKA_SINGLE (SRR11452394) (1636),/home/nilsd/nextflow/build/work/be/612e0552ceb4ba5f6804f1d15e13ec/strelka/workspace/genomeSegment.tmpdir/segment.chromId_001_2_0012.variants.vcf,2278029,1636
,,0,2023-05-24T11:55:25.984633442Z,2023-05-31T11:55:25.984633442Z,2023-05-29T13:19:38.925269142Z,DELETE,file_event,NFCORE_SAREK:SAREK:BAM_VARIANT_CALLING_GERMLINE_ALL:BAM_VARIANT_CALLING_SINGLE_STRELKA:STRELKA_SINGLE (SRR11452394) (1636),NFCORE_SAREK:SAREK:BAM_VARIANT_CALLING_GERMLINE_ALL:BAM_VARIANT_CALLING_SINGLE_STRELKA:STRELKA_SINGLE (SRR11452394) (1636),/home/nilsd/nextflow/build/work/be/612e0552ceb4ba5f6804f1d15e13ec/strelka/workspace/genomeSegment.tmpdir/runStats.chromId_001_2_0016.xml,2278029,1636
,,0,2023-05-24T11:55:25.984633442Z,2023-05-31T11:55:25.984633442Z,2023-05-29T13:19:38.92735665Z,DELETE,file_event,NFCORE_SAREK:SAREK:BAM_VARIANT_CALLING_GERMLINE_ALL:BAM_VARIANT_CALLING_SINGLE_STRELKA:STRELKA_SINGLE (SRR11452394) (1636),NFCORE_SAREK:SAREK:BAM_VARIANT_CALLING_GERMLINE_ALL:BAM_VARIANT_CALLING_SINGLE_STRELKA:STRELKA_SINGLE (SRR11452394) (1636),/home/nilsd/nextflow/build/work/be/612e0552ceb4ba5f6804f1d15e13ec/strelka/workspace/genomeSegment.tmpdir/segment.chromId_001_2_0019.genome.S1.vcf.gz,2278029,1636
,,0,2023-05-24T11:55:25.984633442Z,2023-05-31T11:55:25.984633442Z,2023-05-29T13:19:38.929370565Z,DELETE,file_event,NFCORE_SAREK:SAREK:BAM_VARIANT_CALLING_GERMLINE_ALL:BAM_VARIANT_CALLING_SINGLE_STRELKA:STRELKA_SINGLE (SRR11452394) (1636),NFCORE_SAREK:SAREK:BAM_VARIANT_CALLING_GERMLINE_ALL:BAM_VARIANT_CALLING_SINGLE_STRELKA:STRELKA_SINGLE (SRR11452394) (1636),/home/nilsd/nextflow/build/work/be/612e0552ceb4ba5f6804f1d15e13ec/strelka/workspace/genomeSegment.tmpdir/segment.chromId_001_2_0009.genome.S1.vcf,2278029,1636
,,0,2023-05-24T11:55:25.984633442Z,2023-05-31T11:55:25.984633442Z,2023-05-29T13:19:38.931278327Z,DELETE,file_event,NFCORE_SAREK:SAREK:BAM_VARIANT_CALLING_GERMLINE_ALL:BAM_VARIANT_CALLING_SINGLE_STRELKA:STRELKA_SINGLE (SRR11452394) (1636),NFCORE_SAREK:SAREK:BAM_VARIANT_CALLING_GERMLINE_ALL:BAM_VARIANT_CALLING_SINGLE_STRELKA:STRELKA_SINGLE (SRR11452394) (1636),/home/nilsd/nextflow/build/work/be/612e0552ceb4ba5f6804f1d15e13ec/strelka/workspace/genomeSegment.tmpdir/runStats.chromId_001_2_0018.xml,2278029,1636
,,0,2023-05-24T11:55:25.984633442Z,2023-05-31T11:55:25.984633442Z,2023-05-29T13:19:38.933316963Z,DELETE,file_event,NFCORE_SAREK:SAREK:BAM_VARIANT_CALLING_GERMLINE_ALL:BAM_VARIANT_CALLING_SINGLE_STRELKA:STRELKA_SINGLE (SRR11452394) (1636),NFCORE_SAREK:SAREK:BAM_VARIANT_CALLING_GERMLINE_ALL:BAM_VARIANT_CALLING_SINGLE_STRELKA:STRELKA_SINGLE (SRR11452394) (1636),/home/nilsd/nextflow/build/work/be/612e0552ceb4ba5f6804f1d15e13ec/strelka/workspace/genomeSegment.tmpdir/runStats.chromId_001_2_0015.xml,2278029,1636
,,0,2023-05-24T11:55:25.984633442Z,2023-05-31T11:55:25.984633442Z,2023-05-29T13:19:38.935263626Z,DELETE,file_event,NFCORE_SAREK:SAREK:BAM_VARIANT_CALLING_GERMLINE_ALL:BAM_VARIANT_CALLING_SINGLE_STRELKA:STRELKA_SINGLE (SRR11452394) (1636),NFCORE_SAREK:SAREK:BAM_VARIANT_CALLING_GERMLINE_ALL:BAM_VARIANT_CALLING_SINGLE_STRELKA:STRELKA_SINGLE (SRR11452394) (1636),/home/nilsd/nextflow/build/work/be/612e0552ceb4ba5f6804f1d15e13ec/strelka/workspace/genomeSegment.tmpdir/segment.chromId_001_2_0000.genome.S1.vcf,2278029,1636
,,0,2023-05-24T11:55:25.984633442Z,2023-05-31T11:55:25.984633442Z,2023-05-29T13:19:38.937153488Z,DELETE,file_event,NFCORE_SAREK:SAREK:BAM_VARIANT_CALLING_GERMLINE_ALL:BAM_VARIANT_CALLING_SINGLE_STRELKA:STRELKA_SINGLE (SRR11452394) (1636),NFCORE_SAREK:SAREK:BAM_VARIANT_CALLING_GERMLINE_ALL:BAM_VARIANT_CALLING_SINGLE_STRELKA:STRELKA_SINGLE (SRR11452394) (1636),/home/nilsd/nextflow/build/work/be/612e0552ceb4ba5f6804f1d15e13ec/strelka/workspace/genomeSegment.tmpdir/segment.chromId_001_2_0007.variants.vcf,2278029,1636
,,0,2023-05-24T11:55:25.984633442Z,2023-05-31T11:55:25.984633442Z,2023-05-29T13:19:38.938477561Z,DELETE,file_event,NFCORE_SAREK:SAREK:BAM_VARIANT_CALLING_GERMLINE_ALL:BAM_VARIANT_CALLING_SINGLE_STRELKA:STRELKA_SINGLE (SRR11452394) (1636),NFCORE_SAREK:SAREK:BAM_VARIANT_CALLING_GERMLINE_ALL:BAM_VARIANT_CALLING_SINGLE_STRELKA:STRELKA_SINGLE (SRR11452394) (1636),/home/nilsd/nextflow/build/work/be/612e0552ceb4ba5f6804f1d15e13ec/strelka/workspace/genomeSegment.tmpdir/segment.chromId_001_2_0001.genome.S1.vcf.gz,2278029,1636
,,0,2023-05-24T11:55:25.984633442Z,2023-05-31T11:55:25.984633442Z,2023-05-29T13:19:38.939829475Z,DELETE,file_event,NFCORE_SAREK:SAREK:BAM_VARIANT_CALLING_GERMLINE_ALL:BAM_VARIANT_CALLING_SINGLE_STRELKA:STRELKA_SINGLE (SRR11452394) (1636),NFCORE_SAREK:SAREK:BAM_VARIANT_CALLING_GERMLINE_ALL:BAM_VARIANT_CALLING_SINGLE_STRELKA:STRELKA_SINGLE (SRR11452394) (1636),/home/nilsd/nextflow/build/work/be/612e0552ceb4ba5f6804f1d15e13ec/strelka/workspace/genomeSegment.tmpdir/segment.chromId_001_2_0000.genome.S1.vcf.gz,2278029,1636
,,0,2023-05-24T11:55:25.984633442Z,2023-05-31T11:55:25.984633442Z,2023-05-29T13:19:38.941049054Z,DELETE,file_event,NFCORE_SAREK:SAREK:BAM_VARIANT_CALLING_GERMLINE_ALL:BAM_VARIANT_CALLING_SINGLE_STRELKA:STRELKA_SINGLE (SRR11452394) (1636),NFCORE_SAREK:SAREK:BAM_VARIANT_CALLING_GERMLINE_ALL:BAM_VARIANT_CALLING_SINGLE_STRELKA:STRELKA_SINGLE (SRR11452394) (1636),/home/nilsd/nextflow/build/work/be/612e0552ceb4ba5f6804f1d15e13ec/strelka/workspace/genomeSegment.tmpdir/segment.chromId_001_2_0011.genome.S1.vcf,2278029,1636
,,0,2023-05-24T11:55:25.984633442Z,2023-05-31T11:55:25.984633442Z,2023-05-29T13:19:38.942353357Z,DELETE,file_event,NFCORE_SAREK:SAREK:BAM_VARIANT_CALLING_GERMLINE_ALL:BAM_VARIANT_CALLING_SINGLE_STRELKA:STRELKA_SINGLE (SRR11452394) (1636),NFCORE_SAREK:SAREK:BAM_VARIANT_CALLING_GERMLINE_ALL:BAM_VARIANT_CALLING_SINGLE_STRELKA:STRELKA_SINGLE (SRR11452394) (1636),/home/nilsd/nextflow/build/work/be/612e0552ceb4ba5f6804f1d15e13ec/strelka/workspace/genomeSegment.tmpdir/segment.chromId_001_2_0010.genome.S1.vcf.gz,2278029,1636
,,0,2023-05-24T11:55:25.984633442Z,2023-05-31T11:55:25.984633442Z,2023-05-29T13:19:38.943773023Z,DELETE,file_event,NFCORE_SAREK:SAREK:BAM_VARIANT_CALLING_GERMLINE_ALL:BAM_VARIANT_CALLING_SINGLE_STRELKA:STRELKA_SINGLE (SRR11452394) (1636),NFCORE_SAREK:SAREK:BAM_VARIANT_CALLING_GERMLINE_ALL:BAM_VARIANT_CALLING_SINGLE_STRELKA:STRELKA_SINGLE (SRR11452394) (1636),/home/nilsd/nextflow/build/work/be/612e0552ceb4ba5f6804f1d15e13ec/strelka/workspace/genomeSegment.tmpdir/segment.chromId_001_2_0007.genome.S1.vcf.gz,2278029,1636
,,0,2023-05-24T11:55:25.984633442Z,2023-05-31T11:55:25.984633442Z,2023-05-29T13:19:38.946187211Z,DELETE,file_event,NFCORE_SAREK:SAREK:BAM_VARIANT_CALLING_GERMLINE_ALL:BAM_VARIANT_CALLING_SINGLE_STRELKA:STRELKA_SINGLE (SRR11452394) (1636),NFCORE_SAREK:SAREK:BAM_VARIANT_CALLING_GERMLINE_ALL:BAM_VARIANT_CALLING_SINGLE_STRELKA:STRELKA_SINGLE (SRR11452394) (1636),/home/nilsd/nextflow/build/work/be/612e0552ceb4ba5f6804f1d15e13ec/strelka/workspace/genomeSegment.tmpdir/runStats.chromId_001_2_0019.xml,2278029,1636
,,0,2023-05-24T11:55:25.984633442Z,2023-05-31T11:55:25.984633442Z,2023-05-29T13:19:38.948284879Z,DELETE,file_event,NFCORE_SAREK:SAREK:BAM_VARIANT_CALLING_GERMLINE_ALL:BAM_VARIANT_CALLING_SINGLE_STRELKA:STRELKA_SINGLE (SRR11452394) (1636),NFCORE_SAREK:SAREK:BAM_VARIANT_CALLING_GERMLINE_ALL:BAM_VARIANT_CALLING_SINGLE_STRELKA:STRELKA_SINGLE (SRR11452394) (1636),/home/nilsd/nextflow/build/work/be/612e0552ceb4ba5f6804f1d15e13ec/strelka/workspace/genomeSegment.tmpdir/segment.chromId_001_2_0018.genome.S1.vcf,2278029,1636
,,0,2023-05-24T11:55:25.984633442Z,2023-05-31T11:55:25.984633442Z,2023-05-29T13:19:38.95017376Z,DELETE,file_event,NFCORE_SAREK:SAREK:BAM_VARIANT_CALLING_GERMLINE_ALL:BAM_VARIANT_CALLING_SINGLE_STRELKA:STRELKA_SINGLE (SRR11452394) (1636),NFCORE_SAREK:SAREK:BAM_VARIANT_CALLING_GERMLINE_ALL:BAM_VARIANT_CALLING_SINGLE_STRELKA:STRELKA_SINGLE (SRR11452394) (1636),/home/nilsd/nextflow/build/work/be/612e0552ceb4ba5f6804f1d15e13ec/strelka/workspace/genomeSegment.tmpdir/segment.chromId_001_2_0013.variants.vcf,2278029,1636
,,0,2023-05-24T11:55:25.984633442Z,2023-05-31T11:55:25.984633442Z,2023-05-29T13:19:38.952231697Z,DELETE,file_event,NFCORE_SAREK:SAREK:BAM_VARIANT_CALLING_GERMLINE_ALL:BAM_VARIANT_CALLING_SINGLE_STRELKA:STRELKA_SINGLE (SRR11452394) (1636),NFCORE_SAREK:SAREK:BAM_VARIANT_CALLING_GERMLINE_ALL:BAM_VARIANT_CALLING_SINGLE_STRELKA:STRELKA_SINGLE (SRR11452394) (1636),/home/nilsd/nextflow/build/work/be/612e0552ceb4ba5f6804f1d15e13ec/strelka/workspace/genomeSegment.tmpdir/segment.chromId_001_2_0015.variants.vcf.gz,2278029,1636
,,0,2023-05-24T11:55:25.984633442Z,2023-05-31T11:55:25.984633442Z,2023-05-29T13:19:38.95385074Z,DELETE,file_event,NFCORE_SAREK:SAREK:BAM_VARIANT_CALLING_GERMLINE_ALL:BAM_VARIANT_CALLING_SINGLE_STRELKA:STRELKA_SINGLE (SRR11452394) (1636),NFCORE_SAREK:SAREK:BAM_VARIANT_CALLING_GERMLINE_ALL:BAM_VARIANT_CALLING_SINGLE_STRELKA:STRELKA_SINGLE (SRR11452394) (1636),/home/nilsd/nextflow/build/work/be/612e0552ceb4ba5f6804f1d15e13ec/strelka/workspace/genomeSegment.tmpdir/segment.chromId_001_2_0009.variants.vcf.gz,2278029,1636
,,0,2023-05-24T11:55:25.984633442Z,2023-05-31T11:55:25.984633442Z,2023-05-29T13:19:38.955327988Z,DELETE,file_event,NFCORE_SAREK:SAREK:BAM_VARIANT_CALLING_GERMLINE_ALL:BAM_VARIANT_CALLING_SINGLE_STRELKA:STRELKA_SINGLE (SRR11452394) (1636),NFCORE_SAREK:SAREK:BAM_VARIANT_CALLING_GERMLINE_ALL:BAM_VARIANT_CALLING_SINGLE_STRELKA:STRELKA_SINGLE (SRR11452394) (1636),/home/nilsd/nextflow/build/work/be/612e0552ceb4ba5f6804f1d15e13ec/strelka/workspace/genomeSegment.tmpdir/segment.chromId_001_2_0017.genome.S1.vcf,2278029,1636
,,0,2023-05-24T11:55:25.984633442Z,2023-05-31T11:55:25.984633442Z,2023-05-29T13:19:38.956691232Z,DELETE,file_event,NFCORE_SAREK:SAREK:BAM_VARIANT_CALLING_GERMLINE_ALL:BAM_VARIANT_CALLING_SINGLE_STRELKA:STRELKA_SINGLE (SRR11452394) (1636),NFCORE_SAREK:SAREK:BAM_VARIANT_CALLING_GERMLINE_ALL:BAM_VARIANT_CALLING_SINGLE_STRELKA:STRELKA_SINGLE (SRR11452394) (1636),/home/nilsd/nextflow/build/work/be/612e0552ceb4ba5f6804f1d15e13ec/strelka/workspace/genomeSegment.tmpdir/segment.chromId_001_2_0015.genome.S1.vcf,2278029,1636
,,0,2023-05-24T11:55:25.984633442Z,2023-05-31T11:55:25.984633442Z,2023-05-29T13:19:38.958124388Z,DELETE,file_event,NFCORE_SAREK:SAREK:BAM_VARIANT_CALLING_GERMLINE_ALL:BAM_VARIANT_CALLING_SINGLE_STRELKA:STRELKA_SINGLE (SRR11452394) (1636),NFCORE_SAREK:SAREK:BAM_VARIANT_CALLING_GERMLINE_ALL:BAM_VARIANT_CALLING_SINGLE_STRELKA:STRELKA_SINGLE (SRR11452394) (1636),/home/nilsd/nextflow/build/work/be/612e0552ceb4ba5f6804f1d15e13ec/strelka/workspace/genomeSegment.tmpdir/segment.chromId_001_2_0014.variants.vcf.gz,2278029,1636
,,0,2023-05-24T11:55:25.984633442Z,2023-05-31T11:55:25.984633442Z,2023-05-29T13:19:38.959354728Z,DELETE,file_event,NFCORE_SAREK:SAREK:BAM_VARIANT_CALLING_GERMLINE_ALL:BAM_VARIANT_CALLING_SINGLE_STRELKA:STRELKA_SINGLE (SRR11452394) (1636),NFCORE_SAREK:SAREK:BAM_VARIANT_CALLING_GERMLINE_ALL:BAM_VARIANT_CALLING_SINGLE_STRELKA:STRELKA_SINGLE (SRR11452394) (1636),/home/nilsd/nextflow/build/work/be/612e0552ceb4ba5f6804f1d15e13ec/strelka/workspace/genomeSegment.tmpdir/segment.chromId_001_2_0007.variants.vcf.gz,2278029,1636
,,0,2023-05-24T11:55:25.984633442Z,2023-05-31T11:55:25.984633442Z,2023-05-29T13:19:38.960607789Z,DELETE,file_event,NFCORE_SAREK:SAREK:BAM_VARIANT_CALLING_GERMLINE_ALL:BAM_VARIANT_CALLING_SINGLE_STRELKA:STRELKA_SINGLE (SRR11452394) (1636),NFCORE_SAREK:SAREK:BAM_VARIANT_CALLING_GERMLINE_ALL:BAM_VARIANT_CALLING_SINGLE_STRELKA:STRELKA_SINGLE (SRR11452394) (1636),/home/nilsd/nextflow/build/work/be/612e0552ceb4ba5f6804f1d15e13ec/strelka/workspace/genomeSegment.tmpdir/segment.chromId_001_2_0017.genome.S1.vcf.gz,2278029,1636
,,0,2023-05-24T11:55:25.984633442Z,2023-05-31T11:55:25.984633442Z,2023-05-29T13:19:38.962119848Z,DELETE,file_event,NFCORE_SAREK:SAREK:BAM_VARIANT_CALLING_GERMLINE_ALL:BAM_VARIANT_CALLING_SINGLE_STRELKA:STRELKA_SINGLE (SRR11452394) (1636),NFCORE_SAREK:SAREK:BAM_VARIANT_CALLING_GERMLINE_ALL:BAM_VARIANT_CALLING_SINGLE_STRELKA:STRELKA_SINGLE (SRR11452394) (1636),/home/nilsd/nextflow/build/work/be/612e0552ceb4ba5f6804f1d15e13ec/strelka/workspace/genomeSegment.tmpdir/segment.chromId_001_2_0001.variants.vcf.gz,2278029,1636
,,0,2023-05-24T11:55:25.984633442Z,2023-05-31T11:55:25.984633442Z,2023-05-29T13:19:38.963599766Z,DELETE,file_event,NFCORE_SAREK:SAREK:BAM_VARIANT_CALLING_GERMLINE_ALL:BAM_VARIANT_CALLING_SINGLE_STRELKA:STRELKA_SINGLE (SRR11452394) (1636),NFCORE_SAREK:SAREK:BAM_VARIANT_CALLING_GERMLINE_ALL:BAM_VARIANT_CALLING_SINGLE_STRELKA:STRELKA_SINGLE (SRR11452394) (1636),/home/nilsd/nextflow/build/work/be/612e0552ceb4ba5f6804f1d15e13ec/strelka/workspace/genomeSegment.tmpdir/segment.chromId_001_2_0008.genome.S1.vcf.gz,2278029,1636
,,0,2023-05-24T11:55:25.984633442Z,2023-05-31T11:55:25.984633442Z,2023-05-29T13:19:38.965159417Z,DELETE,file_event,NFCORE_SAREK:SAREK:BAM_VARIANT_CALLING_GERMLINE_ALL:BAM_VARIANT_CALLING_SINGLE_STRELKA:STRELKA_SINGLE (SRR11452394) (1636),NFCORE_SAREK:SAREK:BAM_VARIANT_CALLING_GERMLINE_ALL:BAM_VARIANT_CALLING_SINGLE_STRELKA:STRELKA_SINGLE (SRR11452394) (1636),/home/nilsd/nextflow/build/work/be/612e0552ceb4ba5f6804f1d15e13ec/strelka/workspace/genomeSegment.tmpdir/segment.chromId_001_2_0004.genome.S1.vcf.gz,2278029,1636
,,0,2023-05-24T11:55:25.984633442Z,2023-05-31T11:55:25.984633442Z,2023-05-29T13:19:38.967233524Z,DELETE,file_event,NFCORE_SAREK:SAREK:BAM_VARIANT_CALLING_GERMLINE_ALL:BAM_VARIANT_CALLING_SINGLE_STRELKA:STRELKA_SINGLE (SRR11452394) (1636),NFCORE_SAREK:SAREK:BAM_VARIANT_CALLING_GERMLINE_ALL:BAM_VARIANT_CALLING_SINGLE_STRELKA:STRELKA_SINGLE (SRR11452394) (1636),/home/nilsd/nextflow/build/work/be/612e0552ceb4ba5f6804f1d15e13ec/strelka/workspace/genomeSegment.tmpdir/segment.chromId_001_2_0020.variants.vcf.gz,2278029,1636
,,0,2023-05-24T11:55:25.984633442Z,2023-05-31T11:55:25.984633442Z,2023-05-29T13:19:38.96926248Z,DELETE,file_event,NFCORE_SAREK:SAREK:BAM_VARIANT_CALLING_GERMLINE_ALL:BAM_VARIANT_CALLING_SINGLE_STRELKA:STRELKA_SINGLE (SRR11452394) (1636),NFCORE_SAREK:SAREK:BAM_VARIANT_CALLING_GERMLINE_ALL:BAM_VARIANT_CALLING_SINGLE_STRELKA:STRELKA_SINGLE (SRR11452394) (1636),/home/nilsd/nextflow/build/work/be/612e0552ceb4ba5f6804f1d15e13ec/strelka/workspace/genomeSegment.tmpdir/segment.chromId_001_2_0020.genome.S1.vcf.gz,2278029,1636
,,0,2023-05-24T11:55:25.984633442Z,2023-05-31T11:55:25.984633442Z,2023-05-29T13:19:38.971270545Z,DELETE,file_event,NFCORE_SAREK:SAREK:BAM_VARIANT_CALLING_GERMLINE_ALL:BAM_VARIANT_CALLING_SINGLE_STRELKA:STRELKA_SINGLE (SRR11452394) (1636),NFCORE_SAREK:SAREK:BAM_VARIANT_CALLING_GERMLINE_ALL:BAM_VARIANT_CALLING_SINGLE_STRELKA:STRELKA_SINGLE (SRR11452394) (1636),/home/nilsd/nextflow/build/work/be/612e0552ceb4ba5f6804f1d15e13ec/strelka/workspace/genomeSegment.tmpdir/segment.chromId_001_2_0011.variants.vcf.gz,2278029,1636
,,0,2023-05-24T11:55:25.984633442Z,2023-05-31T11:55:25.984633442Z,2023-05-29T13:19:38.973196858Z,DELETE,file_event,NFCORE_SAREK:SAREK:BAM_VARIANT_CALLING_GERMLINE_ALL:BAM_VARIANT_CALLING_SINGLE_STRELKA:STRELKA_SINGLE (SRR11452394) (1636),NFCORE_SAREK:SAREK:BAM_VARIANT_CALLING_GERMLINE_ALL:BAM_VARIANT_CALLING_SINGLE_STRELKA:STRELKA_SINGLE (SRR11452394) (1636),/home/nilsd/nextflow/build/work/be/612e0552ceb4ba5f6804f1d15e13ec/strelka/workspace/genomeSegment.tmpdir/segment.chromId_001_2_0019.genome.S1.vcf,2278029,1636
,,0,2023-05-24T11:55:25.984633442Z,2023-05-31T11:55:25.984633442Z,2023-05-29T13:19:38.974781519Z,DELETE,file_event,NFCORE_SAREK:SAREK:BAM_VARIANT_CALLING_GERMLINE_ALL:BAM_VARIANT_CALLING_SINGLE_STRELKA:STRELKA_SINGLE (SRR11452394) (1636),NFCORE_SAREK:SAREK:BAM_VARIANT_CALLING_GERMLINE_ALL:BAM_VARIANT_CALLING_SINGLE_STRELKA:STRELKA_SINGLE (SRR11452394) (1636),/home/nilsd/nextflow/build/work/be/612e0552ceb4ba5f6804f1d15e13ec/strelka/workspace/genomeSegment.tmpdir/runStats.chromId_001_2_0000.xml,2278029,1636
,,0,2023-05-24T11:55:25.984633442Z,2023-05-31T11:55:25.984633442Z,2023-05-29T13:19:38.976208776Z,DELETE,file_event,NFCORE_SAREK:SAREK:BAM_VARIANT_CALLING_GERMLINE_ALL:BAM_VARIANT_CALLING_SINGLE_STRELKA:STRELKA_SINGLE (SRR11452394) (1636),NFCORE_SAREK:SAREK:BAM_VARIANT_CALLING_GERMLINE_ALL:BAM_VARIANT_CALLING_SINGLE_STRELKA:STRELKA_SINGLE (SRR11452394) (1636),/home/nilsd/nextflow/build/work/be/612e0552ceb4ba5f6804f1d15e13ec/strelka/workspace/genomeSegment.tmpdir/segment.chromId_001_2_0001.genome.S1.vcf,2278029,1636
,,0,2023-05-24T11:55:25.984633442Z,2023-05-31T11:55:25.984633442Z,2023-05-29T13:19:38.977664323Z,DELETE,file_event,NFCORE_SAREK:SAREK:BAM_VARIANT_CALLING_GERMLINE_ALL:BAM_VARIANT_CALLING_SINGLE_STRELKA:STRELKA_SINGLE (SRR11452394) (1636),NFCORE_SAREK:SAREK:BAM_VARIANT_CALLING_GERMLINE_ALL:BAM_VARIANT_CALLING_SINGLE_STRELKA:STRELKA_SINGLE (SRR11452394) (1636),/home/nilsd/nextflow/build/work/be/612e0552ceb4ba5f6804f1d15e13ec/strelka/workspace/genomeSegment.tmpdir/runStats.chromId_001_2_0001.xml,2278029,1636
,,0,2023-05-24T11:55:25.984633442Z,2023-05-31T11:55:25.984633442Z,2023-05-29T13:19:38.97911924Z,DELETE,file_event,NFCORE_SAREK:SAREK:BAM_VARIANT_CALLING_GERMLINE_ALL:BAM_VARIANT_CALLING_SINGLE_STRELKA:STRELKA_SINGLE (SRR11452394) (1636),NFCORE_SAREK:SAREK:BAM_VARIANT_CALLING_GERMLINE_ALL:BAM_VARIANT_CALLING_SINGLE_STRELKA:STRELKA_SINGLE (SRR11452394) (1636),/home/nilsd/nextflow/build/work/be/612e0552ceb4ba5f6804f1d15e13ec/strelka/workspace/genomeSegment.tmpdir/segment.chromId_001_2_0016.variants.vcf,2278029,1636
,,0,2023-05-24T11:55:25.984633442Z,2023-05-31T11:55:25.984633442Z,2023-05-29T13:19:38.980579477Z,DELETE,file_event,NFCORE_SAREK:SAREK:BAM_VARIANT_CALLING_GERMLINE_ALL:BAM_VARIANT_CALLING_SINGLE_STRELKA:STRELKA_SINGLE (SRR11452394) (1636),NFCORE_SAREK:SAREK:BAM_VARIANT_CALLING_GERMLINE_ALL:BAM_VARIANT_CALLING_SINGLE_STRELKA:STRELKA_SINGLE (SRR11452394) (1636),/home/nilsd/nextflow/build/work/be/612e0552ceb4ba5f6804f1d15e13ec/strelka/workspace/genomeSegment.tmpdir/segment.chromId_001_2_0004.variants.vcf,2278029,1636
,,0,2023-05-24T11:55:25.984633442Z,2023-05-31T11:55:25.984633442Z,2023-05-29T13:19:38.981854109Z,DELETE,file_event,NFCORE_SAREK:SAREK:BAM_VARIANT_CALLING_GERMLINE_ALL:BAM_VARIANT_CALLING_SINGLE_STRELKA:STRELKA_SINGLE (SRR11452394) (1636),NFCORE_SAREK:SAREK:BAM_VARIANT_CALLING_GERMLINE_ALL:BAM_VARIANT_CALLING_SINGLE_STRELKA:STRELKA_SINGLE (SRR11452394) (1636),/home/nilsd/nextflow/build/work/be/612e0552ceb4ba5f6804f1d15e13ec/strelka/workspace/genomeSegment.tmpdir/segment.chromId_001_2_0000.variants.vcf.gz,2278029,1636
,,0,2023-05-24T11:55:25.984633442Z,2023-05-31T11:55:25.984633442Z,2023-05-29T13:19:38.982955815Z,DELETE,file_event,NFCORE_SAREK:SAREK:BAM_VARIANT_CALLING_GERMLINE_ALL:BAM_VARIANT_CALLING_SINGLE_STRELKA:STRELKA_SINGLE (SRR11452394) (1636),NFCORE_SAREK:SAREK:BAM_VARIANT_CALLING_GERMLINE_ALL:BAM_VARIANT_CALLING_SINGLE_STRELKA:STRELKA_SINGLE (SRR11452394) (1636),/home/nilsd/nextflow/build/work/be/612e0552ceb4ba5f6804f1d15e13ec/strelka/workspace/genomeSegment.tmpdir/segment.chromId_001_2_0018.variants.vcf,2278029,1636
,,0,2023-05-24T11:55:25.984633442Z,2023-05-31T11:55:25.984633442Z,2023-05-29T13:19:38.984166494Z,DELETE,file_event,NFCORE_SAREK:SAREK:BAM_VARIANT_CALLING_GERMLINE_ALL:BAM_VARIANT_CALLING_SINGLE_STRELKA:STRELKA_SINGLE (SRR11452394) (1636),NFCORE_SAREK:SAREK:BAM_VARIANT_CALLING_GERMLINE_ALL:BAM_VARIANT_CALLING_SINGLE_STRELKA:STRELKA_SINGLE (SRR11452394) (1636),/home/nilsd/nextflow/build/work/be/612e0552ceb4ba5f6804f1d15e13ec/strelka/workspace/genomeSegment.tmpdir/segment.chromId_001_2_0005.genome.S1.vcf,2278029,1636
,,0,2023-05-24T11:55:25.984633442Z,2023-05-31T11:55:25.984633442Z,2023-05-29T13:19:38.985234849Z,DELETE,file_event,NFCORE_SAREK:SAREK:BAM_VARIANT_CALLING_GERMLINE_ALL:BAM_VARIANT_CALLING_SINGLE_STRELKA:STRELKA_SINGLE (SRR11452394) (1636),NFCORE_SAREK:SAREK:BAM_VARIANT_CALLING_GERMLINE_ALL:BAM_VARIANT_CALLING_SINGLE_STRELKA:STRELKA_SINGLE (SRR11452394) (1636),/home/nilsd/nextflow/build/work/be/612e0552ceb4ba5f6804f1d15e13ec/strelka/workspace/genomeSegment.tmpdir/runStats.chromId_001_2_0010.xml,2278029,1636
,,0,2023-05-24T11:55:25.984633442Z,2023-05-31T11:55:25.984633442Z,2023-05-29T13:19:38.986293403Z,DELETE,file_event,NFCORE_SAREK:SAREK:BAM_VARIANT_CALLING_GERMLINE_ALL:BAM_VARIANT_CALLING_SINGLE_STRELKA:STRELKA_SINGLE (SRR11452394) (1636),NFCORE_SAREK:SAREK:BAM_VARIANT_CALLING_GERMLINE_ALL:BAM_VARIANT_CALLING_SINGLE_STRELKA:STRELKA_SINGLE (SRR11452394) (1636),/home/nilsd/nextflow/build/work/be/612e0552ceb4ba5f6804f1d15e13ec/strelka/workspace/genomeSegment.tmpdir/runStats.chromId_001_2_0011.xml,2278029,1636
,,0,2023-05-24T11:55:25.984633442Z,2023-05-31T11:55:25.984633442Z,2023-05-29T13:19:38.987609656Z,DELETE,file_event,NFCORE_SAREK:SAREK:BAM_VARIANT_CALLING_GERMLINE_ALL:BAM_VARIANT_CALLING_SINGLE_STRELKA:STRELKA_SINGLE (SRR11452394) (1636),NFCORE_SAREK:SAREK:BAM_VARIANT_CALLING_GERMLINE_ALL:BAM_VARIANT_CALLING_SINGLE_STRELKA:STRELKA_SINGLE (SRR11452394) (1636),/home/nilsd/nextflow/build/work/be/612e0552ceb4ba5f6804f1d15e13ec/strelka/workspace/genomeSegment.tmpdir/runStats.chromId_001_2_0008.xml,2278029,1636
,,0,2023-05-24T11:55:25.984633442Z,2023-05-31T11:55:25.984633442Z,2023-05-29T13:19:38.988716802Z,DELETE,file_event,NFCORE_SAREK:SAREK:BAM_VARIANT_CALLING_GERMLINE_ALL:BAM_VARIANT_CALLING_SINGLE_STRELKA:STRELKA_SINGLE (SRR11452394) (1636),NFCORE_SAREK:SAREK:BAM_VARIANT_CALLING_GERMLINE_ALL:BAM_VARIANT_CALLING_SINGLE_STRELKA:STRELKA_SINGLE (SRR11452394) (1636),/home/nilsd/nextflow/build/work/be/612e0552ceb4ba5f6804f1d15e13ec/strelka/workspace/genomeSegment.tmpdir/runStats.chromId_001_2_0006.xml,2278029,1636
,,0,2023-05-24T11:55:25.984633442Z,2023-05-31T11:55:25.984633442Z,2023-05-29T13:19:38.989780616Z,DELETE,file_event,NFCORE_SAREK:SAREK:BAM_VARIANT_CALLING_GERMLINE_ALL:BAM_VARIANT_CALLING_SINGLE_STRELKA:STRELKA_SINGLE (SRR11452394) (1636),NFCORE_SAREK:SAREK:BAM_VARIANT_CALLING_GERMLINE_ALL:BAM_VARIANT_CALLING_SINGLE_STRELKA:STRELKA_SINGLE (SRR11452394) (1636),/home/nilsd/nextflow/build/work/be/612e0552ceb4ba5f6804f1d15e13ec/strelka/workspace/genomeSegment.tmpdir/segment.chromId_001_2_0015.variants.vcf,2278029,1636
,,0,2023-05-24T11:55:25.984633442Z,2023-05-31T11:55:25.984633442Z,2023-05-29T13:19:38.991485441Z,DELETE,file_event,NFCORE_SAREK:SAREK:BAM_VARIANT_CALLING_GERMLINE_ALL:BAM_VARIANT_CALLING_SINGLE_STRELKA:STRELKA_SINGLE (SRR11452394) (1636),NFCORE_SAREK:SAREK:BAM_VARIANT_CALLING_GERMLINE_ALL:BAM_VARIANT_CALLING_SINGLE_STRELKA:STRELKA_SINGLE (SRR11452394) (1636),/home/nilsd/nextflow/build/work/be/612e0552ceb4ba5f6804f1d15e13ec/strelka/workspace/genomeSegment.tmpdir/segment.chromId_001_2_0000.variants.vcf,2278029,1636
,,0,2023-05-24T11:55:25.984633442Z,2023-05-31T11:55:25.984633442Z,2023-05-29T13:19:38.992728432Z,DELETE,file_event,NFCORE_SAREK:SAREK:BAM_VARIANT_CALLING_GERMLINE_ALL:BAM_VARIANT_CALLING_SINGLE_STRELKA:STRELKA_SINGLE (SRR11452394) (1636),NFCORE_SAREK:SAREK:BAM_VARIANT_CALLING_GERMLINE_ALL:BAM_VARIANT_CALLING_SINGLE_STRELKA:STRELKA_SINGLE (SRR11452394) (1636),/home/nilsd/nextflow/build/work/be/612e0552ceb4ba5f6804f1d15e13ec/strelka/workspace/genomeSegment.tmpdir/runStats.chromId_001_2_0004.xml,2278029,1636
,,0,2023-05-24T11:55:25.984633442Z,2023-05-31T11:55:25.984633442Z,2023-05-29T13:19:38.994582242Z,DELETE,file_event,NFCORE_SAREK:SAREK:BAM_VARIANT_CALLING_GERMLINE_ALL:BAM_VARIANT_CALLING_SINGLE_STRELKA:STRELKA_SINGLE (SRR11452394) (1636),NFCORE_SAREK:SAREK:BAM_VARIANT_CALLING_GERMLINE_ALL:BAM_VARIANT_CALLING_SINGLE_STRELKA:STRELKA_SINGLE (SRR11452394) (1636),/home/nilsd/nextflow/build/work/be/612e0552ceb4ba5f6804f1d15e13ec/strelka/workspace/genomeSegment.tmpdir/segment.chromId_001_2_0016.genome.S1.vcf,2278029,1636
,,0,2023-05-24T11:55:25.984633442Z,2023-05-31T11:55:25.984633442Z,2023-05-29T13:19:38.996890857Z,DELETE,file_event,NFCORE_SAREK:SAREK:BAM_VARIANT_CALLING_GERMLINE_ALL:BAM_VARIANT_CALLING_SINGLE_STRELKA:STRELKA_SINGLE (SRR11452394) (1636),NFCORE_SAREK:SAREK:BAM_VARIANT_CALLING_GERMLINE_ALL:BAM_VARIANT_CALLING_SINGLE_STRELKA:STRELKA_SINGLE (SRR11452394) (1636),/home/nilsd/nextflow/build/work/be/612e0552ceb4ba5f6804f1d15e13ec/strelka/workspace/genomeSegment.tmpdir/runStats.chromId_001_2_0002.xml,2278029,1636
,,0,2023-05-24T11:55:25.984633442Z,2023-05-31T11:55:25.984633442Z,2023-05-29T13:19:38.9994544Z,DELETE,file_event,NFCORE_SAREK:SAREK:BAM_VARIANT_CALLING_GERMLINE_ALL:BAM_VARIANT_CALLING_SINGLE_STRELKA:STRELKA_SINGLE (SRR11452394) (1636),NFCORE_SAREK:SAREK:BAM_VARIANT_CALLING_GERMLINE_ALL:BAM_VARIANT_CALLING_SINGLE_STRELKA:STRELKA_SINGLE (SRR11452394) (1636),/home/nilsd/nextflow/build/work/be/612e0552ceb4ba5f6804f1d15e13ec/strelka/workspace/genomeSegment.tmpdir/segment.chromId_001_2_0004.variants.vcf.gz,2278029,1636
,,0,2023-05-24T11:55:25.984633442Z,2023-05-31T11:55:25.984633442Z,2023-05-29T13:19:39.001203177Z,DELETE,file_event,NFCORE_SAREK:SAREK:BAM_VARIANT_CALLING_GERMLINE_ALL:BAM_VARIANT_CALLING_SINGLE_STRELKA:STRELKA_SINGLE (SRR11452394) (1636),NFCORE_SAREK:SAREK:BAM_VARIANT_CALLING_GERMLINE_ALL:BAM_VARIANT_CALLING_SINGLE_STRELKA:STRELKA_SINGLE (SRR11452394) (1636),/home/nilsd/nextflow/build/work/be/612e0552ceb4ba5f6804f1d15e13ec/strelka/workspace/genomeSegment.tmpdir/segment.chromId_001_2_0005.variants.vcf,2278029,1636
,,0,2023-05-24T11:55:25.984633442Z,2023-05-31T11:55:25.984633442Z,2023-05-29T13:19:39.002943243Z,DELETE,file_event,NFCORE_SAREK:SAREK:BAM_VARIANT_CALLING_GERMLINE_ALL:BAM_VARIANT_CALLING_SINGLE_STRELKA:STRELKA_SINGLE (SRR11452394) (1636),NFCORE_SAREK:SAREK:BAM_VARIANT_CALLING_GERMLINE_ALL:BAM_VARIANT_CALLING_SINGLE_STRELKA:STRELKA_SINGLE (SRR11452394) (1636),/home/nilsd/nextflow/build/work/be/612e0552ceb4ba5f6804f1d15e13ec/strelka/workspace/genomeSegment.tmpdir/segment.chromId_001_2_0010.genome.S1.vcf,2278029,1636
,,0,2023-05-24T11:55:25.984633442Z,2023-05-31T11:55:25.984633442Z,2023-05-29T13:19:39.005066592Z,DELETE,file_event,NFCORE_SAREK:SAREK:BAM_VARIANT_CALLING_GERMLINE_ALL:BAM_VARIANT_CALLING_SINGLE_STRELKA:STRELKA_SINGLE (SRR11452394) (1636),NFCORE_SAREK:SAREK:BAM_VARIANT_CALLING_GERMLINE_ALL:BAM_VARIANT_CALLING_SINGLE_STRELKA:STRELKA_SINGLE (SRR11452394) (1636),/home/nilsd/nextflow/build/work/be/612e0552ceb4ba5f6804f1d15e13ec/strelka/workspace/genomeSegment.tmpdir/runStats.chromId_001_2_0003.xml,2278029,1636
,,0,2023-05-24T11:55:25.984633442Z,2023-05-31T11:55:25.984633442Z,2023-05-29T13:19:39.006954924Z,DELETE,file_event,NFCORE_SAREK:SAREK:BAM_VARIANT_CALLING_GERMLINE_ALL:BAM_VARIANT_CALLING_SINGLE_STRELKA:STRELKA_SINGLE (SRR11452394) (1636),NFCORE_SAREK:SAREK:BAM_VARIANT_CALLING_GERMLINE_ALL:BAM_VARIANT_CALLING_SINGLE_STRELKA:STRELKA_SINGLE (SRR11452394) (1636),/home/nilsd/nextflow/build/work/be/612e0552ceb4ba5f6804f1d15e13ec/strelka/workspace/genomeSegment.tmpdir/segment.chromId_001_2_0018.genome.S1.vcf.gz,2278029,1636
,,0,2023-05-24T11:55:25.984633442Z,2023-05-31T11:55:25.984633442Z,2023-05-29T13:19:39.008947078Z,DELETE,file_event,NFCORE_SAREK:SAREK:BAM_VARIANT_CALLING_GERMLINE_ALL:BAM_VARIANT_CALLING_SINGLE_STRELKA:STRELKA_SINGLE (SRR11452394) (1636),NFCORE_SAREK:SAREK:BAM_VARIANT_CALLING_GERMLINE_ALL:BAM_VARIANT_CALLING_SINGLE_STRELKA:STRELKA_SINGLE (SRR11452394) (1636),/home/nilsd/nextflow/build/work/be/612e0552ceb4ba5f6804f1d15e13ec/strelka/workspace/genomeSegment.tmpdir/segment.chromId_001_2_0006.variants.vcf,2278029,1636
,,0,2023-05-24T11:55:25.984633442Z,2023-05-31T11:55:25.984633442Z,2023-05-29T13:19:39.01083571Z,DELETE,file_event,NFCORE_SAREK:SAREK:BAM_VARIANT_CALLING_GERMLINE_ALL:BAM_VARIANT_CALLING_SINGLE_STRELKA:STRELKA_SINGLE (SRR11452394) (1636),NFCORE_SAREK:SAREK:BAM_VARIANT_CALLING_GERMLINE_ALL:BAM_VARIANT_CALLING_SINGLE_STRELKA:STRELKA_SINGLE (SRR11452394) (1636),/home/nilsd/nextflow/build/work/be/612e0552ceb4ba5f6804f1d15e13ec/strelka/workspace/genomeSegment.tmpdir/segment.chromId_001_2_0003.variants.vcf.gz,2278029,1636
,,0,2023-05-24T11:55:25.984633442Z,2023-05-31T11:55:25.984633442Z,2023-05-29T13:19:39.013053862Z,DELETE,file_event,NFCORE_SAREK:SAREK:BAM_VARIANT_CALLING_GERMLINE_ALL:BAM_VARIANT_CALLING_SINGLE_STRELKA:STRELKA_SINGLE (SRR11452394) (1636),NFCORE_SAREK:SAREK:BAM_VARIANT_CALLING_GERMLINE_ALL:BAM_VARIANT_CALLING_SINGLE_STRELKA:STRELKA_SINGLE (SRR11452394) (1636),/home/nilsd/nextflow/build/work/be/612e0552ceb4ba5f6804f1d15e13ec/strelka/workspace/genomeSegment.tmpdir/segment.chromId_001_2_0012.variants.vcf.gz,2278029,1636
,,0,2023-05-24T11:55:25.984633442Z,2023-05-31T11:55:25.984633442Z,2023-05-29T13:19:39.014748677Z,DELETE,file_event,NFCORE_SAREK:SAREK:BAM_VARIANT_CALLING_GERMLINE_ALL:BAM_VARIANT_CALLING_SINGLE_STRELKA:STRELKA_SINGLE (SRR11452394) (1636),NFCORE_SAREK:SAREK:BAM_VARIANT_CALLING_GERMLINE_ALL:BAM_VARIANT_CALLING_SINGLE_STRELKA:STRELKA_SINGLE (SRR11452394) (1636),/home/nilsd/nextflow/build/work/be/612e0552ceb4ba5f6804f1d15e13ec/strelka/workspace/genomeSegment.tmpdir/segment.chromId_001_2_0006.genome.S1.vcf,2278029,1636
,,0,2023-05-24T11:55:25.984633442Z,2023-05-31T11:55:25.984633442Z,2023-05-29T13:19:39.016635078Z,DELETE,file_event,NFCORE_SAREK:SAREK:BAM_VARIANT_CALLING_GERMLINE_ALL:BAM_VARIANT_CALLING_SINGLE_STRELKA:STRELKA_SINGLE (SRR11452394) (1636),NFCORE_SAREK:SAREK:BAM_VARIANT_CALLING_GERMLINE_ALL:BAM_VARIANT_CALLING_SINGLE_STRELKA:STRELKA_SINGLE (SRR11452394) (1636),/home/nilsd/nextflow/build/work/be/612e0552ceb4ba5f6804f1d15e13ec/strelka/workspace/genomeSegment.tmpdir/segment.chromId_001_2_0018.variants.vcf.gz,2278029,1636
,,0,2023-05-24T11:55:25.984633442Z,2023-05-31T11:55:25.984633442Z,2023-05-29T13:19:39.01854197Z,DELETE,file_event,NFCORE_SAREK:SAREK:BAM_VARIANT_CALLING_GERMLINE_ALL:BAM_VARIANT_CALLING_SINGLE_STRELKA:STRELKA_SINGLE (SRR11452394) (1636),NFCORE_SAREK:SAREK:BAM_VARIANT_CALLING_GERMLINE_ALL:BAM_VARIANT_CALLING_SINGLE_STRELKA:STRELKA_SINGLE (SRR11452394) (1636),/home/nilsd/nextflow/build/work/be/612e0552ceb4ba5f6804f1d15e13ec/strelka/workspace/genomeSegment.tmpdir/segment.chromId_001_2_0013.variants.vcf.gz,2278029,1636
,,0,2023-05-24T11:55:25.984633442Z,2023-05-31T11:55:25.984633442Z,2023-05-29T13:19:39.020493013Z,DELETE,file_event,NFCORE_SAREK:SAREK:BAM_VARIANT_CALLING_GERMLINE_ALL:BAM_VARIANT_CALLING_SINGLE_STRELKA:STRELKA_SINGLE (SRR11452394) (1636),NFCORE_SAREK:SAREK:BAM_VARIANT_CALLING_GERMLINE_ALL:BAM_VARIANT_CALLING_SINGLE_STRELKA:STRELKA_SINGLE (SRR11452394) (1636),/home/nilsd/nextflow/build/work/be/612e0552ceb4ba5f6804f1d15e13ec/strelka/workspace/genomeSegment.tmpdir,2278029,1636
,,0,2023-05-24T11:55:25.984633442Z,2023-05-31T11:55:25.984633442Z,2023-05-29T13:19:39.022347883Z,CREATE,file_event,NFCORE_SAREK:SAREK:BAM_VARIANT_CALLING_GERMLINE_ALL:BAM_VARIANT_CALLING_SINGLE_STRELKA:STRELKA_SINGLE (SRR11452394) (1636),NFCORE_SAREK:SAREK:BAM_VARIANT_CALLING_GERMLINE_ALL:BAM_VARIANT_CALLING_SINGLE_STRELKA:STRELKA_SINGLE (SRR11452394) (1636),/home/nilsd/nextflow/build/work/be/612e0552ceb4ba5f6804f1d15e13ec/strelka/workspace/pyflow.data/state/pyflow_tasks_runstate.txt.update.incomplete,2278029,1636
,,0,2023-05-24T11:55:25.984633442Z,2023-05-31T11:55:25.984633442Z,2023-05-29T13:19:43.950312097Z,CREATE,file_event,NFCORE_SAREK:SAREK:BAM_VARIANT_CALLING_GERMLINE_ALL:BAM_VARIANT_CALLING_SINGLE_STRELKA:STRELKA_SINGLE (SRR11452394) (1636),NFCORE_SAREK:SAREK:BAM_VARIANT_CALLING_GERMLINE_ALL:BAM_VARIANT_CALLING_SINGLE_STRELKA:STRELKA_SINGLE (SRR11452394) (1636),/home/nilsd/nextflow/build/work/be/612e0552ceb4ba5f6804f1d15e13ec/strelka/workspace/pyflow.data/state/pyflow_tasks_runstate.txt.update.incomplete,2278029,1636
,,0,2023-05-24T11:55:25.984633442Z,2023-05-31T11:55:25.984633442Z,2023-05-29T13:19:57.058157803Z,DELETE,file_event,NFCORE_SAREK:SAREK:BAM_VARIANT_CALLING_GERMLINE_ALL:BAM_VARIANT_CALLING_SINGLE_STRELKA:STRELKA_SINGLE (SRR11452394) (1636),NFCORE_SAREK:SAREK:BAM_VARIANT_CALLING_GERMLINE_ALL:BAM_VARIANT_CALLING_SINGLE_STRELKA:STRELKA_SINGLE (SRR11452394) (1636),/home/nilsd/nextflow/build/work/be/612e0552ceb4ba5f6804f1d15e13ec/strelka/workspace/pyflow.data/active_pyflow_process.txt,2278029,1636
,,0,2023-05-24T11:55:25.984633442Z,2023-05-31T11:55:25.984633442Z,2023-05-29T13:19:57.061118989Z,CREATE,file_event,NFCORE_SAREK:SAREK:BAM_VARIANT_CALLING_GERMLINE_ALL:BAM_VARIANT_CALLING_SINGLE_STRELKA:STRELKA_SINGLE (SRR11452394) (1636),NFCORE_SAREK:SAREK:BAM_VARIANT_CALLING_GERMLINE_ALL:BAM_VARIANT_CALLING_SINGLE_STRELKA:STRELKA_SINGLE (SRR11452394) (1636),/home/nilsd/nextflow/build/work/be/612e0552ceb4ba5f6804f1d15e13ec/strelka/workflow.exitcode.txt,2278029,1636
,,0,2023-05-24T11:55:25.984633442Z,2023-05-31T11:55:25.984633442Z,2023-05-29T13:19:57.12242773Z,CREATE,file_event,NFCORE_SAREK:SAREK:BAM_VARIANT_CALLING_GERMLINE_ALL:BAM_VARIANT_CALLING_SINGLE_STRELKA:STRELKA_SINGLE (SRR11452394) (1636),NFCORE_SAREK:SAREK:BAM_VARIANT_CALLING_GERMLINE_ALL:BAM_VARIANT_CALLING_SINGLE_STRELKA:STRELKA_SINGLE (SRR11452394) (1636),/home/nilsd/nextflow/build/work/be/612e0552ceb4ba5f6804f1d15e13ec/versions.yml,2278029,1636
,,0,2023-05-24T11:55:25.984633442Z,2023-05-31T11:55:25.984633442Z,2023-05-29T13:19:57.416068412Z,CREATE,file_event,NFCORE_SAREK:SAREK:BAM_VARIANT_CALLING_GERMLINE_ALL:BAM_VARIANT_CALLING_SINGLE_STRELKA:STRELKA_SINGLE (SRR11452394) (1636),NFCORE_SAREK:SAREK:BAM_VARIANT_CALLING_GERMLINE_ALL:BAM_VARIANT_CALLING_SINGLE_STRELKA:STRELKA_SINGLE (SRR11452394) (1636),/home/nilsd/nextflow/build/work/be/612e0552ceb4ba5f6804f1d15e13ec/.exitcode,2278029,1636
