#datatype,string,long,dateTime:RFC3339,dateTime:RFC3339,dateTime:RFC3339,double,string,string,string,string,string
#group,false,false,true,true,false,false,true,true,true,true,true
#default,_result,,,,,,,,,,
,result,table,_start,_stop,_time,_value,_field,_measurement,name,pid,tid
,,0,2023-05-13T14:16:53.297754135Z,2023-06-12T14:16:53.297754135Z,2023-06-07T12:15:23.584968869Z,11.02,docker_used_memory_mb,preseq (DA385) (1672),preseq (DA385) (1672),3436194,1672
,,0,2023-05-13T14:16:53.297754135Z,2023-06-12T14:16:53.297754135Z,2023-06-07T12:15:26.561442572Z,15.9,docker_used_memory_mb,preseq (DA385) (1672),preseq (DA385) (1672),3436194,1672
,,0,2023-05-13T14:16:53.297754135Z,2023-06-12T14:16:53.297754135Z,2023-06-07T12:15:29.569590327Z,16.92,docker_used_memory_mb,preseq (DA385) (1672),preseq (DA385) (1672),3436194,1672
,,0,2023-05-13T14:16:53.297754135Z,2023-06-12T14:16:53.297754135Z,2023-06-07T12:15:33.565323835Z,17.95,docker_used_memory_mb,preseq (DA385) (1672),preseq (DA385) (1672),3436194,1672
,,0,2023-05-13T14:16:53.297754135Z,2023-06-12T14:16:53.297754135Z,2023-06-07T12:15:37.564953282Z,18.86,docker_used_memory_mb,preseq (DA385) (1672),preseq (DA385) (1672),3436194,1672
,,0,2023-05-13T14:16:53.297754135Z,2023-06-12T14:16:53.297754135Z,2023-06-07T12:15:40.565008643Z,20.05,docker_used_memory_mb,preseq (DA385) (1672),preseq (DA385) (1672),3436194,1672
,,0,2023-05-13T14:16:53.297754135Z,2023-06-12T14:16:53.297754135Z,2023-06-07T12:15:44.56904622Z,19.48,docker_used_memory_mb,preseq (DA385) (1672),preseq (DA385) (1672),3436194,1672
,,0,2023-05-13T14:16:53.297754135Z,2023-06-12T14:16:53.297754135Z,2023-06-07T12:15:48.569173525Z,19.84,docker_used_memory_mb,preseq (DA385) (1672),preseq (DA385) (1672),3436194,1672
,,0,2023-05-13T14:16:53.297754135Z,2023-06-12T14:16:53.297754135Z,2023-06-07T12:15:51.569046867Z,19.87,docker_used_memory_mb,preseq (DA385) (1672),preseq (DA385) (1672),3436194,1672
,,0,2023-05-13T14:16:53.297754135Z,2023-06-12T14:16:53.297754135Z,2023-06-07T12:15:55.580881256Z,20.44,docker_used_memory_mb,preseq (DA385) (1672),preseq (DA385) (1672),3436194,1672
,,0,2023-05-13T14:16:53.297754135Z,2023-06-12T14:16:53.297754135Z,2023-06-07T12:15:58.561149603Z,20.55,docker_used_memory_mb,preseq (DA385) (1672),preseq (DA385) (1672),3436194,1672
,,0,2023-05-13T14:16:53.297754135Z,2023-06-12T14:16:53.297754135Z,2023-06-07T12:16:01.568675878Z,20.54,docker_used_memory_mb,preseq (DA385) (1672),preseq (DA385) (1672),3436194,1672
,,0,2023-05-13T14:16:53.297754135Z,2023-06-12T14:16:53.297754135Z,2023-06-07T12:16:04.569439404Z,20.75,docker_used_memory_mb,preseq (DA385) (1672),preseq (DA385) (1672),3436194,1672
,,0,2023-05-13T14:16:53.297754135Z,2023-06-12T14:16:53.297754135Z,2023-06-07T12:16:07.561131186Z,21.72,docker_used_memory_mb,preseq (DA385) (1672),preseq (DA385) (1672),3436194,1672
,,0,2023-05-13T14:16:53.297754135Z,2023-06-12T14:16:53.297754135Z,2023-06-07T12:16:11.569156567Z,21.14,docker_used_memory_mb,preseq (DA385) (1672),preseq (DA385) (1672),3436194,1672
,,0,2023-05-13T14:16:53.297754135Z,2023-06-12T14:16:53.297754135Z,2023-06-07T12:16:14.561348037Z,21.3,docker_used_memory_mb,preseq (DA385) (1672),preseq (DA385) (1672),3436194,1672
,,0,2023-05-13T14:16:53.297754135Z,2023-06-12T14:16:53.297754135Z,2023-06-07T12:16:17.559088401Z,21.45,docker_used_memory_mb,preseq (DA385) (1672),preseq (DA385) (1672),3436194,1672
,,0,2023-05-13T14:16:53.297754135Z,2023-06-12T14:16:53.297754135Z,2023-06-07T12:16:20.565173009Z,21.55,docker_used_memory_mb,preseq (DA385) (1672),preseq (DA385) (1672),3436194,1672
,,0,2023-05-13T14:16:53.297754135Z,2023-06-12T14:16:53.297754135Z,2023-06-07T12:16:24.569199173Z,21.64,docker_used_memory_mb,preseq (DA385) (1672),preseq (DA385) (1672),3436194,1672
,,0,2023-05-13T14:16:53.297754135Z,2023-06-12T14:16:53.297754135Z,2023-06-07T12:16:27.561210582Z,21.88,docker_used_memory_mb,preseq (DA385) (1672),preseq (DA385) (1672),3436194,1672
,,0,2023-05-13T14:16:53.297754135Z,2023-06-12T14:16:53.297754135Z,2023-06-07T12:16:31.561264899Z,22.34,docker_used_memory_mb,preseq (DA385) (1672),preseq (DA385) (1672),3436194,1672
,,0,2023-05-13T14:16:53.297754135Z,2023-06-12T14:16:53.297754135Z,2023-06-07T12:16:35.56915353Z,22.42,docker_used_memory_mb,preseq (DA385) (1672),preseq (DA385) (1672),3436194,1672
,,0,2023-05-13T14:16:53.297754135Z,2023-06-12T14:16:53.297754135Z,2023-06-07T12:16:38.564907888Z,22.37,docker_used_memory_mb,preseq (DA385) (1672),preseq (DA385) (1672),3436194,1672
,,0,2023-05-13T14:16:53.297754135Z,2023-06-12T14:16:53.297754135Z,2023-06-07T12:16:42.568901665Z,22.55,docker_used_memory_mb,preseq (DA385) (1672),preseq (DA385) (1672),3436194,1672
,,0,2023-05-13T14:16:53.297754135Z,2023-06-12T14:16:53.297754135Z,2023-06-07T12:16:45.569112817Z,23.31,docker_used_memory_mb,preseq (DA385) (1672),preseq (DA385) (1672),3436194,1672
,,0,2023-05-13T14:16:53.297754135Z,2023-06-12T14:16:53.297754135Z,2023-06-07T12:16:48.568919353Z,22.74,docker_used_memory_mb,preseq (DA385) (1672),preseq (DA385) (1672),3436194,1672
,,0,2023-05-13T14:16:53.297754135Z,2023-06-12T14:16:53.297754135Z,2023-06-07T12:16:52.564984902Z,23.04,docker_used_memory_mb,preseq (DA385) (1672),preseq (DA385) (1672),3436194,1672
,,0,2023-05-13T14:16:53.297754135Z,2023-06-12T14:16:53.297754135Z,2023-06-07T12:16:55.572835678Z,22.89,docker_used_memory_mb,preseq (DA385) (1672),preseq (DA385) (1672),3436194,1672
,,0,2023-05-13T14:16:53.297754135Z,2023-06-12T14:16:53.297754135Z,2023-06-07T12:16:59.56492754Z,22.8,docker_used_memory_mb,preseq (DA385) (1672),preseq (DA385) (1672),3436194,1672
,,0,2023-05-13T14:16:53.297754135Z,2023-06-12T14:16:53.297754135Z,2023-06-07T12:17:03.56902996Z,22.98,docker_used_memory_mb,preseq (DA385) (1672),preseq (DA385) (1672),3436194,1672
,,0,2023-05-13T14:16:53.297754135Z,2023-06-12T14:16:53.297754135Z,2023-06-07T12:17:06.570977346Z,23.53,docker_used_memory_mb,preseq (DA385) (1672),preseq (DA385) (1672),3436194,1672
,,0,2023-05-13T14:16:53.297754135Z,2023-06-12T14:16:53.297754135Z,2023-06-07T12:17:10.561212893Z,23.08,docker_used_memory_mb,preseq (DA385) (1672),preseq (DA385) (1672),3436194,1672
,,0,2023-05-13T14:16:53.297754135Z,2023-06-12T14:16:53.297754135Z,2023-06-07T12:17:13.561990685Z,23.41,docker_used_memory_mb,preseq (DA385) (1672),preseq (DA385) (1672),3436194,1672
,,0,2023-05-13T14:16:53.297754135Z,2023-06-12T14:16:53.297754135Z,2023-06-07T12:17:18.561745954Z,23.31,docker_used_memory_mb,preseq (DA385) (1672),preseq (DA385) (1672),3436194,1672
,,0,2023-05-13T14:16:53.297754135Z,2023-06-12T14:16:53.297754135Z,2023-06-07T12:17:21.561332539Z,23.48,docker_used_memory_mb,preseq (DA385) (1672),preseq (DA385) (1672),3436194,1672
,,0,2023-05-13T14:16:53.297754135Z,2023-06-12T14:16:53.297754135Z,2023-06-07T12:17:24.565218358Z,23.34,docker_used_memory_mb,preseq (DA385) (1672),preseq (DA385) (1672),3436194,1672
,,0,2023-05-13T14:16:53.297754135Z,2023-06-12T14:16:53.297754135Z,2023-06-07T12:17:28.568892081Z,23.6,docker_used_memory_mb,preseq (DA385) (1672),preseq (DA385) (1672),3436194,1672
,,0,2023-05-13T14:16:53.297754135Z,2023-06-12T14:16:53.297754135Z,2023-06-07T12:17:32.565249196Z,24,docker_used_memory_mb,preseq (DA385) (1672),preseq (DA385) (1672),3436194,1672
,,0,2023-05-13T14:16:53.297754135Z,2023-06-12T14:16:53.297754135Z,2023-06-07T12:17:35.561097317Z,24.14,docker_used_memory_mb,preseq (DA385) (1672),preseq (DA385) (1672),3436194,1672
,,0,2023-05-13T14:16:53.297754135Z,2023-06-12T14:16:53.297754135Z,2023-06-07T12:17:39.565243541Z,24.45,docker_used_memory_mb,preseq (DA385) (1672),preseq (DA385) (1672),3436194,1672
,,0,2023-05-13T14:16:53.297754135Z,2023-06-12T14:16:53.297754135Z,2023-06-07T12:17:42.567424828Z,24.69,docker_used_memory_mb,preseq (DA385) (1672),preseq (DA385) (1672),3436194,1672
,,0,2023-05-13T14:16:53.297754135Z,2023-06-12T14:16:53.297754135Z,2023-06-07T12:17:46.565096437Z,24.81,docker_used_memory_mb,preseq (DA385) (1672),preseq (DA385) (1672),3436194,1672
,,0,2023-05-13T14:16:53.297754135Z,2023-06-12T14:16:53.297754135Z,2023-06-07T12:17:49.569140657Z,25.07,docker_used_memory_mb,preseq (DA385) (1672),preseq (DA385) (1672),3436194,1672
,,0,2023-05-13T14:16:53.297754135Z,2023-06-12T14:16:53.297754135Z,2023-06-07T12:17:54.572753471Z,25.02,docker_used_memory_mb,preseq (DA385) (1672),preseq (DA385) (1672),3436194,1672
,,0,2023-05-13T14:16:53.297754135Z,2023-06-12T14:16:53.297754135Z,2023-06-07T12:17:58.561359074Z,25.18,docker_used_memory_mb,preseq (DA385) (1672),preseq (DA385) (1672),3436194,1672
,,0,2023-05-13T14:16:53.297754135Z,2023-06-12T14:16:53.297754135Z,2023-06-07T12:18:02.580921362Z,25.24,docker_used_memory_mb,preseq (DA385) (1672),preseq (DA385) (1672),3436194,1672
,,0,2023-05-13T14:16:53.297754135Z,2023-06-12T14:16:53.297754135Z,2023-06-07T12:18:05.568993377Z,25.34,docker_used_memory_mb,preseq (DA385) (1672),preseq (DA385) (1672),3436194,1672
,,0,2023-05-13T14:16:53.297754135Z,2023-06-12T14:16:53.297754135Z,2023-06-07T12:18:08.573088262Z,25.23,docker_used_memory_mb,preseq (DA385) (1672),preseq (DA385) (1672),3436194,1672
,,0,2023-05-13T14:16:53.297754135Z,2023-06-12T14:16:53.297754135Z,2023-06-07T12:18:11.569001842Z,25.44,docker_used_memory_mb,preseq (DA385) (1672),preseq (DA385) (1672),3436194,1672
,,0,2023-05-13T14:16:53.297754135Z,2023-06-12T14:16:53.297754135Z,2023-06-07T12:18:16.569061669Z,25.42,docker_used_memory_mb,preseq (DA385) (1672),preseq (DA385) (1672),3436194,1672
,,0,2023-05-13T14:16:53.297754135Z,2023-06-12T14:16:53.297754135Z,2023-06-07T12:18:20.580755673Z,25.46,docker_used_memory_mb,preseq (DA385) (1672),preseq (DA385) (1672),3436194,1672
,,0,2023-05-13T14:16:53.297754135Z,2023-06-12T14:16:53.297754135Z,2023-06-07T12:18:23.564994699Z,25.53,docker_used_memory_mb,preseq (DA385) (1672),preseq (DA385) (1672),3436194,1672
,,0,2023-05-13T14:16:53.297754135Z,2023-06-12T14:16:53.297754135Z,2023-06-07T12:18:27.564909279Z,25.67,docker_used_memory_mb,preseq (DA385) (1672),preseq (DA385) (1672),3436194,1672
,,0,2023-05-13T14:16:53.297754135Z,2023-06-12T14:16:53.297754135Z,2023-06-07T12:18:31.561103795Z,25.76,docker_used_memory_mb,preseq (DA385) (1672),preseq (DA385) (1672),3436194,1672
,,0,2023-05-13T14:16:53.297754135Z,2023-06-12T14:16:53.297754135Z,2023-06-07T12:18:34.565235997Z,25.65,docker_used_memory_mb,preseq (DA385) (1672),preseq (DA385) (1672),3436194,1672
,,0,2023-05-13T14:16:53.297754135Z,2023-06-12T14:16:53.297754135Z,2023-06-07T12:18:38.569119811Z,25.69,docker_used_memory_mb,preseq (DA385) (1672),preseq (DA385) (1672),3436194,1672
,,0,2023-05-13T14:16:53.297754135Z,2023-06-12T14:16:53.297754135Z,2023-06-07T12:18:41.561183022Z,25.57,docker_used_memory_mb,preseq (DA385) (1672),preseq (DA385) (1672),3436194,1672
,,0,2023-05-13T14:16:53.297754135Z,2023-06-12T14:16:53.297754135Z,2023-06-07T12:18:44.585202021Z,25.88,docker_used_memory_mb,preseq (DA385) (1672),preseq (DA385) (1672),3436194,1672
,,0,2023-05-13T14:16:53.297754135Z,2023-06-12T14:16:53.297754135Z,2023-06-07T12:18:47.573189607Z,25.67,docker_used_memory_mb,preseq (DA385) (1672),preseq (DA385) (1672),3436194,1672
,,0,2023-05-13T14:16:53.297754135Z,2023-06-12T14:16:53.297754135Z,2023-06-07T12:18:50.569223207Z,25.71,docker_used_memory_mb,preseq (DA385) (1672),preseq (DA385) (1672),3436194,1672
,,0,2023-05-13T14:16:53.297754135Z,2023-06-12T14:16:53.297754135Z,2023-06-07T12:18:54.561026267Z,26.43,docker_used_memory_mb,preseq (DA385) (1672),preseq (DA385) (1672),3436194,1672
,,0,2023-05-13T14:16:53.297754135Z,2023-06-12T14:16:53.297754135Z,2023-06-07T12:18:58.569076431Z,26.09,docker_used_memory_mb,preseq (DA385) (1672),preseq (DA385) (1672),3436194,1672
,,0,2023-05-13T14:16:53.297754135Z,2023-06-12T14:16:53.297754135Z,2023-06-07T12:19:01.5650488Z,26.17,docker_used_memory_mb,preseq (DA385) (1672),preseq (DA385) (1672),3436194,1672
,,0,2023-05-13T14:16:53.297754135Z,2023-06-12T14:16:53.297754135Z,2023-06-07T12:19:05.560185334Z,26.25,docker_used_memory_mb,preseq (DA385) (1672),preseq (DA385) (1672),3436194,1672
,,0,2023-05-13T14:16:53.297754135Z,2023-06-12T14:16:53.297754135Z,2023-06-07T12:19:09.56520085Z,26,docker_used_memory_mb,preseq (DA385) (1672),preseq (DA385) (1672),3436194,1672
,,0,2023-05-13T14:16:53.297754135Z,2023-06-12T14:16:53.297754135Z,2023-06-07T12:19:12.569232797Z,25.25,docker_used_memory_mb,preseq (DA385) (1672),preseq (DA385) (1672),3436194,1672
,,0,2023-05-13T14:16:53.297754135Z,2023-06-12T14:16:53.297754135Z,2023-06-07T12:19:15.566688883Z,24.83,docker_used_memory_mb,preseq (DA385) (1672),preseq (DA385) (1672),3436194,1672
,,0,2023-05-13T14:16:53.297754135Z,2023-06-12T14:16:53.297754135Z,2023-06-07T12:19:18.569076853Z,24.55,docker_used_memory_mb,preseq (DA385) (1672),preseq (DA385) (1672),3436194,1672
,,0,2023-05-13T14:16:53.297754135Z,2023-06-12T14:16:53.297754135Z,2023-06-07T12:19:21.564981744Z,24.21,docker_used_memory_mb,preseq (DA385) (1672),preseq (DA385) (1672),3436194,1672
,,0,2023-05-13T14:16:53.297754135Z,2023-06-12T14:16:53.297754135Z,2023-06-07T12:19:25.561447449Z,24.21,docker_used_memory_mb,preseq (DA385) (1672),preseq (DA385) (1672),3436194,1672
,,0,2023-05-13T14:16:53.297754135Z,2023-06-12T14:16:53.297754135Z,2023-06-07T12:19:28.564881554Z,24.09,docker_used_memory_mb,preseq (DA385) (1672),preseq (DA385) (1672),3436194,1672
,,0,2023-05-13T14:16:53.297754135Z,2023-06-12T14:16:53.297754135Z,2023-06-07T12:19:31.569217656Z,24.71,docker_used_memory_mb,preseq (DA385) (1672),preseq (DA385) (1672),3436194,1672
,,0,2023-05-13T14:16:53.297754135Z,2023-06-12T14:16:53.297754135Z,2023-06-07T12:19:34.565058325Z,24.1,docker_used_memory_mb,preseq (DA385) (1672),preseq (DA385) (1672),3436194,1672
,,0,2023-05-13T14:16:53.297754135Z,2023-06-12T14:16:53.297754135Z,2023-06-07T12:19:38.561416174Z,23.62,docker_used_memory_mb,preseq (DA385) (1672),preseq (DA385) (1672),3436194,1672
,,0,2023-05-13T14:16:53.297754135Z,2023-06-12T14:16:53.297754135Z,2023-06-07T12:19:41.565016514Z,23.34,docker_used_memory_mb,preseq (DA385) (1672),preseq (DA385) (1672),3436194,1672
,,0,2023-05-13T14:16:53.297754135Z,2023-06-12T14:16:53.297754135Z,2023-06-07T12:19:46.564770958Z,22.74,docker_used_memory_mb,preseq (DA385) (1672),preseq (DA385) (1672),3436194,1672
,,0,2023-05-13T14:16:53.297754135Z,2023-06-12T14:16:53.297754135Z,2023-06-07T12:19:49.569013714Z,23.4,docker_used_memory_mb,preseq (DA385) (1672),preseq (DA385) (1672),3436194,1672
,,0,2023-05-13T14:16:53.297754135Z,2023-06-12T14:16:53.297754135Z,2023-06-07T12:19:53.564978315Z,23.97,docker_used_memory_mb,preseq (DA385) (1672),preseq (DA385) (1672),3436194,1672
,,0,2023-05-13T14:16:53.297754135Z,2023-06-12T14:16:53.297754135Z,2023-06-07T12:19:57.565044533Z,23.9,docker_used_memory_mb,preseq (DA385) (1672),preseq (DA385) (1672),3436194,1672
,,0,2023-05-13T14:16:53.297754135Z,2023-06-12T14:16:53.297754135Z,2023-06-07T12:20:00.565033514Z,23.25,docker_used_memory_mb,preseq (DA385) (1672),preseq (DA385) (1672),3436194,1672
,,0,2023-05-13T14:16:53.297754135Z,2023-06-12T14:16:53.297754135Z,2023-06-07T12:20:03.565092475Z,23.82,docker_used_memory_mb,preseq (DA385) (1672),preseq (DA385) (1672),3436194,1672
,,0,2023-05-13T14:16:53.297754135Z,2023-06-12T14:16:53.297754135Z,2023-06-07T12:20:07.565108262Z,23.96,docker_used_memory_mb,preseq (DA385) (1672),preseq (DA385) (1672),3436194,1672
,,0,2023-05-13T14:16:53.297754135Z,2023-06-12T14:16:53.297754135Z,2023-06-07T12:20:12.565203495Z,24.2,docker_used_memory_mb,preseq (DA385) (1672),preseq (DA385) (1672),3436194,1672
,,0,2023-05-13T14:16:53.297754135Z,2023-06-12T14:16:53.297754135Z,2023-06-07T12:20:15.565198886Z,24.09,docker_used_memory_mb,preseq (DA385) (1672),preseq (DA385) (1672),3436194,1672
,,0,2023-05-13T14:16:53.297754135Z,2023-06-12T14:16:53.297754135Z,2023-06-07T12:20:18.565739582Z,24.31,docker_used_memory_mb,preseq (DA385) (1672),preseq (DA385) (1672),3436194,1672
,,0,2023-05-13T14:16:53.297754135Z,2023-06-12T14:16:53.297754135Z,2023-06-07T12:20:21.565253693Z,24.41,docker_used_memory_mb,preseq (DA385) (1672),preseq (DA385) (1672),3436194,1672
,,0,2023-05-13T14:16:53.297754135Z,2023-06-12T14:16:53.297754135Z,2023-06-07T12:20:25.567098331Z,24.29,docker_used_memory_mb,preseq (DA385) (1672),preseq (DA385) (1672),3436194,1672
,,0,2023-05-13T14:16:53.297754135Z,2023-06-12T14:16:53.297754135Z,2023-06-07T12:20:29.561279241Z,24.4,docker_used_memory_mb,preseq (DA385) (1672),preseq (DA385) (1672),3436194,1672
,,0,2023-05-13T14:16:53.297754135Z,2023-06-12T14:16:53.297754135Z,2023-06-07T12:20:33.561254682Z,24.68,docker_used_memory_mb,preseq (DA385) (1672),preseq (DA385) (1672),3436194,1672
,,0,2023-05-13T14:16:53.297754135Z,2023-06-12T14:16:53.297754135Z,2023-06-07T12:20:37.57723186Z,24.74,docker_used_memory_mb,preseq (DA385) (1672),preseq (DA385) (1672),3436194,1672
,,0,2023-05-13T14:16:53.297754135Z,2023-06-12T14:16:53.297754135Z,2023-06-07T12:20:40.561273724Z,24.79,docker_used_memory_mb,preseq (DA385) (1672),preseq (DA385) (1672),3436194,1672
,,0,2023-05-13T14:16:53.297754135Z,2023-06-12T14:16:53.297754135Z,2023-06-07T12:20:43.561448041Z,24.93,docker_used_memory_mb,preseq (DA385) (1672),preseq (DA385) (1672),3436194,1672
,,0,2023-05-13T14:16:53.297754135Z,2023-06-12T14:16:53.297754135Z,2023-06-07T12:20:47.56143946Z,25.07,docker_used_memory_mb,preseq (DA385) (1672),preseq (DA385) (1672),3436194,1672
,,0,2023-05-13T14:16:53.297754135Z,2023-06-12T14:16:53.297754135Z,2023-06-07T12:20:50.569095641Z,25.46,docker_used_memory_mb,preseq (DA385) (1672),preseq (DA385) (1672),3436194,1672
,,0,2023-05-13T14:16:53.297754135Z,2023-06-12T14:16:53.297754135Z,2023-06-07T12:20:53.565369787Z,25.59,docker_used_memory_mb,preseq (DA385) (1672),preseq (DA385) (1672),3436194,1672
,,0,2023-05-13T14:16:53.297754135Z,2023-06-12T14:16:53.297754135Z,2023-06-07T12:20:57.57294123Z,26.04,docker_used_memory_mb,preseq (DA385) (1672),preseq (DA385) (1672),3436194,1672
,,0,2023-05-13T14:16:53.297754135Z,2023-06-12T14:16:53.297754135Z,2023-06-07T12:21:00.560964768Z,25.34,docker_used_memory_mb,preseq (DA385) (1672),preseq (DA385) (1672),3436194,1672
,,0,2023-05-13T14:16:53.297754135Z,2023-06-12T14:16:53.297754135Z,2023-06-07T12:21:03.572936978Z,25.46,docker_used_memory_mb,preseq (DA385) (1672),preseq (DA385) (1672),3436194,1672
,,0,2023-05-13T14:16:53.297754135Z,2023-06-12T14:16:53.297754135Z,2023-06-07T12:21:07.565148571Z,25.41,docker_used_memory_mb,preseq (DA385) (1672),preseq (DA385) (1672),3436194,1672
,,0,2023-05-13T14:16:53.297754135Z,2023-06-12T14:16:53.297754135Z,2023-06-07T12:21:10.569111652Z,25.79,docker_used_memory_mb,preseq (DA385) (1672),preseq (DA385) (1672),3436194,1672
,,0,2023-05-13T14:16:53.297754135Z,2023-06-12T14:16:53.297754135Z,2023-06-07T12:21:13.572946896Z,25.21,docker_used_memory_mb,preseq (DA385) (1672),preseq (DA385) (1672),3436194,1672
,,0,2023-05-13T14:16:53.297754135Z,2023-06-12T14:16:53.297754135Z,2023-06-07T12:21:17.561353439Z,25.37,docker_used_memory_mb,preseq (DA385) (1672),preseq (DA385) (1672),3436194,1672
,,0,2023-05-13T14:16:53.297754135Z,2023-06-12T14:16:53.297754135Z,2023-06-07T12:21:20.569054622Z,25.48,docker_used_memory_mb,preseq (DA385) (1672),preseq (DA385) (1672),3436194,1672
,,0,2023-05-13T14:16:53.297754135Z,2023-06-12T14:16:53.297754135Z,2023-06-07T12:21:23.565235097Z,25.92,docker_used_memory_mb,preseq (DA385) (1672),preseq (DA385) (1672),3436194,1672
,,0,2023-05-13T14:16:53.297754135Z,2023-06-12T14:16:53.297754135Z,2023-06-07T12:21:27.561157661Z,25.02,docker_used_memory_mb,preseq (DA385) (1672),preseq (DA385) (1672),3436194,1672
,,0,2023-05-13T14:16:53.297754135Z,2023-06-12T14:16:53.297754135Z,2023-06-07T12:21:30.56891979Z,25.86,docker_used_memory_mb,preseq (DA385) (1672),preseq (DA385) (1672),3436194,1672
,,0,2023-05-13T14:16:53.297754135Z,2023-06-12T14:16:53.297754135Z,2023-06-07T12:21:33.56486275Z,25.94,docker_used_memory_mb,preseq (DA385) (1672),preseq (DA385) (1672),3436194,1672
,,0,2023-05-13T14:16:53.297754135Z,2023-06-12T14:16:53.297754135Z,2023-06-07T12:21:36.572922215Z,25.97,docker_used_memory_mb,preseq (DA385) (1672),preseq (DA385) (1672),3436194,1672
,,0,2023-05-13T14:16:53.297754135Z,2023-06-12T14:16:53.297754135Z,2023-06-07T12:21:39.56505102Z,26.04,docker_used_memory_mb,preseq (DA385) (1672),preseq (DA385) (1672),3436194,1672
,,0,2023-05-13T14:16:53.297754135Z,2023-06-12T14:16:53.297754135Z,2023-06-07T12:21:43.565144504Z,26.16,docker_used_memory_mb,preseq (DA385) (1672),preseq (DA385) (1672),3436194,1672
,,0,2023-05-13T14:16:53.297754135Z,2023-06-12T14:16:53.297754135Z,2023-06-07T12:21:46.568995189Z,26.45,docker_used_memory_mb,preseq (DA385) (1672),preseq (DA385) (1672),3436194,1672
,,0,2023-05-13T14:16:53.297754135Z,2023-06-12T14:16:53.297754135Z,2023-06-07T12:21:50.569063418Z,26.43,docker_used_memory_mb,preseq (DA385) (1672),preseq (DA385) (1672),3436194,1672
,,0,2023-05-13T14:16:53.297754135Z,2023-06-12T14:16:53.297754135Z,2023-06-07T12:21:53.568938581Z,26.73,docker_used_memory_mb,preseq (DA385) (1672),preseq (DA385) (1672),3436194,1672
,,0,2023-05-13T14:16:53.297754135Z,2023-06-12T14:16:53.297754135Z,2023-06-07T12:21:56.563518304Z,27.2,docker_used_memory_mb,preseq (DA385) (1672),preseq (DA385) (1672),3436194,1672
,,0,2023-05-13T14:16:53.297754135Z,2023-06-12T14:16:53.297754135Z,2023-06-07T12:22:00.561535309Z,26.68,docker_used_memory_mb,preseq (DA385) (1672),preseq (DA385) (1672),3436194,1672
,,0,2023-05-13T14:16:53.297754135Z,2023-06-12T14:16:53.297754135Z,2023-06-07T12:22:03.572841972Z,26.58,docker_used_memory_mb,preseq (DA385) (1672),preseq (DA385) (1672),3436194,1672
,,0,2023-05-13T14:16:53.297754135Z,2023-06-12T14:16:53.297754135Z,2023-06-07T12:22:06.565087134Z,26.65,docker_used_memory_mb,preseq (DA385) (1672),preseq (DA385) (1672),3436194,1672
,,0,2023-05-13T14:16:53.297754135Z,2023-06-12T14:16:53.297754135Z,2023-06-07T12:22:10.565178078Z,26.8,docker_used_memory_mb,preseq (DA385) (1672),preseq (DA385) (1672),3436194,1672
,,0,2023-05-13T14:16:53.297754135Z,2023-06-12T14:16:53.297754135Z,2023-06-07T12:22:13.572809468Z,26.96,docker_used_memory_mb,preseq (DA385) (1672),preseq (DA385) (1672),3436194,1672
,,0,2023-05-13T14:16:53.297754135Z,2023-06-12T14:16:53.297754135Z,2023-06-07T12:22:16.565966394Z,26.93,docker_used_memory_mb,preseq (DA385) (1672),preseq (DA385) (1672),3436194,1672
,,0,2023-05-13T14:16:53.297754135Z,2023-06-12T14:16:53.297754135Z,2023-06-07T12:22:19.561087271Z,27.14,docker_used_memory_mb,preseq (DA385) (1672),preseq (DA385) (1672),3436194,1672
,,0,2023-05-13T14:16:53.297754135Z,2023-06-12T14:16:53.297754135Z,2023-06-07T12:22:23.569256823Z,27.68,docker_used_memory_mb,preseq (DA385) (1672),preseq (DA385) (1672),3436194,1672
,,0,2023-05-13T14:16:53.297754135Z,2023-06-12T14:16:53.297754135Z,2023-06-07T12:22:27.565414078Z,27.4,docker_used_memory_mb,preseq (DA385) (1672),preseq (DA385) (1672),3436194,1672
,,0,2023-05-13T14:16:53.297754135Z,2023-06-12T14:16:53.297754135Z,2023-06-07T12:22:31.569092731Z,27.63,docker_used_memory_mb,preseq (DA385) (1672),preseq (DA385) (1672),3436194,1672
,,0,2023-05-13T14:16:53.297754135Z,2023-06-12T14:16:53.297754135Z,2023-06-07T12:22:35.560783048Z,27.89,docker_used_memory_mb,preseq (DA385) (1672),preseq (DA385) (1672),3436194,1672
,,0,2023-05-13T14:16:53.297754135Z,2023-06-12T14:16:53.297754135Z,2023-06-07T12:22:39.573267396Z,28.12,docker_used_memory_mb,preseq (DA385) (1672),preseq (DA385) (1672),3436194,1672
,,0,2023-05-13T14:16:53.297754135Z,2023-06-12T14:16:53.297754135Z,2023-06-07T12:22:43.569064669Z,27.96,docker_used_memory_mb,preseq (DA385) (1672),preseq (DA385) (1672),3436194,1672
,,0,2023-05-13T14:16:53.297754135Z,2023-06-12T14:16:53.297754135Z,2023-06-07T12:22:47.568935188Z,28.11,docker_used_memory_mb,preseq (DA385) (1672),preseq (DA385) (1672),3436194,1672
,,0,2023-05-13T14:16:53.297754135Z,2023-06-12T14:16:53.297754135Z,2023-06-07T12:22:51.569387213Z,28.52,docker_used_memory_mb,preseq (DA385) (1672),preseq (DA385) (1672),3436194,1672
,,0,2023-05-13T14:16:53.297754135Z,2023-06-12T14:16:53.297754135Z,2023-06-07T12:22:54.558514691Z,28.41,docker_used_memory_mb,preseq (DA385) (1672),preseq (DA385) (1672),3436194,1672
,,0,2023-05-13T14:16:53.297754135Z,2023-06-12T14:16:53.297754135Z,2023-06-07T12:22:58.588733721Z,28.44,docker_used_memory_mb,preseq (DA385) (1672),preseq (DA385) (1672),3436194,1672
,,0,2023-05-13T14:16:53.297754135Z,2023-06-12T14:16:53.297754135Z,2023-06-07T12:23:02.569082507Z,28.35,docker_used_memory_mb,preseq (DA385) (1672),preseq (DA385) (1672),3436194,1672
,,0,2023-05-13T14:16:53.297754135Z,2023-06-12T14:16:53.297754135Z,2023-06-07T12:23:06.580962837Z,28.59,docker_used_memory_mb,preseq (DA385) (1672),preseq (DA385) (1672),3436194,1672
,,0,2023-05-13T14:16:53.297754135Z,2023-06-12T14:16:53.297754135Z,2023-06-07T12:23:09.558684703Z,28.44,docker_used_memory_mb,preseq (DA385) (1672),preseq (DA385) (1672),3436194,1672
,,0,2023-05-13T14:16:53.297754135Z,2023-06-12T14:16:53.297754135Z,2023-06-07T12:23:13.569221085Z,28.58,docker_used_memory_mb,preseq (DA385) (1672),preseq (DA385) (1672),3436194,1672
,,0,2023-05-13T14:16:53.297754135Z,2023-06-12T14:16:53.297754135Z,2023-06-07T12:23:18.565054225Z,28.52,docker_used_memory_mb,preseq (DA385) (1672),preseq (DA385) (1672),3436194,1672
,,0,2023-05-13T14:16:53.297754135Z,2023-06-12T14:16:53.297754135Z,2023-06-07T12:23:21.564970113Z,28.66,docker_used_memory_mb,preseq (DA385) (1672),preseq (DA385) (1672),3436194,1672
,,0,2023-05-13T14:16:53.297754135Z,2023-06-12T14:16:53.297754135Z,2023-06-07T12:23:27.565143644Z,28.77,docker_used_memory_mb,preseq (DA385) (1672),preseq (DA385) (1672),3436194,1672
,,0,2023-05-13T14:16:53.297754135Z,2023-06-12T14:16:53.297754135Z,2023-06-07T12:23:30.564915163Z,28.44,docker_used_memory_mb,preseq (DA385) (1672),preseq (DA385) (1672),3436194,1672
,,0,2023-05-13T14:16:53.297754135Z,2023-06-12T14:16:53.297754135Z,2023-06-07T12:23:34.573159128Z,28.2,docker_used_memory_mb,preseq (DA385) (1672),preseq (DA385) (1672),3436194,1672
,,0,2023-05-13T14:16:53.297754135Z,2023-06-12T14:16:53.297754135Z,2023-06-07T12:23:38.576929218Z,28.46,docker_used_memory_mb,preseq (DA385) (1672),preseq (DA385) (1672),3436194,1672
,,0,2023-05-13T14:16:53.297754135Z,2023-06-12T14:16:53.297754135Z,2023-06-07T12:23:41.581095871Z,28.5,docker_used_memory_mb,preseq (DA385) (1672),preseq (DA385) (1672),3436194,1672
,,0,2023-05-13T14:16:53.297754135Z,2023-06-12T14:16:53.297754135Z,2023-06-07T12:23:45.561338487Z,28.53,docker_used_memory_mb,preseq (DA385) (1672),preseq (DA385) (1672),3436194,1672
,,0,2023-05-13T14:16:53.297754135Z,2023-06-12T14:16:53.297754135Z,2023-06-07T12:23:48.568604525Z,28.59,docker_used_memory_mb,preseq (DA385) (1672),preseq (DA385) (1672),3436194,1672
,,0,2023-05-13T14:16:53.297754135Z,2023-06-12T14:16:53.297754135Z,2023-06-07T12:23:52.577098637Z,28.79,docker_used_memory_mb,preseq (DA385) (1672),preseq (DA385) (1672),3436194,1672
,,0,2023-05-13T14:16:53.297754135Z,2023-06-12T14:16:53.297754135Z,2023-06-07T12:23:55.565045897Z,28.55,docker_used_memory_mb,preseq (DA385) (1672),preseq (DA385) (1672),3436194,1672
,,0,2023-05-13T14:16:53.297754135Z,2023-06-12T14:16:53.297754135Z,2023-06-07T12:23:58.569073808Z,28.44,docker_used_memory_mb,preseq (DA385) (1672),preseq (DA385) (1672),3436194,1672
,,0,2023-05-13T14:16:53.297754135Z,2023-06-12T14:16:53.297754135Z,2023-06-07T12:24:01.561145866Z,28.5,docker_used_memory_mb,preseq (DA385) (1672),preseq (DA385) (1672),3436194,1672
,,0,2023-05-13T14:16:53.297754135Z,2023-06-12T14:16:53.297754135Z,2023-06-07T12:24:04.569047238Z,28.51,docker_used_memory_mb,preseq (DA385) (1672),preseq (DA385) (1672),3436194,1672
,,0,2023-05-13T14:16:53.297754135Z,2023-06-12T14:16:53.297754135Z,2023-06-07T12:24:08.5662381Z,28.68,docker_used_memory_mb,preseq (DA385) (1672),preseq (DA385) (1672),3436194,1672
,,0,2023-05-13T14:16:53.297754135Z,2023-06-12T14:16:53.297754135Z,2023-06-07T12:24:12.560903938Z,28.59,docker_used_memory_mb,preseq (DA385) (1672),preseq (DA385) (1672),3436194,1672
,,0,2023-05-13T14:16:53.297754135Z,2023-06-12T14:16:53.297754135Z,2023-06-07T12:24:16.577039198Z,28.54,docker_used_memory_mb,preseq (DA385) (1672),preseq (DA385) (1672),3436194,1672
,,0,2023-05-13T14:16:53.297754135Z,2023-06-12T14:16:53.297754135Z,2023-06-07T12:24:21.565188706Z,28.55,docker_used_memory_mb,preseq (DA385) (1672),preseq (DA385) (1672),3436194,1672
,,0,2023-05-13T14:16:53.297754135Z,2023-06-12T14:16:53.297754135Z,2023-06-07T12:24:24.568897015Z,28.62,docker_used_memory_mb,preseq (DA385) (1672),preseq (DA385) (1672),3436194,1672
,,0,2023-05-13T14:16:53.297754135Z,2023-06-12T14:16:53.297754135Z,2023-06-07T12:24:29.561465657Z,28.8,docker_used_memory_mb,preseq (DA385) (1672),preseq (DA385) (1672),3436194,1672
,,0,2023-05-13T14:16:53.297754135Z,2023-06-12T14:16:53.297754135Z,2023-06-07T12:24:33.568839098Z,28.38,docker_used_memory_mb,preseq (DA385) (1672),preseq (DA385) (1672),3436194,1672
,,0,2023-05-13T14:16:53.297754135Z,2023-06-12T14:16:53.297754135Z,2023-06-07T12:24:36.580795265Z,28.39,docker_used_memory_mb,preseq (DA385) (1672),preseq (DA385) (1672),3436194,1672
,,0,2023-05-13T14:16:53.297754135Z,2023-06-12T14:16:53.297754135Z,2023-06-07T12:24:40.572869414Z,28.46,docker_used_memory_mb,preseq (DA385) (1672),preseq (DA385) (1672),3436194,1672
,,0,2023-05-13T14:16:53.297754135Z,2023-06-12T14:16:53.297754135Z,2023-06-07T12:24:43.56134308Z,28.8,docker_used_memory_mb,preseq (DA385) (1672),preseq (DA385) (1672),3436194,1672
,,0,2023-05-13T14:16:53.297754135Z,2023-06-12T14:16:53.297754135Z,2023-06-07T12:24:47.565080377Z,28.77,docker_used_memory_mb,preseq (DA385) (1672),preseq (DA385) (1672),3436194,1672
,,0,2023-05-13T14:16:53.297754135Z,2023-06-12T14:16:53.297754135Z,2023-06-07T12:24:51.569157644Z,28.33,docker_used_memory_mb,preseq (DA385) (1672),preseq (DA385) (1672),3436194,1672
,,0,2023-05-13T14:16:53.297754135Z,2023-06-12T14:16:53.297754135Z,2023-06-07T12:24:55.56517232Z,28.37,docker_used_memory_mb,preseq (DA385) (1672),preseq (DA385) (1672),3436194,1672
,,0,2023-05-13T14:16:53.297754135Z,2023-06-12T14:16:53.297754135Z,2023-06-07T12:25:00.56868013Z,28.72,docker_used_memory_mb,preseq (DA385) (1672),preseq (DA385) (1672),3436194,1672
,,0,2023-05-13T14:16:53.297754135Z,2023-06-12T14:16:53.297754135Z,2023-06-07T12:25:04.565065343Z,29.31,docker_used_memory_mb,preseq (DA385) (1672),preseq (DA385) (1672),3436194,1672
,,0,2023-05-13T14:16:53.297754135Z,2023-06-12T14:16:53.297754135Z,2023-06-07T12:25:08.572976652Z,28.38,docker_used_memory_mb,preseq (DA385) (1672),preseq (DA385) (1672),3436194,1672
,,0,2023-05-13T14:16:53.297754135Z,2023-06-12T14:16:53.297754135Z,2023-06-07T12:25:12.569075013Z,28.23,docker_used_memory_mb,preseq (DA385) (1672),preseq (DA385) (1672),3436194,1672
,,0,2023-05-13T14:16:53.297754135Z,2023-06-12T14:16:53.297754135Z,2023-06-07T12:25:15.561098999Z,28.45,docker_used_memory_mb,preseq (DA385) (1672),preseq (DA385) (1672),3436194,1672
,,0,2023-05-13T14:16:53.297754135Z,2023-06-12T14:16:53.297754135Z,2023-06-07T12:25:19.55858441Z,28.51,docker_used_memory_mb,preseq (DA385) (1672),preseq (DA385) (1672),3436194,1672
,,0,2023-05-13T14:16:53.297754135Z,2023-06-12T14:16:53.297754135Z,2023-06-07T12:25:22.564785254Z,28.41,docker_used_memory_mb,preseq (DA385) (1672),preseq (DA385) (1672),3436194,1672
,,0,2023-05-13T14:16:53.297754135Z,2023-06-12T14:16:53.297754135Z,2023-06-07T12:25:25.561148464Z,28.41,docker_used_memory_mb,preseq (DA385) (1672),preseq (DA385) (1672),3436194,1672
,,0,2023-05-13T14:16:53.297754135Z,2023-06-12T14:16:53.297754135Z,2023-06-07T12:25:29.569416543Z,28.57,docker_used_memory_mb,preseq (DA385) (1672),preseq (DA385) (1672),3436194,1672
,,0,2023-05-13T14:16:53.297754135Z,2023-06-12T14:16:53.297754135Z,2023-06-07T12:25:33.568753326Z,28.7,docker_used_memory_mb,preseq (DA385) (1672),preseq (DA385) (1672),3436194,1672
,,0,2023-05-13T14:16:53.297754135Z,2023-06-12T14:16:53.297754135Z,2023-06-07T12:25:38.565009609Z,28.26,docker_used_memory_mb,preseq (DA385) (1672),preseq (DA385) (1672),3436194,1672
,,0,2023-05-13T14:16:53.297754135Z,2023-06-12T14:16:53.297754135Z,2023-06-07T12:25:42.568944644Z,28.34,docker_used_memory_mb,preseq (DA385) (1672),preseq (DA385) (1672),3436194,1672
,,0,2023-05-13T14:16:53.297754135Z,2023-06-12T14:16:53.297754135Z,2023-06-07T12:25:47.561799593Z,28.18,docker_used_memory_mb,preseq (DA385) (1672),preseq (DA385) (1672),3436194,1672
,,0,2023-05-13T14:16:53.297754135Z,2023-06-12T14:16:53.297754135Z,2023-06-07T12:25:51.570206806Z,28.12,docker_used_memory_mb,preseq (DA385) (1672),preseq (DA385) (1672),3436194,1672
,,0,2023-05-13T14:16:53.297754135Z,2023-06-12T14:16:53.297754135Z,2023-06-07T12:25:56.592687463Z,29.2,docker_used_memory_mb,preseq (DA385) (1672),preseq (DA385) (1672),3436194,1672
,,0,2023-05-13T14:16:53.297754135Z,2023-06-12T14:16:53.297754135Z,2023-06-07T12:26:02.564911843Z,28.42,docker_used_memory_mb,preseq (DA385) (1672),preseq (DA385) (1672),3436194,1672
,,0,2023-05-13T14:16:53.297754135Z,2023-06-12T14:16:53.297754135Z,2023-06-07T12:26:09.565187069Z,28.31,docker_used_memory_mb,preseq (DA385) (1672),preseq (DA385) (1672),3436194,1672
,,0,2023-05-13T14:16:53.297754135Z,2023-06-12T14:16:53.297754135Z,2023-06-07T12:26:15.569156311Z,28.3,docker_used_memory_mb,preseq (DA385) (1672),preseq (DA385) (1672),3436194,1672
,,0,2023-05-13T14:16:53.297754135Z,2023-06-12T14:16:53.297754135Z,2023-06-07T12:26:19.558934687Z,28.26,docker_used_memory_mb,preseq (DA385) (1672),preseq (DA385) (1672),3436194,1672
,,0,2023-05-13T14:16:53.297754135Z,2023-06-12T14:16:53.297754135Z,2023-06-07T12:26:22.562065602Z,28.26,docker_used_memory_mb,preseq (DA385) (1672),preseq (DA385) (1672),3436194,1672
,,0,2023-05-13T14:16:53.297754135Z,2023-06-12T14:16:53.297754135Z,2023-06-07T12:26:25.565229157Z,28.26,docker_used_memory_mb,preseq (DA385) (1672),preseq (DA385) (1672),3436194,1672
,,0,2023-05-13T14:16:53.297754135Z,2023-06-12T14:16:53.297754135Z,2023-06-07T12:26:29.55820753Z,28.38,docker_used_memory_mb,preseq (DA385) (1672),preseq (DA385) (1672),3436194,1672
,,0,2023-05-13T14:16:53.297754135Z,2023-06-12T14:16:53.297754135Z,2023-06-07T12:26:32.558009895Z,28.38,docker_used_memory_mb,preseq (DA385) (1672),preseq (DA385) (1672),3436194,1672
,,0,2023-05-13T14:16:53.297754135Z,2023-06-12T14:16:53.297754135Z,2023-06-07T12:26:35.558578794Z,28.38,docker_used_memory_mb,preseq (DA385) (1672),preseq (DA385) (1672),3436194,1672
,,0,2023-05-13T14:16:53.297754135Z,2023-06-12T14:16:53.297754135Z,2023-06-07T12:26:38.559526903Z,28.51,docker_used_memory_mb,preseq (DA385) (1672),preseq (DA385) (1672),3436194,1672
,,0,2023-05-13T14:16:53.297754135Z,2023-06-12T14:16:53.297754135Z,2023-06-07T12:26:41.56479851Z,28.39,docker_used_memory_mb,preseq (DA385) (1672),preseq (DA385) (1672),3436194,1672
,,0,2023-05-13T14:16:53.297754135Z,2023-06-12T14:16:53.297754135Z,2023-06-07T12:26:44.569095864Z,28.27,docker_used_memory_mb,preseq (DA385) (1672),preseq (DA385) (1672),3436194,1672
,,0,2023-05-13T14:16:53.297754135Z,2023-06-12T14:16:53.297754135Z,2023-06-07T12:26:48.55801054Z,28.27,docker_used_memory_mb,preseq (DA385) (1672),preseq (DA385) (1672),3436194,1672
,,0,2023-05-13T14:16:53.297754135Z,2023-06-12T14:16:53.297754135Z,2023-06-07T12:26:51.55817567Z,28.27,docker_used_memory_mb,preseq (DA385) (1672),preseq (DA385) (1672),3436194,1672
,,0,2023-05-13T14:16:53.297754135Z,2023-06-12T14:16:53.297754135Z,2023-06-07T12:26:54.559072543Z,28.2,docker_used_memory_mb,preseq (DA385) (1672),preseq (DA385) (1672),3436194,1672
,,0,2023-05-13T14:16:53.297754135Z,2023-06-12T14:16:53.297754135Z,2023-06-07T12:26:57.558692344Z,28.41,docker_used_memory_mb,preseq (DA385) (1672),preseq (DA385) (1672),3436194,1672
,,0,2023-05-13T14:16:53.297754135Z,2023-06-12T14:16:53.297754135Z,2023-06-07T12:27:01.55850202Z,28.29,docker_used_memory_mb,preseq (DA385) (1672),preseq (DA385) (1672),3436194,1672
,,0,2023-05-13T14:16:53.297754135Z,2023-06-12T14:16:53.297754135Z,2023-06-07T12:27:04.558065048Z,28.16,docker_used_memory_mb,preseq (DA385) (1672),preseq (DA385) (1672),3436194,1672
,,0,2023-05-13T14:16:53.297754135Z,2023-06-12T14:16:53.297754135Z,2023-06-07T12:27:07.558020066Z,28.16,docker_used_memory_mb,preseq (DA385) (1672),preseq (DA385) (1672),3436194,1672
,,0,2023-05-13T14:16:53.297754135Z,2023-06-12T14:16:53.297754135Z,2023-06-07T12:27:10.558863302Z,28.16,docker_used_memory_mb,preseq (DA385) (1672),preseq (DA385) (1672),3436194,1672
,,0,2023-05-13T14:16:53.297754135Z,2023-06-12T14:16:53.297754135Z,2023-06-07T12:27:13.558283292Z,28.16,docker_used_memory_mb,preseq (DA385) (1672),preseq (DA385) (1672),3436194,1672
,,0,2023-05-13T14:16:53.297754135Z,2023-06-12T14:16:53.297754135Z,2023-06-07T12:27:16.558700452Z,28.16,docker_used_memory_mb,preseq (DA385) (1672),preseq (DA385) (1672),3436194,1672
,,0,2023-05-13T14:16:53.297754135Z,2023-06-12T14:16:53.297754135Z,2023-06-07T12:27:19.558058738Z,28.16,docker_used_memory_mb,preseq (DA385) (1672),preseq (DA385) (1672),3436194,1672
,,0,2023-05-13T14:16:53.297754135Z,2023-06-12T14:16:53.297754135Z,2023-06-07T12:27:22.558042243Z,28.1,docker_used_memory_mb,preseq (DA385) (1672),preseq (DA385) (1672),3436194,1672
,,0,2023-05-13T14:16:53.297754135Z,2023-06-12T14:16:53.297754135Z,2023-06-07T12:27:25.559478853Z,28.1,docker_used_memory_mb,preseq (DA385) (1672),preseq (DA385) (1672),3436194,1672
,,0,2023-05-13T14:16:53.297754135Z,2023-06-12T14:16:53.297754135Z,2023-06-07T12:27:28.559228899Z,28.21,docker_used_memory_mb,preseq (DA385) (1672),preseq (DA385) (1672),3436194,1672
,,0,2023-05-13T14:16:53.297754135Z,2023-06-12T14:16:53.297754135Z,2023-06-07T12:27:32.558483605Z,28.21,docker_used_memory_mb,preseq (DA385) (1672),preseq (DA385) (1672),3436194,1672
,,0,2023-05-13T14:16:53.297754135Z,2023-06-12T14:16:53.297754135Z,2023-06-07T12:27:35.557915438Z,28.21,docker_used_memory_mb,preseq (DA385) (1672),preseq (DA385) (1672),3436194,1672
,,0,2023-05-13T14:16:53.297754135Z,2023-06-12T14:16:53.297754135Z,2023-06-07T12:27:38.557920889Z,28.21,docker_used_memory_mb,preseq (DA385) (1672),preseq (DA385) (1672),3436194,1672
,,0,2023-05-13T14:16:53.297754135Z,2023-06-12T14:16:53.297754135Z,2023-06-07T12:27:40.558775479Z,28.21,docker_used_memory_mb,preseq (DA385) (1672),preseq (DA385) (1672),3436194,1672
,,0,2023-05-13T14:16:53.297754135Z,2023-06-12T14:16:53.297754135Z,2023-06-07T12:27:42.55842253Z,28.21,docker_used_memory_mb,preseq (DA385) (1672),preseq (DA385) (1672),3436194,1672
,,0,2023-05-13T14:16:53.297754135Z,2023-06-12T14:16:53.297754135Z,2023-06-07T12:27:44.558824246Z,28.21,docker_used_memory_mb,preseq (DA385) (1672),preseq (DA385) (1672),3436194,1672
,,0,2023-05-13T14:16:53.297754135Z,2023-06-12T14:16:53.297754135Z,2023-06-07T12:27:46.558400194Z,28.21,docker_used_memory_mb,preseq (DA385) (1672),preseq (DA385) (1672),3436194,1672
,,0,2023-05-13T14:16:53.297754135Z,2023-06-12T14:16:53.297754135Z,2023-06-07T12:27:48.559094958Z,28.21,docker_used_memory_mb,preseq (DA385) (1672),preseq (DA385) (1672),3436194,1672
,,0,2023-05-13T14:16:53.297754135Z,2023-06-12T14:16:53.297754135Z,2023-06-07T12:27:50.558804809Z,28.21,docker_used_memory_mb,preseq (DA385) (1672),preseq (DA385) (1672),3436194,1672
,,0,2023-05-13T14:16:53.297754135Z,2023-06-12T14:16:53.297754135Z,2023-06-07T12:27:52.558333345Z,28.21,docker_used_memory_mb,preseq (DA385) (1672),preseq (DA385) (1672),3436194,1672
,,0,2023-05-13T14:16:53.297754135Z,2023-06-12T14:16:53.297754135Z,2023-06-07T12:27:54.558977466Z,28.2,docker_used_memory_mb,preseq (DA385) (1672),preseq (DA385) (1672),3436194,1672
,,0,2023-05-13T14:16:53.297754135Z,2023-06-12T14:16:53.297754135Z,2023-06-07T12:27:56.558744118Z,28.38,docker_used_memory_mb,preseq (DA385) (1672),preseq (DA385) (1672),3436194,1672
,,0,2023-05-13T14:16:53.297754135Z,2023-06-12T14:16:53.297754135Z,2023-06-07T12:27:58.558257313Z,28.03,docker_used_memory_mb,preseq (DA385) (1672),preseq (DA385) (1672),3436194,1672
,,0,2023-05-13T14:16:53.297754135Z,2023-06-12T14:16:53.297754135Z,2023-06-07T12:28:00.55850996Z,27.98,docker_used_memory_mb,preseq (DA385) (1672),preseq (DA385) (1672),3436194,1672
,,0,2023-05-13T14:16:53.297754135Z,2023-06-12T14:16:53.297754135Z,2023-06-07T12:28:02.558164308Z,27.98,docker_used_memory_mb,preseq (DA385) (1672),preseq (DA385) (1672),3436194,1672
,,0,2023-05-13T14:16:53.297754135Z,2023-06-12T14:16:53.297754135Z,2023-06-07T12:28:05.559043378Z,27.98,docker_used_memory_mb,preseq (DA385) (1672),preseq (DA385) (1672),3436194,1672
,,0,2023-05-13T14:16:53.297754135Z,2023-06-12T14:16:53.297754135Z,2023-06-07T12:28:07.558622113Z,28,docker_used_memory_mb,preseq (DA385) (1672),preseq (DA385) (1672),3436194,1672
,,0,2023-05-13T14:16:53.297754135Z,2023-06-12T14:16:53.297754135Z,2023-06-07T12:28:10.55818407Z,28.05,docker_used_memory_mb,preseq (DA385) (1672),preseq (DA385) (1672),3436194,1672
,,0,2023-05-13T14:16:53.297754135Z,2023-06-12T14:16:53.297754135Z,2023-06-07T12:28:12.558243289Z,27.93,docker_used_memory_mb,preseq (DA385) (1672),preseq (DA385) (1672),3436194,1672
,,0,2023-05-13T14:16:53.297754135Z,2023-06-12T14:16:53.297754135Z,2023-06-07T12:28:14.55902656Z,28.01,docker_used_memory_mb,preseq (DA385) (1672),preseq (DA385) (1672),3436194,1672
