#datatype,string,long,dateTime:RFC3339,dateTime:RFC3339,dateTime:RFC3339,double,string,string,string,string,string
#group,false,false,true,true,false,false,true,true,true,true,true
#default,_result,,,,,,,,,,
,result,table,_start,_stop,_time,_value,_field,_measurement,name,pid,tid
,,0,2023-05-13T12:40:53.877451271Z,2023-06-12T12:40:53.877451271Z,2023-06-02T03:37:21.833881426Z,133.2554,docker_cpu_usage_pct,adapter_removal (DA28_L1) (321),adapter_removal (DA28_L1) (321),3723750,321
,,0,2023-05-13T12:40:53.877451271Z,2023-06-12T12:40:53.877451271Z,2023-06-02T03:37:23.833290596Z,133.111,docker_cpu_usage_pct,adapter_removal (DA28_L1) (321),adapter_removal (DA28_L1) (321),3723750,321
,,0,2023-05-13T12:40:53.877451271Z,2023-06-12T12:40:53.877451271Z,2023-06-02T03:37:25.833389265Z,131.8122,docker_cpu_usage_pct,adapter_removal (DA28_L1) (321),adapter_removal (DA28_L1) (321),3723750,321
,,0,2023-05-13T12:40:53.877451271Z,2023-06-12T12:40:53.877451271Z,2023-06-02T03:37:27.833549043Z,133.0843,docker_cpu_usage_pct,adapter_removal (DA28_L1) (321),adapter_removal (DA28_L1) (321),3723750,321
,,0,2023-05-13T12:40:53.877451271Z,2023-06-12T12:40:53.877451271Z,2023-06-02T03:37:29.833129869Z,132.6947,docker_cpu_usage_pct,adapter_removal (DA28_L1) (321),adapter_removal (DA28_L1) (321),3723750,321
,,0,2023-05-13T12:40:53.877451271Z,2023-06-12T12:40:53.877451271Z,2023-06-02T03:37:31.83359988Z,125.0002,docker_cpu_usage_pct,adapter_removal (DA28_L1) (321),adapter_removal (DA28_L1) (321),3723750,321
,,0,2023-05-13T12:40:53.877451271Z,2023-06-12T12:40:53.877451271Z,2023-06-02T03:37:33.833972724Z,125.2033,docker_cpu_usage_pct,adapter_removal (DA28_L1) (321),adapter_removal (DA28_L1) (321),3723750,321
,,0,2023-05-13T12:40:53.877451271Z,2023-06-12T12:40:53.877451271Z,2023-06-02T03:37:35.833432267Z,131.3841,docker_cpu_usage_pct,adapter_removal (DA28_L1) (321),adapter_removal (DA28_L1) (321),3723750,321
,,0,2023-05-13T12:40:53.877451271Z,2023-06-12T12:40:53.877451271Z,2023-06-02T03:37:37.833996322Z,124.6982,docker_cpu_usage_pct,adapter_removal (DA28_L1) (321),adapter_removal (DA28_L1) (321),3723750,321
,,0,2023-05-13T12:40:53.877451271Z,2023-06-12T12:40:53.877451271Z,2023-06-02T03:37:39.833236991Z,124.7643,docker_cpu_usage_pct,adapter_removal (DA28_L1) (321),adapter_removal (DA28_L1) (321),3723750,321
,,0,2023-05-13T12:40:53.877451271Z,2023-06-12T12:40:53.877451271Z,2023-06-02T03:37:41.833749978Z,127.0027,docker_cpu_usage_pct,adapter_removal (DA28_L1) (321),adapter_removal (DA28_L1) (321),3723750,321
,,0,2023-05-13T12:40:53.877451271Z,2023-06-12T12:40:53.877451271Z,2023-06-02T03:37:43.833356623Z,126.9957,docker_cpu_usage_pct,adapter_removal (DA28_L1) (321),adapter_removal (DA28_L1) (321),3723750,321
,,0,2023-05-13T12:40:53.877451271Z,2023-06-12T12:40:53.877451271Z,2023-06-02T03:37:45.833537743Z,130.4993,docker_cpu_usage_pct,adapter_removal (DA28_L1) (321),adapter_removal (DA28_L1) (321),3723750,321
,,0,2023-05-13T12:40:53.877451271Z,2023-06-12T12:40:53.877451271Z,2023-06-02T03:37:47.833037328Z,125.8935,docker_cpu_usage_pct,adapter_removal (DA28_L1) (321),adapter_removal (DA28_L1) (321),3723750,321
,,0,2023-05-13T12:40:53.877451271Z,2023-06-12T12:40:53.877451271Z,2023-06-02T03:37:49.83314254Z,125.0131,docker_cpu_usage_pct,adapter_removal (DA28_L1) (321),adapter_removal (DA28_L1) (321),3723750,321
,,0,2023-05-13T12:40:53.877451271Z,2023-06-12T12:40:53.877451271Z,2023-06-02T03:37:51.833891068Z,125.3725,docker_cpu_usage_pct,adapter_removal (DA28_L1) (321),adapter_removal (DA28_L1) (321),3723750,321
,,0,2023-05-13T12:40:53.877451271Z,2023-06-12T12:40:53.877451271Z,2023-06-02T03:37:53.833054324Z,124.475,docker_cpu_usage_pct,adapter_removal (DA28_L1) (321),adapter_removal (DA28_L1) (321),3723750,321
,,0,2023-05-13T12:40:53.877451271Z,2023-06-12T12:40:53.877451271Z,2023-06-02T03:37:55.833692273Z,131.3739,docker_cpu_usage_pct,adapter_removal (DA28_L1) (321),adapter_removal (DA28_L1) (321),3723750,321
,,0,2023-05-13T12:40:53.877451271Z,2023-06-12T12:40:53.877451271Z,2023-06-02T03:37:57.833012078Z,125.8488,docker_cpu_usage_pct,adapter_removal (DA28_L1) (321),adapter_removal (DA28_L1) (321),3723750,321
,,0,2023-05-13T12:40:53.877451271Z,2023-06-12T12:40:53.877451271Z,2023-06-02T03:37:59.833444584Z,124.4909,docker_cpu_usage_pct,adapter_removal (DA28_L1) (321),adapter_removal (DA28_L1) (321),3723750,321
,,0,2023-05-13T12:40:53.877451271Z,2023-06-12T12:40:53.877451271Z,2023-06-02T03:38:01.833817347Z,124.6323,docker_cpu_usage_pct,adapter_removal (DA28_L1) (321),adapter_removal (DA28_L1) (321),3723750,321
,,0,2023-05-13T12:40:53.877451271Z,2023-06-12T12:40:53.877451271Z,2023-06-02T03:38:03.833302067Z,124.5358,docker_cpu_usage_pct,adapter_removal (DA28_L1) (321),adapter_removal (DA28_L1) (321),3723750,321
,,0,2023-05-13T12:40:53.877451271Z,2023-06-12T12:40:53.877451271Z,2023-06-02T03:38:05.833839178Z,131.0136,docker_cpu_usage_pct,adapter_removal (DA28_L1) (321),adapter_removal (DA28_L1) (321),3723750,321
,,0,2023-05-13T12:40:53.877451271Z,2023-06-12T12:40:53.877451271Z,2023-06-02T03:38:07.833304222Z,125.8712,docker_cpu_usage_pct,adapter_removal (DA28_L1) (321),adapter_removal (DA28_L1) (321),3723750,321
,,0,2023-05-13T12:40:53.877451271Z,2023-06-12T12:40:53.877451271Z,2023-06-02T03:38:09.833734204Z,125.7712,docker_cpu_usage_pct,adapter_removal (DA28_L1) (321),adapter_removal (DA28_L1) (321),3723750,321
,,0,2023-05-13T12:40:53.877451271Z,2023-06-12T12:40:53.877451271Z,2023-06-02T03:38:11.833265515Z,126.3999,docker_cpu_usage_pct,adapter_removal (DA28_L1) (321),adapter_removal (DA28_L1) (321),3723750,321
,,0,2023-05-13T12:40:53.877451271Z,2023-06-12T12:40:53.877451271Z,2023-06-02T03:38:13.83366775Z,125.3785,docker_cpu_usage_pct,adapter_removal (DA28_L1) (321),adapter_removal (DA28_L1) (321),3723750,321
,,0,2023-05-13T12:40:53.877451271Z,2023-06-12T12:40:53.877451271Z,2023-06-02T03:38:15.832645077Z,135.3069,docker_cpu_usage_pct,adapter_removal (DA28_L1) (321),adapter_removal (DA28_L1) (321),3723750,321
,,0,2023-05-13T12:40:53.877451271Z,2023-06-12T12:40:53.877451271Z,2023-06-02T03:38:17.833293154Z,126.1497,docker_cpu_usage_pct,adapter_removal (DA28_L1) (321),adapter_removal (DA28_L1) (321),3723750,321
,,0,2023-05-13T12:40:53.877451271Z,2023-06-12T12:40:53.877451271Z,2023-06-02T03:38:19.833668249Z,125.4386,docker_cpu_usage_pct,adapter_removal (DA28_L1) (321),adapter_removal (DA28_L1) (321),3723750,321
,,0,2023-05-13T12:40:53.877451271Z,2023-06-12T12:40:53.877451271Z,2023-06-02T03:38:21.833001889Z,124.9444,docker_cpu_usage_pct,adapter_removal (DA28_L1) (321),adapter_removal (DA28_L1) (321),3723750,321
,,0,2023-05-13T12:40:53.877451271Z,2023-06-12T12:40:53.877451271Z,2023-06-02T03:38:23.833515263Z,126.4105,docker_cpu_usage_pct,adapter_removal (DA28_L1) (321),adapter_removal (DA28_L1) (321),3723750,321
,,0,2023-05-13T12:40:53.877451271Z,2023-06-12T12:40:53.877451271Z,2023-06-02T03:38:25.83387533Z,133.5313,docker_cpu_usage_pct,adapter_removal (DA28_L1) (321),adapter_removal (DA28_L1) (321),3723750,321
,,0,2023-05-13T12:40:53.877451271Z,2023-06-12T12:40:53.877451271Z,2023-06-02T03:38:27.833510721Z,125.1893,docker_cpu_usage_pct,adapter_removal (DA28_L1) (321),adapter_removal (DA28_L1) (321),3723750,321
,,0,2023-05-13T12:40:53.877451271Z,2023-06-12T12:40:53.877451271Z,2023-06-02T03:38:29.833880121Z,127.8056,docker_cpu_usage_pct,adapter_removal (DA28_L1) (321),adapter_removal (DA28_L1) (321),3723750,321
,,0,2023-05-13T12:40:53.877451271Z,2023-06-12T12:40:53.877451271Z,2023-06-02T03:38:31.833226477Z,124.7083,docker_cpu_usage_pct,adapter_removal (DA28_L1) (321),adapter_removal (DA28_L1) (321),3723750,321
,,0,2023-05-13T12:40:53.877451271Z,2023-06-12T12:40:53.877451271Z,2023-06-02T03:38:33.833717417Z,125.6303,docker_cpu_usage_pct,adapter_removal (DA28_L1) (321),adapter_removal (DA28_L1) (321),3723750,321
,,0,2023-05-13T12:40:53.877451271Z,2023-06-12T12:40:53.877451271Z,2023-06-02T03:38:35.833021995Z,132.7195,docker_cpu_usage_pct,adapter_removal (DA28_L1) (321),adapter_removal (DA28_L1) (321),3723750,321
,,0,2023-05-13T12:40:53.877451271Z,2023-06-12T12:40:53.877451271Z,2023-06-02T03:38:37.833474238Z,124.7238,docker_cpu_usage_pct,adapter_removal (DA28_L1) (321),adapter_removal (DA28_L1) (321),3723750,321
,,0,2023-05-13T12:40:53.877451271Z,2023-06-12T12:40:53.877451271Z,2023-06-02T03:38:39.834277209Z,126.1971,docker_cpu_usage_pct,adapter_removal (DA28_L1) (321),adapter_removal (DA28_L1) (321),3723750,321
,,0,2023-05-13T12:40:53.877451271Z,2023-06-12T12:40:53.877451271Z,2023-06-02T03:38:41.83390541Z,126.8411,docker_cpu_usage_pct,adapter_removal (DA28_L1) (321),adapter_removal (DA28_L1) (321),3723750,321
,,0,2023-05-13T12:40:53.877451271Z,2023-06-12T12:40:53.877451271Z,2023-06-02T03:38:43.832793434Z,124.4876,docker_cpu_usage_pct,adapter_removal (DA28_L1) (321),adapter_removal (DA28_L1) (321),3723750,321
,,0,2023-05-13T12:40:53.877451271Z,2023-06-12T12:40:53.877451271Z,2023-06-02T03:38:45.833301218Z,130.3836,docker_cpu_usage_pct,adapter_removal (DA28_L1) (321),adapter_removal (DA28_L1) (321),3723750,321
,,0,2023-05-13T12:40:53.877451271Z,2023-06-12T12:40:53.877451271Z,2023-06-02T03:38:47.834072716Z,124.2409,docker_cpu_usage_pct,adapter_removal (DA28_L1) (321),adapter_removal (DA28_L1) (321),3723750,321
,,0,2023-05-13T12:40:53.877451271Z,2023-06-12T12:40:53.877451271Z,2023-06-02T03:38:49.833351575Z,124.3342,docker_cpu_usage_pct,adapter_removal (DA28_L1) (321),adapter_removal (DA28_L1) (321),3723750,321
,,0,2023-05-13T12:40:53.877451271Z,2023-06-12T12:40:53.877451271Z,2023-06-02T03:38:51.833558892Z,125.0537,docker_cpu_usage_pct,adapter_removal (DA28_L1) (321),adapter_removal (DA28_L1) (321),3723750,321
,,0,2023-05-13T12:40:53.877451271Z,2023-06-12T12:40:53.877451271Z,2023-06-02T03:38:53.83300091Z,126.6295,docker_cpu_usage_pct,adapter_removal (DA28_L1) (321),adapter_removal (DA28_L1) (321),3723750,321
,,0,2023-05-13T12:40:53.877451271Z,2023-06-12T12:40:53.877451271Z,2023-06-02T03:38:55.833669705Z,132.7675,docker_cpu_usage_pct,adapter_removal (DA28_L1) (321),adapter_removal (DA28_L1) (321),3723750,321
,,0,2023-05-13T12:40:53.877451271Z,2023-06-12T12:40:53.877451271Z,2023-06-02T03:38:57.83314785Z,123.3226,docker_cpu_usage_pct,adapter_removal (DA28_L1) (321),adapter_removal (DA28_L1) (321),3723750,321
,,0,2023-05-13T12:40:53.877451271Z,2023-06-12T12:40:53.877451271Z,2023-06-02T03:38:59.833632083Z,125.2162,docker_cpu_usage_pct,adapter_removal (DA28_L1) (321),adapter_removal (DA28_L1) (321),3723750,321
,,0,2023-05-13T12:40:53.877451271Z,2023-06-12T12:40:53.877451271Z,2023-06-02T03:39:01.833004079Z,126.0883,docker_cpu_usage_pct,adapter_removal (DA28_L1) (321),adapter_removal (DA28_L1) (321),3723750,321
,,0,2023-05-13T12:40:53.877451271Z,2023-06-12T12:40:53.877451271Z,2023-06-02T03:39:03.833551569Z,125.4897,docker_cpu_usage_pct,adapter_removal (DA28_L1) (321),adapter_removal (DA28_L1) (321),3723750,321
,,0,2023-05-13T12:40:53.877451271Z,2023-06-12T12:40:53.877451271Z,2023-06-02T03:39:05.833848769Z,131.1212,docker_cpu_usage_pct,adapter_removal (DA28_L1) (321),adapter_removal (DA28_L1) (321),3723750,321
,,0,2023-05-13T12:40:53.877451271Z,2023-06-12T12:40:53.877451271Z,2023-06-02T03:39:07.83333756Z,125.3792,docker_cpu_usage_pct,adapter_removal (DA28_L1) (321),adapter_removal (DA28_L1) (321),3723750,321
,,0,2023-05-13T12:40:53.877451271Z,2023-06-12T12:40:53.877451271Z,2023-06-02T03:39:09.833743378Z,123.2091,docker_cpu_usage_pct,adapter_removal (DA28_L1) (321),adapter_removal (DA28_L1) (321),3723750,321
,,0,2023-05-13T12:40:53.877451271Z,2023-06-12T12:40:53.877451271Z,2023-06-02T03:39:11.833392019Z,127.045,docker_cpu_usage_pct,adapter_removal (DA28_L1) (321),adapter_removal (DA28_L1) (321),3723750,321
,,0,2023-05-13T12:40:53.877451271Z,2023-06-12T12:40:53.877451271Z,2023-06-02T03:39:13.834099941Z,126.1582,docker_cpu_usage_pct,adapter_removal (DA28_L1) (321),adapter_removal (DA28_L1) (321),3723750,321
,,0,2023-05-13T12:40:53.877451271Z,2023-06-12T12:40:53.877451271Z,2023-06-02T03:39:15.833464248Z,132.1777,docker_cpu_usage_pct,adapter_removal (DA28_L1) (321),adapter_removal (DA28_L1) (321),3723750,321
,,0,2023-05-13T12:40:53.877451271Z,2023-06-12T12:40:53.877451271Z,2023-06-02T03:39:17.834228448Z,129.3165,docker_cpu_usage_pct,adapter_removal (DA28_L1) (321),adapter_removal (DA28_L1) (321),3723750,321
,,0,2023-05-13T12:40:53.877451271Z,2023-06-12T12:40:53.877451271Z,2023-06-02T03:39:20.833340952Z,125.8326,docker_cpu_usage_pct,adapter_removal (DA28_L1) (321),adapter_removal (DA28_L1) (321),3723750,321
,,0,2023-05-13T12:40:53.877451271Z,2023-06-12T12:40:53.877451271Z,2023-06-02T03:39:22.833859066Z,126.0519,docker_cpu_usage_pct,adapter_removal (DA28_L1) (321),adapter_removal (DA28_L1) (321),3723750,321
,,0,2023-05-13T12:40:53.877451271Z,2023-06-12T12:40:53.877451271Z,2023-06-02T03:39:24.83285275Z,125.6266,docker_cpu_usage_pct,adapter_removal (DA28_L1) (321),adapter_removal (DA28_L1) (321),3723750,321
,,0,2023-05-13T12:40:53.877451271Z,2023-06-12T12:40:53.877451271Z,2023-06-02T03:39:26.833540575Z,132.7195,docker_cpu_usage_pct,adapter_removal (DA28_L1) (321),adapter_removal (DA28_L1) (321),3723750,321
,,0,2023-05-13T12:40:53.877451271Z,2023-06-12T12:40:53.877451271Z,2023-06-02T03:39:28.833858896Z,125.9864,docker_cpu_usage_pct,adapter_removal (DA28_L1) (321),adapter_removal (DA28_L1) (321),3723750,321
,,0,2023-05-13T12:40:53.877451271Z,2023-06-12T12:40:53.877451271Z,2023-06-02T03:39:30.83342903Z,125.1747,docker_cpu_usage_pct,adapter_removal (DA28_L1) (321),adapter_removal (DA28_L1) (321),3723750,321
,,0,2023-05-13T12:40:53.877451271Z,2023-06-12T12:40:53.877451271Z,2023-06-02T03:39:32.833542029Z,126.3436,docker_cpu_usage_pct,adapter_removal (DA28_L1) (321),adapter_removal (DA28_L1) (321),3723750,321
,,0,2023-05-13T12:40:53.877451271Z,2023-06-12T12:40:53.877451271Z,2023-06-02T03:39:34.833296354Z,125.7409,docker_cpu_usage_pct,adapter_removal (DA28_L1) (321),adapter_removal (DA28_L1) (321),3723750,321
,,0,2023-05-13T12:40:53.877451271Z,2023-06-12T12:40:53.877451271Z,2023-06-02T03:39:36.833642346Z,132.3341,docker_cpu_usage_pct,adapter_removal (DA28_L1) (321),adapter_removal (DA28_L1) (321),3723750,321
,,0,2023-05-13T12:40:53.877451271Z,2023-06-12T12:40:53.877451271Z,2023-06-02T03:39:38.833106697Z,124.4902,docker_cpu_usage_pct,adapter_removal (DA28_L1) (321),adapter_removal (DA28_L1) (321),3723750,321
,,0,2023-05-13T12:40:53.877451271Z,2023-06-12T12:40:53.877451271Z,2023-06-02T03:39:40.833599309Z,125.3401,docker_cpu_usage_pct,adapter_removal (DA28_L1) (321),adapter_removal (DA28_L1) (321),3723750,321
,,0,2023-05-13T12:40:53.877451271Z,2023-06-12T12:40:53.877451271Z,2023-06-02T03:39:42.833052605Z,126.6861,docker_cpu_usage_pct,adapter_removal (DA28_L1) (321),adapter_removal (DA28_L1) (321),3723750,321
,,0,2023-05-13T12:40:53.877451271Z,2023-06-12T12:40:53.877451271Z,2023-06-02T03:39:44.833660345Z,128.1758,docker_cpu_usage_pct,adapter_removal (DA28_L1) (321),adapter_removal (DA28_L1) (321),3723750,321
,,0,2023-05-13T12:40:53.877451271Z,2023-06-12T12:40:53.877451271Z,2023-06-02T03:39:46.833101396Z,134.0765,docker_cpu_usage_pct,adapter_removal (DA28_L1) (321),adapter_removal (DA28_L1) (321),3723750,321
,,0,2023-05-13T12:40:53.877451271Z,2023-06-12T12:40:53.877451271Z,2023-06-02T03:39:48.833593047Z,122.9264,docker_cpu_usage_pct,adapter_removal (DA28_L1) (321),adapter_removal (DA28_L1) (321),3723750,321
,,0,2023-05-13T12:40:53.877451271Z,2023-06-12T12:40:53.877451271Z,2023-06-02T03:39:50.833061094Z,125.0493,docker_cpu_usage_pct,adapter_removal (DA28_L1) (321),adapter_removal (DA28_L1) (321),3723750,321
,,0,2023-05-13T12:40:53.877451271Z,2023-06-12T12:40:53.877451271Z,2023-06-02T03:39:52.833384335Z,125.8618,docker_cpu_usage_pct,adapter_removal (DA28_L1) (321),adapter_removal (DA28_L1) (321),3723750,321
,,0,2023-05-13T12:40:53.877451271Z,2023-06-12T12:40:53.877451271Z,2023-06-02T03:39:54.833856499Z,125.0092,docker_cpu_usage_pct,adapter_removal (DA28_L1) (321),adapter_removal (DA28_L1) (321),3723750,321
,,0,2023-05-13T12:40:53.877451271Z,2023-06-12T12:40:53.877451271Z,2023-06-02T03:39:56.83337585Z,133.6891,docker_cpu_usage_pct,adapter_removal (DA28_L1) (321),adapter_removal (DA28_L1) (321),3723750,321
,,0,2023-05-13T12:40:53.877451271Z,2023-06-12T12:40:53.877451271Z,2023-06-02T03:39:58.833920991Z,125.4992,docker_cpu_usage_pct,adapter_removal (DA28_L1) (321),adapter_removal (DA28_L1) (321),3723750,321
,,0,2023-05-13T12:40:53.877451271Z,2023-06-12T12:40:53.877451271Z,2023-06-02T03:40:00.83320611Z,125.9106,docker_cpu_usage_pct,adapter_removal (DA28_L1) (321),adapter_removal (DA28_L1) (321),3723750,321
,,0,2023-05-13T12:40:53.877451271Z,2023-06-12T12:40:53.877451271Z,2023-06-02T03:40:02.833678784Z,126.5653,docker_cpu_usage_pct,adapter_removal (DA28_L1) (321),adapter_removal (DA28_L1) (321),3723750,321
,,0,2023-05-13T12:40:53.877451271Z,2023-06-12T12:40:53.877451271Z,2023-06-02T03:40:04.833142104Z,125.8064,docker_cpu_usage_pct,adapter_removal (DA28_L1) (321),adapter_removal (DA28_L1) (321),3723750,321
,,0,2023-05-13T12:40:53.877451271Z,2023-06-12T12:40:53.877451271Z,2023-06-02T03:40:06.833795819Z,131.0331,docker_cpu_usage_pct,adapter_removal (DA28_L1) (321),adapter_removal (DA28_L1) (321),3723750,321
,,0,2023-05-13T12:40:53.877451271Z,2023-06-12T12:40:53.877451271Z,2023-06-02T03:40:08.832958645Z,126.4669,docker_cpu_usage_pct,adapter_removal (DA28_L1) (321),adapter_removal (DA28_L1) (321),3723750,321
,,0,2023-05-13T12:40:53.877451271Z,2023-06-12T12:40:53.877451271Z,2023-06-02T03:40:10.833793721Z,124.5466,docker_cpu_usage_pct,adapter_removal (DA28_L1) (321),adapter_removal (DA28_L1) (321),3723750,321
,,0,2023-05-13T12:40:53.877451271Z,2023-06-12T12:40:53.877451271Z,2023-06-02T03:40:12.833411676Z,124.2432,docker_cpu_usage_pct,adapter_removal (DA28_L1) (321),adapter_removal (DA28_L1) (321),3723750,321
,,0,2023-05-13T12:40:53.877451271Z,2023-06-12T12:40:53.877451271Z,2023-06-02T03:40:14.833611788Z,127.3797,docker_cpu_usage_pct,adapter_removal (DA28_L1) (321),adapter_removal (DA28_L1) (321),3723750,321
,,0,2023-05-13T12:40:53.877451271Z,2023-06-12T12:40:53.877451271Z,2023-06-02T03:40:16.833449636Z,131.8592,docker_cpu_usage_pct,adapter_removal (DA28_L1) (321),adapter_removal (DA28_L1) (321),3723750,321
,,0,2023-05-13T12:40:53.877451271Z,2023-06-12T12:40:53.877451271Z,2023-06-02T03:40:18.83386056Z,123.6116,docker_cpu_usage_pct,adapter_removal (DA28_L1) (321),adapter_removal (DA28_L1) (321),3723750,321
,,0,2023-05-13T12:40:53.877451271Z,2023-06-12T12:40:53.877451271Z,2023-06-02T03:40:20.833205867Z,125.1488,docker_cpu_usage_pct,adapter_removal (DA28_L1) (321),adapter_removal (DA28_L1) (321),3723750,321
,,0,2023-05-13T12:40:53.877451271Z,2023-06-12T12:40:53.877451271Z,2023-06-02T03:40:22.833628827Z,127.0451,docker_cpu_usage_pct,adapter_removal (DA28_L1) (321),adapter_removal (DA28_L1) (321),3723750,321
,,0,2023-05-13T12:40:53.877451271Z,2023-06-12T12:40:53.877451271Z,2023-06-02T03:40:24.833230338Z,124.1819,docker_cpu_usage_pct,adapter_removal (DA28_L1) (321),adapter_removal (DA28_L1) (321),3723750,321
,,0,2023-05-13T12:40:53.877451271Z,2023-06-12T12:40:53.877451271Z,2023-06-02T03:40:26.83387525Z,131.5378,docker_cpu_usage_pct,adapter_removal (DA28_L1) (321),adapter_removal (DA28_L1) (321),3723750,321
,,0,2023-05-13T12:40:53.877451271Z,2023-06-12T12:40:53.877451271Z,2023-06-02T03:40:28.83358204Z,124.4357,docker_cpu_usage_pct,adapter_removal (DA28_L1) (321),adapter_removal (DA28_L1) (321),3723750,321
,,0,2023-05-13T12:40:53.877451271Z,2023-06-12T12:40:53.877451271Z,2023-06-02T03:40:30.833762773Z,125.1314,docker_cpu_usage_pct,adapter_removal (DA28_L1) (321),adapter_removal (DA28_L1) (321),3723750,321
,,0,2023-05-13T12:40:53.877451271Z,2023-06-12T12:40:53.877451271Z,2023-06-02T03:40:32.833363085Z,127.9638,docker_cpu_usage_pct,adapter_removal (DA28_L1) (321),adapter_removal (DA28_L1) (321),3723750,321
,,0,2023-05-13T12:40:53.877451271Z,2023-06-12T12:40:53.877451271Z,2023-06-02T03:40:34.833778251Z,126.2946,docker_cpu_usage_pct,adapter_removal (DA28_L1) (321),adapter_removal (DA28_L1) (321),3723750,321
,,0,2023-05-13T12:40:53.877451271Z,2023-06-12T12:40:53.877451271Z,2023-06-02T03:40:36.833194213Z,130.6572,docker_cpu_usage_pct,adapter_removal (DA28_L1) (321),adapter_removal (DA28_L1) (321),3723750,321
,,0,2023-05-13T12:40:53.877451271Z,2023-06-12T12:40:53.877451271Z,2023-06-02T03:40:38.833975036Z,126.0131,docker_cpu_usage_pct,adapter_removal (DA28_L1) (321),adapter_removal (DA28_L1) (321),3723750,321
,,0,2023-05-13T12:40:53.877451271Z,2023-06-12T12:40:53.877451271Z,2023-06-02T03:40:40.833482707Z,123.6187,docker_cpu_usage_pct,adapter_removal (DA28_L1) (321),adapter_removal (DA28_L1) (321),3723750,321
,,0,2023-05-13T12:40:53.877451271Z,2023-06-12T12:40:53.877451271Z,2023-06-02T03:40:42.833662997Z,123.8806,docker_cpu_usage_pct,adapter_removal (DA28_L1) (321),adapter_removal (DA28_L1) (321),3723750,321
,,0,2023-05-13T12:40:53.877451271Z,2023-06-12T12:40:53.877451271Z,2023-06-02T03:40:44.833323428Z,126.1428,docker_cpu_usage_pct,adapter_removal (DA28_L1) (321),adapter_removal (DA28_L1) (321),3723750,321
,,0,2023-05-13T12:40:53.877451271Z,2023-06-12T12:40:53.877451271Z,2023-06-02T03:40:46.833562355Z,131.3033,docker_cpu_usage_pct,adapter_removal (DA28_L1) (321),adapter_removal (DA28_L1) (321),3723750,321
,,0,2023-05-13T12:40:53.877451271Z,2023-06-12T12:40:53.877451271Z,2023-06-02T03:40:48.833383426Z,124.314,docker_cpu_usage_pct,adapter_removal (DA28_L1) (321),adapter_removal (DA28_L1) (321),3723750,321
,,0,2023-05-13T12:40:53.877451271Z,2023-06-12T12:40:53.877451271Z,2023-06-02T03:40:50.833732773Z,125.8462,docker_cpu_usage_pct,adapter_removal (DA28_L1) (321),adapter_removal (DA28_L1) (321),3723750,321
,,0,2023-05-13T12:40:53.877451271Z,2023-06-12T12:40:53.877451271Z,2023-06-02T03:40:52.833205619Z,125.3724,docker_cpu_usage_pct,adapter_removal (DA28_L1) (321),adapter_removal (DA28_L1) (321),3723750,321
,,0,2023-05-13T12:40:53.877451271Z,2023-06-12T12:40:53.877451271Z,2023-06-02T03:40:54.833367305Z,126.4428,docker_cpu_usage_pct,adapter_removal (DA28_L1) (321),adapter_removal (DA28_L1) (321),3723750,321
,,0,2023-05-13T12:40:53.877451271Z,2023-06-12T12:40:53.877451271Z,2023-06-02T03:40:56.833104896Z,131.5607,docker_cpu_usage_pct,adapter_removal (DA28_L1) (321),adapter_removal (DA28_L1) (321),3723750,321
,,0,2023-05-13T12:40:53.877451271Z,2023-06-12T12:40:53.877451271Z,2023-06-02T03:40:58.833276828Z,124.3701,docker_cpu_usage_pct,adapter_removal (DA28_L1) (321),adapter_removal (DA28_L1) (321),3723750,321
,,0,2023-05-13T12:40:53.877451271Z,2023-06-12T12:40:53.877451271Z,2023-06-02T03:41:00.833721897Z,125.3132,docker_cpu_usage_pct,adapter_removal (DA28_L1) (321),adapter_removal (DA28_L1) (321),3723750,321
,,0,2023-05-13T12:40:53.877451271Z,2023-06-12T12:40:53.877451271Z,2023-06-02T03:41:02.832980535Z,125.3584,docker_cpu_usage_pct,adapter_removal (DA28_L1) (321),adapter_removal (DA28_L1) (321),3723750,321
,,0,2023-05-13T12:40:53.877451271Z,2023-06-12T12:40:53.877451271Z,2023-06-02T03:41:04.833482432Z,125.5146,docker_cpu_usage_pct,adapter_removal (DA28_L1) (321),adapter_removal (DA28_L1) (321),3723750,321
,,0,2023-05-13T12:40:53.877451271Z,2023-06-12T12:40:53.877451271Z,2023-06-02T03:41:06.832787568Z,132.4987,docker_cpu_usage_pct,adapter_removal (DA28_L1) (321),adapter_removal (DA28_L1) (321),3723750,321
,,0,2023-05-13T12:40:53.877451271Z,2023-06-12T12:40:53.877451271Z,2023-06-02T03:41:08.833555679Z,124.5251,docker_cpu_usage_pct,adapter_removal (DA28_L1) (321),adapter_removal (DA28_L1) (321),3723750,321
,,0,2023-05-13T12:40:53.877451271Z,2023-06-12T12:40:53.877451271Z,2023-06-02T03:41:10.834161123Z,124.8021,docker_cpu_usage_pct,adapter_removal (DA28_L1) (321),adapter_removal (DA28_L1) (321),3723750,321
,,0,2023-05-13T12:40:53.877451271Z,2023-06-12T12:40:53.877451271Z,2023-06-02T03:41:12.834078922Z,124.7996,docker_cpu_usage_pct,adapter_removal (DA28_L1) (321),adapter_removal (DA28_L1) (321),3723750,321
,,0,2023-05-13T12:40:53.877451271Z,2023-06-12T12:40:53.877451271Z,2023-06-02T03:41:14.833472553Z,125.8256,docker_cpu_usage_pct,adapter_removal (DA28_L1) (321),adapter_removal (DA28_L1) (321),3723750,321
,,0,2023-05-13T12:40:53.877451271Z,2023-06-12T12:40:53.877451271Z,2023-06-02T03:41:17.833755103Z,132.5832,docker_cpu_usage_pct,adapter_removal (DA28_L1) (321),adapter_removal (DA28_L1) (321),3723750,321
,,0,2023-05-13T12:40:53.877451271Z,2023-06-12T12:40:53.877451271Z,2023-06-02T03:41:19.833433398Z,123.7463,docker_cpu_usage_pct,adapter_removal (DA28_L1) (321),adapter_removal (DA28_L1) (321),3723750,321
,,0,2023-05-13T12:40:53.877451271Z,2023-06-12T12:40:53.877451271Z,2023-06-02T03:41:21.833729661Z,126.6991,docker_cpu_usage_pct,adapter_removal (DA28_L1) (321),adapter_removal (DA28_L1) (321),3723750,321
,,0,2023-05-13T12:40:53.877451271Z,2023-06-12T12:40:53.877451271Z,2023-06-02T03:41:23.833098911Z,127.0724,docker_cpu_usage_pct,adapter_removal (DA28_L1) (321),adapter_removal (DA28_L1) (321),3723750,321
,,0,2023-05-13T12:40:53.877451271Z,2023-06-12T12:40:53.877451271Z,2023-06-02T03:41:25.833951127Z,124.0846,docker_cpu_usage_pct,adapter_removal (DA28_L1) (321),adapter_removal (DA28_L1) (321),3723750,321
,,0,2023-05-13T12:40:53.877451271Z,2023-06-12T12:40:53.877451271Z,2023-06-02T03:41:27.833525231Z,132.2157,docker_cpu_usage_pct,adapter_removal (DA28_L1) (321),adapter_removal (DA28_L1) (321),3723750,321
,,0,2023-05-13T12:40:53.877451271Z,2023-06-12T12:40:53.877451271Z,2023-06-02T03:41:29.834026652Z,125.4553,docker_cpu_usage_pct,adapter_removal (DA28_L1) (321),adapter_removal (DA28_L1) (321),3723750,321
,,0,2023-05-13T12:40:53.877451271Z,2023-06-12T12:40:53.877451271Z,2023-06-02T03:41:31.833473588Z,124.4931,docker_cpu_usage_pct,adapter_removal (DA28_L1) (321),adapter_removal (DA28_L1) (321),3723750,321
,,0,2023-05-13T12:40:53.877451271Z,2023-06-12T12:40:53.877451271Z,2023-06-02T03:41:33.833751557Z,126.1937,docker_cpu_usage_pct,adapter_removal (DA28_L1) (321),adapter_removal (DA28_L1) (321),3723750,321
,,0,2023-05-13T12:40:53.877451271Z,2023-06-12T12:40:53.877451271Z,2023-06-02T03:41:35.833387195Z,122.9748,docker_cpu_usage_pct,adapter_removal (DA28_L1) (321),adapter_removal (DA28_L1) (321),3723750,321
,,0,2023-05-13T12:40:53.877451271Z,2023-06-12T12:40:53.877451271Z,2023-06-02T03:41:37.83362953Z,132.3334,docker_cpu_usage_pct,adapter_removal (DA28_L1) (321),adapter_removal (DA28_L1) (321),3723750,321
,,0,2023-05-13T12:40:53.877451271Z,2023-06-12T12:40:53.877451271Z,2023-06-02T03:41:39.833045906Z,124.0253,docker_cpu_usage_pct,adapter_removal (DA28_L1) (321),adapter_removal (DA28_L1) (321),3723750,321
,,0,2023-05-13T12:40:53.877451271Z,2023-06-12T12:40:53.877451271Z,2023-06-02T03:41:41.833435592Z,123.4234,docker_cpu_usage_pct,adapter_removal (DA28_L1) (321),adapter_removal (DA28_L1) (321),3723750,321
,,0,2023-05-13T12:40:53.877451271Z,2023-06-12T12:40:53.877451271Z,2023-06-02T03:41:43.832808764Z,125.1257,docker_cpu_usage_pct,adapter_removal (DA28_L1) (321),adapter_removal (DA28_L1) (321),3723750,321
,,0,2023-05-13T12:40:53.877451271Z,2023-06-12T12:40:53.877451271Z,2023-06-02T03:41:45.833479504Z,124.036,docker_cpu_usage_pct,adapter_removal (DA28_L1) (321),adapter_removal (DA28_L1) (321),3723750,321
,,0,2023-05-13T12:40:53.877451271Z,2023-06-12T12:40:53.877451271Z,2023-06-02T03:41:47.832866922Z,133.4082,docker_cpu_usage_pct,adapter_removal (DA28_L1) (321),adapter_removal (DA28_L1) (321),3723750,321
,,0,2023-05-13T12:40:53.877451271Z,2023-06-12T12:40:53.877451271Z,2023-06-02T03:41:49.833493767Z,127.4841,docker_cpu_usage_pct,adapter_removal (DA28_L1) (321),adapter_removal (DA28_L1) (321),3723750,321
,,0,2023-05-13T12:40:53.877451271Z,2023-06-12T12:40:53.877451271Z,2023-06-02T03:41:51.832994235Z,124.9314,docker_cpu_usage_pct,adapter_removal (DA28_L1) (321),adapter_removal (DA28_L1) (321),3723750,321
,,0,2023-05-13T12:40:53.877451271Z,2023-06-12T12:40:53.877451271Z,2023-06-02T03:41:53.833602346Z,125.1999,docker_cpu_usage_pct,adapter_removal (DA28_L1) (321),adapter_removal (DA28_L1) (321),3723750,321
,,0,2023-05-13T12:40:53.877451271Z,2023-06-12T12:40:53.877451271Z,2023-06-02T03:41:55.833646068Z,123.2923,docker_cpu_usage_pct,adapter_removal (DA28_L1) (321),adapter_removal (DA28_L1) (321),3723750,321
,,0,2023-05-13T12:40:53.877451271Z,2023-06-12T12:40:53.877451271Z,2023-06-02T03:41:57.8331406Z,132.662,docker_cpu_usage_pct,adapter_removal (DA28_L1) (321),adapter_removal (DA28_L1) (321),3723750,321
,,0,2023-05-13T12:40:53.877451271Z,2023-06-12T12:40:53.877451271Z,2023-06-02T03:41:59.833976672Z,125.2293,docker_cpu_usage_pct,adapter_removal (DA28_L1) (321),adapter_removal (DA28_L1) (321),3723750,321
,,0,2023-05-13T12:40:53.877451271Z,2023-06-12T12:40:53.877451271Z,2023-06-02T03:42:01.833361507Z,126.3143,docker_cpu_usage_pct,adapter_removal (DA28_L1) (321),adapter_removal (DA28_L1) (321),3723750,321
,,0,2023-05-13T12:40:53.877451271Z,2023-06-12T12:40:53.877451271Z,2023-06-02T03:42:03.833851525Z,124.8683,docker_cpu_usage_pct,adapter_removal (DA28_L1) (321),adapter_removal (DA28_L1) (321),3723750,321
,,0,2023-05-13T12:40:53.877451271Z,2023-06-12T12:40:53.877451271Z,2023-06-02T03:42:05.833228205Z,124.7762,docker_cpu_usage_pct,adapter_removal (DA28_L1) (321),adapter_removal (DA28_L1) (321),3723750,321
,,0,2023-05-13T12:40:53.877451271Z,2023-06-12T12:40:53.877451271Z,2023-06-02T03:42:07.833652508Z,131.3872,docker_cpu_usage_pct,adapter_removal (DA28_L1) (321),adapter_removal (DA28_L1) (321),3723750,321
,,0,2023-05-13T12:40:53.877451271Z,2023-06-12T12:40:53.877451271Z,2023-06-02T03:42:09.833227481Z,123.4709,docker_cpu_usage_pct,adapter_removal (DA28_L1) (321),adapter_removal (DA28_L1) (321),3723750,321
,,0,2023-05-13T12:40:53.877451271Z,2023-06-12T12:40:53.877451271Z,2023-06-02T03:42:11.833815204Z,124.701,docker_cpu_usage_pct,adapter_removal (DA28_L1) (321),adapter_removal (DA28_L1) (321),3723750,321
,,0,2023-05-13T12:40:53.877451271Z,2023-06-12T12:40:53.877451271Z,2023-06-02T03:42:13.832965841Z,126.2388,docker_cpu_usage_pct,adapter_removal (DA28_L1) (321),adapter_removal (DA28_L1) (321),3723750,321
,,0,2023-05-13T12:40:53.877451271Z,2023-06-12T12:40:53.877451271Z,2023-06-02T03:42:15.833648123Z,126.908,docker_cpu_usage_pct,adapter_removal (DA28_L1) (321),adapter_removal (DA28_L1) (321),3723750,321
,,0,2023-05-13T12:40:53.877451271Z,2023-06-12T12:40:53.877451271Z,2023-06-02T03:42:17.832895989Z,130.525,docker_cpu_usage_pct,adapter_removal (DA28_L1) (321),adapter_removal (DA28_L1) (321),3723750,321
,,0,2023-05-13T12:40:53.877451271Z,2023-06-12T12:40:53.877451271Z,2023-06-02T03:42:19.833694252Z,125.4518,docker_cpu_usage_pct,adapter_removal (DA28_L1) (321),adapter_removal (DA28_L1) (321),3723750,321
,,0,2023-05-13T12:40:53.877451271Z,2023-06-12T12:40:53.877451271Z,2023-06-02T03:42:21.832936794Z,123.3179,docker_cpu_usage_pct,adapter_removal (DA28_L1) (321),adapter_removal (DA28_L1) (321),3723750,321
,,0,2023-05-13T12:40:53.877451271Z,2023-06-12T12:40:53.877451271Z,2023-06-02T03:42:23.83362383Z,125.341,docker_cpu_usage_pct,adapter_removal (DA28_L1) (321),adapter_removal (DA28_L1) (321),3723750,321
,,0,2023-05-13T12:40:53.877451271Z,2023-06-12T12:40:53.877451271Z,2023-06-02T03:42:25.833066255Z,128.0848,docker_cpu_usage_pct,adapter_removal (DA28_L1) (321),adapter_removal (DA28_L1) (321),3723750,321
,,0,2023-05-13T12:40:53.877451271Z,2023-06-12T12:40:53.877451271Z,2023-06-02T03:42:27.83354279Z,133.6227,docker_cpu_usage_pct,adapter_removal (DA28_L1) (321),adapter_removal (DA28_L1) (321),3723750,321
,,0,2023-05-13T12:40:53.877451271Z,2023-06-12T12:40:53.877451271Z,2023-06-02T03:42:29.832827336Z,121.4564,docker_cpu_usage_pct,adapter_removal (DA28_L1) (321),adapter_removal (DA28_L1) (321),3723750,321
,,0,2023-05-13T12:40:53.877451271Z,2023-06-12T12:40:53.877451271Z,2023-06-02T03:42:31.833764503Z,124.9131,docker_cpu_usage_pct,adapter_removal (DA28_L1) (321),adapter_removal (DA28_L1) (321),3723750,321
,,0,2023-05-13T12:40:53.877451271Z,2023-06-12T12:40:53.877451271Z,2023-06-02T03:42:33.832886311Z,124.166,docker_cpu_usage_pct,adapter_removal (DA28_L1) (321),adapter_removal (DA28_L1) (321),3723750,321
,,0,2023-05-13T12:40:53.877451271Z,2023-06-12T12:40:53.877451271Z,2023-06-02T03:42:35.833732491Z,125.1831,docker_cpu_usage_pct,adapter_removal (DA28_L1) (321),adapter_removal (DA28_L1) (321),3723750,321
,,0,2023-05-13T12:40:53.877451271Z,2023-06-12T12:40:53.877451271Z,2023-06-02T03:42:37.832987559Z,130.6903,docker_cpu_usage_pct,adapter_removal (DA28_L1) (321),adapter_removal (DA28_L1) (321),3723750,321
,,0,2023-05-13T12:40:53.877451271Z,2023-06-12T12:40:53.877451271Z,2023-06-02T03:42:39.83334176Z,125.6871,docker_cpu_usage_pct,adapter_removal (DA28_L1) (321),adapter_removal (DA28_L1) (321),3723750,321
,,0,2023-05-13T12:40:53.877451271Z,2023-06-12T12:40:53.877451271Z,2023-06-02T03:42:41.833008738Z,126.2516,docker_cpu_usage_pct,adapter_removal (DA28_L1) (321),adapter_removal (DA28_L1) (321),3723750,321
,,0,2023-05-13T12:40:53.877451271Z,2023-06-12T12:40:53.877451271Z,2023-06-02T03:42:43.833572332Z,125.4754,docker_cpu_usage_pct,adapter_removal (DA28_L1) (321),adapter_removal (DA28_L1) (321),3723750,321
,,0,2023-05-13T12:40:53.877451271Z,2023-06-12T12:40:53.877451271Z,2023-06-02T03:42:45.833077752Z,122.1658,docker_cpu_usage_pct,adapter_removal (DA28_L1) (321),adapter_removal (DA28_L1) (321),3723750,321
,,0,2023-05-13T12:40:53.877451271Z,2023-06-12T12:40:53.877451271Z,2023-06-02T03:42:47.833300382Z,130.5118,docker_cpu_usage_pct,adapter_removal (DA28_L1) (321),adapter_removal (DA28_L1) (321),3723750,321
,,0,2023-05-13T12:40:53.877451271Z,2023-06-12T12:40:53.877451271Z,2023-06-02T03:42:49.833121757Z,124.0245,docker_cpu_usage_pct,adapter_removal (DA28_L1) (321),adapter_removal (DA28_L1) (321),3723750,321
,,0,2023-05-13T12:40:53.877451271Z,2023-06-12T12:40:53.877451271Z,2023-06-02T03:42:51.833186569Z,124.0439,docker_cpu_usage_pct,adapter_removal (DA28_L1) (321),adapter_removal (DA28_L1) (321),3723750,321
,,0,2023-05-13T12:40:53.877451271Z,2023-06-12T12:40:53.877451271Z,2023-06-02T03:42:53.833752955Z,122.5324,docker_cpu_usage_pct,adapter_removal (DA28_L1) (321),adapter_removal (DA28_L1) (321),3723750,321
,,0,2023-05-13T12:40:53.877451271Z,2023-06-12T12:40:53.877451271Z,2023-06-02T03:42:55.83339592Z,123.8239,docker_cpu_usage_pct,adapter_removal (DA28_L1) (321),adapter_removal (DA28_L1) (321),3723750,321
,,0,2023-05-13T12:40:53.877451271Z,2023-06-12T12:40:53.877451271Z,2023-06-02T03:42:57.833891731Z,130.578,docker_cpu_usage_pct,adapter_removal (DA28_L1) (321),adapter_removal (DA28_L1) (321),3723750,321
,,0,2023-05-13T12:40:53.877451271Z,2023-06-12T12:40:53.877451271Z,2023-06-02T03:42:59.833324746Z,123.9584,docker_cpu_usage_pct,adapter_removal (DA28_L1) (321),adapter_removal (DA28_L1) (321),3723750,321
,,0,2023-05-13T12:40:53.877451271Z,2023-06-12T12:40:53.877451271Z,2023-06-02T03:43:01.834250447Z,124.5134,docker_cpu_usage_pct,adapter_removal (DA28_L1) (321),adapter_removal (DA28_L1) (321),3723750,321
,,0,2023-05-13T12:40:53.877451271Z,2023-06-12T12:40:53.877451271Z,2023-06-02T03:43:04.833485046Z,124.3167,docker_cpu_usage_pct,adapter_removal (DA28_L1) (321),adapter_removal (DA28_L1) (321),3723750,321
,,0,2023-05-13T12:40:53.877451271Z,2023-06-12T12:40:53.877451271Z,2023-06-02T03:43:06.833865795Z,124.8971,docker_cpu_usage_pct,adapter_removal (DA28_L1) (321),adapter_removal (DA28_L1) (321),3723750,321
,,0,2023-05-13T12:40:53.877451271Z,2023-06-12T12:40:53.877451271Z,2023-06-02T03:43:08.833675395Z,130.4045,docker_cpu_usage_pct,adapter_removal (DA28_L1) (321),adapter_removal (DA28_L1) (321),3723750,321
,,0,2023-05-13T12:40:53.877451271Z,2023-06-12T12:40:53.877451271Z,2023-06-02T03:43:10.834009579Z,125.2266,docker_cpu_usage_pct,adapter_removal (DA28_L1) (321),adapter_removal (DA28_L1) (321),3723750,321
,,0,2023-05-13T12:40:53.877451271Z,2023-06-12T12:40:53.877451271Z,2023-06-02T03:43:12.833430083Z,123.6032,docker_cpu_usage_pct,adapter_removal (DA28_L1) (321),adapter_removal (DA28_L1) (321),3723750,321
,,0,2023-05-13T12:40:53.877451271Z,2023-06-12T12:40:53.877451271Z,2023-06-02T03:43:14.833560368Z,124.5654,docker_cpu_usage_pct,adapter_removal (DA28_L1) (321),adapter_removal (DA28_L1) (321),3723750,321
,,0,2023-05-13T12:40:53.877451271Z,2023-06-12T12:40:53.877451271Z,2023-06-02T03:43:16.833292299Z,124.376,docker_cpu_usage_pct,adapter_removal (DA28_L1) (321),adapter_removal (DA28_L1) (321),3723750,321
,,0,2023-05-13T12:40:53.877451271Z,2023-06-12T12:40:53.877451271Z,2023-06-02T03:43:18.833527674Z,129.5423,docker_cpu_usage_pct,adapter_removal (DA28_L1) (321),adapter_removal (DA28_L1) (321),3723750,321
,,0,2023-05-13T12:40:53.877451271Z,2023-06-12T12:40:53.877451271Z,2023-06-02T03:43:20.833905511Z,124.6249,docker_cpu_usage_pct,adapter_removal (DA28_L1) (321),adapter_removal (DA28_L1) (321),3723750,321
,,0,2023-05-13T12:40:53.877451271Z,2023-06-12T12:40:53.877451271Z,2023-06-02T03:43:22.833214764Z,124.5947,docker_cpu_usage_pct,adapter_removal (DA28_L1) (321),adapter_removal (DA28_L1) (321),3723750,321
,,0,2023-05-13T12:40:53.877451271Z,2023-06-12T12:40:53.877451271Z,2023-06-02T03:43:24.833707672Z,124.5058,docker_cpu_usage_pct,adapter_removal (DA28_L1) (321),adapter_removal (DA28_L1) (321),3723750,321
,,0,2023-05-13T12:40:53.877451271Z,2023-06-12T12:40:53.877451271Z,2023-06-02T03:43:26.83297699Z,124.1308,docker_cpu_usage_pct,adapter_removal (DA28_L1) (321),adapter_removal (DA28_L1) (321),3723750,321
,,0,2023-05-13T12:40:53.877451271Z,2023-06-12T12:40:53.877451271Z,2023-06-02T03:43:28.833668222Z,129.4091,docker_cpu_usage_pct,adapter_removal (DA28_L1) (321),adapter_removal (DA28_L1) (321),3723750,321
,,0,2023-05-13T12:40:53.877451271Z,2023-06-12T12:40:53.877451271Z,2023-06-02T03:43:30.833943498Z,125.0678,docker_cpu_usage_pct,adapter_removal (DA28_L1) (321),adapter_removal (DA28_L1) (321),3723750,321
,,0,2023-05-13T12:40:53.877451271Z,2023-06-12T12:40:53.877451271Z,2023-06-02T03:43:32.833060727Z,123.3381,docker_cpu_usage_pct,adapter_removal (DA28_L1) (321),adapter_removal (DA28_L1) (321),3723750,321
,,0,2023-05-13T12:40:53.877451271Z,2023-06-12T12:40:53.877451271Z,2023-06-02T03:43:34.833850237Z,125.4465,docker_cpu_usage_pct,adapter_removal (DA28_L1) (321),adapter_removal (DA28_L1) (321),3723750,321
,,0,2023-05-13T12:40:53.877451271Z,2023-06-12T12:40:53.877451271Z,2023-06-02T03:43:36.833051655Z,125.8223,docker_cpu_usage_pct,adapter_removal (DA28_L1) (321),adapter_removal (DA28_L1) (321),3723750,321
,,0,2023-05-13T12:40:53.877451271Z,2023-06-12T12:40:53.877451271Z,2023-06-02T03:43:38.833294834Z,130.5962,docker_cpu_usage_pct,adapter_removal (DA28_L1) (321),adapter_removal (DA28_L1) (321),3723750,321
,,0,2023-05-13T12:40:53.877451271Z,2023-06-12T12:40:53.877451271Z,2023-06-02T03:43:40.833744159Z,123.7745,docker_cpu_usage_pct,adapter_removal (DA28_L1) (321),adapter_removal (DA28_L1) (321),3723750,321
,,0,2023-05-13T12:40:53.877451271Z,2023-06-12T12:40:53.877451271Z,2023-06-02T03:43:42.833164679Z,126.1523,docker_cpu_usage_pct,adapter_removal (DA28_L1) (321),adapter_removal (DA28_L1) (321),3723750,321
,,0,2023-05-13T12:40:53.877451271Z,2023-06-12T12:40:53.877451271Z,2023-06-02T03:43:44.833639731Z,123.3351,docker_cpu_usage_pct,adapter_removal (DA28_L1) (321),adapter_removal (DA28_L1) (321),3723750,321
,,0,2023-05-13T12:40:53.877451271Z,2023-06-12T12:40:53.877451271Z,2023-06-02T03:43:46.83282127Z,126.1245,docker_cpu_usage_pct,adapter_removal (DA28_L1) (321),adapter_removal (DA28_L1) (321),3723750,321
,,0,2023-05-13T12:40:53.877451271Z,2023-06-12T12:40:53.877451271Z,2023-06-02T03:43:48.833231077Z,129.9932,docker_cpu_usage_pct,adapter_removal (DA28_L1) (321),adapter_removal (DA28_L1) (321),3723750,321
,,0,2023-05-13T12:40:53.877451271Z,2023-06-12T12:40:53.877451271Z,2023-06-02T03:43:50.833705855Z,122.9116,docker_cpu_usage_pct,adapter_removal (DA28_L1) (321),adapter_removal (DA28_L1) (321),3723750,321
,,0,2023-05-13T12:40:53.877451271Z,2023-06-12T12:40:53.877451271Z,2023-06-02T03:43:52.833406447Z,124.0544,docker_cpu_usage_pct,adapter_removal (DA28_L1) (321),adapter_removal (DA28_L1) (321),3723750,321
,,0,2023-05-13T12:40:53.877451271Z,2023-06-12T12:40:53.877451271Z,2023-06-02T03:43:54.833557311Z,124.3562,docker_cpu_usage_pct,adapter_removal (DA28_L1) (321),adapter_removal (DA28_L1) (321),3723750,321
,,0,2023-05-13T12:40:53.877451271Z,2023-06-12T12:40:53.877451271Z,2023-06-02T03:43:56.833148716Z,124.7884,docker_cpu_usage_pct,adapter_removal (DA28_L1) (321),adapter_removal (DA28_L1) (321),3723750,321
,,0,2023-05-13T12:40:53.877451271Z,2023-06-12T12:40:53.877451271Z,2023-06-02T03:43:58.83368638Z,131.3743,docker_cpu_usage_pct,adapter_removal (DA28_L1) (321),adapter_removal (DA28_L1) (321),3723750,321
,,0,2023-05-13T12:40:53.877451271Z,2023-06-12T12:40:53.877451271Z,2023-06-02T03:44:00.833050995Z,125.2151,docker_cpu_usage_pct,adapter_removal (DA28_L1) (321),adapter_removal (DA28_L1) (321),3723750,321
,,0,2023-05-13T12:40:53.877451271Z,2023-06-12T12:40:53.877451271Z,2023-06-02T03:44:02.83372324Z,125.0292,docker_cpu_usage_pct,adapter_removal (DA28_L1) (321),adapter_removal (DA28_L1) (321),3723750,321
,,0,2023-05-13T12:40:53.877451271Z,2023-06-12T12:40:53.877451271Z,2023-06-02T03:44:04.83301305Z,123.1102,docker_cpu_usage_pct,adapter_removal (DA28_L1) (321),adapter_removal (DA28_L1) (321),3723750,321
,,0,2023-05-13T12:40:53.877451271Z,2023-06-12T12:40:53.877451271Z,2023-06-02T03:44:06.833692012Z,123.6426,docker_cpu_usage_pct,adapter_removal (DA28_L1) (321),adapter_removal (DA28_L1) (321),3723750,321
,,0,2023-05-13T12:40:53.877451271Z,2023-06-12T12:40:53.877451271Z,2023-06-02T03:44:08.832896566Z,130.6361,docker_cpu_usage_pct,adapter_removal (DA28_L1) (321),adapter_removal (DA28_L1) (321),3723750,321
,,0,2023-05-13T12:40:53.877451271Z,2023-06-12T12:40:53.877451271Z,2023-06-02T03:44:10.833235404Z,125.4639,docker_cpu_usage_pct,adapter_removal (DA28_L1) (321),adapter_removal (DA28_L1) (321),3723750,321
,,0,2023-05-13T12:40:53.877451271Z,2023-06-12T12:40:53.877451271Z,2023-06-02T03:44:12.83414733Z,124.4741,docker_cpu_usage_pct,adapter_removal (DA28_L1) (321),adapter_removal (DA28_L1) (321),3723750,321
,,0,2023-05-13T12:40:53.877451271Z,2023-06-12T12:40:53.877451271Z,2023-06-02T03:44:14.833417701Z,124.2039,docker_cpu_usage_pct,adapter_removal (DA28_L1) (321),adapter_removal (DA28_L1) (321),3723750,321
,,0,2023-05-13T12:40:53.877451271Z,2023-06-12T12:40:53.877451271Z,2023-06-02T03:44:16.833182827Z,124.8111,docker_cpu_usage_pct,adapter_removal (DA28_L1) (321),adapter_removal (DA28_L1) (321),3723750,321
,,0,2023-05-13T12:40:53.877451271Z,2023-06-12T12:40:53.877451271Z,2023-06-02T03:44:18.833402256Z,131.653,docker_cpu_usage_pct,adapter_removal (DA28_L1) (321),adapter_removal (DA28_L1) (321),3723750,321
,,0,2023-05-13T12:40:53.877451271Z,2023-06-12T12:40:53.877451271Z,2023-06-02T03:44:20.834210912Z,124.2439,docker_cpu_usage_pct,adapter_removal (DA28_L1) (321),adapter_removal (DA28_L1) (321),3723750,321
,,0,2023-05-13T12:40:53.877451271Z,2023-06-12T12:40:53.877451271Z,2023-06-02T03:44:22.833757758Z,123.9548,docker_cpu_usage_pct,adapter_removal (DA28_L1) (321),adapter_removal (DA28_L1) (321),3723750,321
,,0,2023-05-13T12:40:53.877451271Z,2023-06-12T12:40:53.877451271Z,2023-06-02T03:44:24.832927899Z,123.8439,docker_cpu_usage_pct,adapter_removal (DA28_L1) (321),adapter_removal (DA28_L1) (321),3723750,321
,,0,2023-05-13T12:40:53.877451271Z,2023-06-12T12:40:53.877451271Z,2023-06-02T03:44:26.833349479Z,124.9848,docker_cpu_usage_pct,adapter_removal (DA28_L1) (321),adapter_removal (DA28_L1) (321),3723750,321
,,0,2023-05-13T12:40:53.877451271Z,2023-06-12T12:40:53.877451271Z,2023-06-02T03:44:28.833086265Z,129.7414,docker_cpu_usage_pct,adapter_removal (DA28_L1) (321),adapter_removal (DA28_L1) (321),3723750,321
,,0,2023-05-13T12:40:53.877451271Z,2023-06-12T12:40:53.877451271Z,2023-06-02T03:44:30.833644006Z,124.0129,docker_cpu_usage_pct,adapter_removal (DA28_L1) (321),adapter_removal (DA28_L1) (321),3723750,321
,,0,2023-05-13T12:40:53.877451271Z,2023-06-12T12:40:53.877451271Z,2023-06-02T03:44:32.834070192Z,123.9793,docker_cpu_usage_pct,adapter_removal (DA28_L1) (321),adapter_removal (DA28_L1) (321),3723750,321
,,0,2023-05-13T12:40:53.877451271Z,2023-06-12T12:40:53.877451271Z,2023-06-02T03:44:34.833401642Z,123.5617,docker_cpu_usage_pct,adapter_removal (DA28_L1) (321),adapter_removal (DA28_L1) (321),3723750,321
,,0,2023-05-13T12:40:53.877451271Z,2023-06-12T12:40:53.877451271Z,2023-06-02T03:44:36.833603058Z,124.6419,docker_cpu_usage_pct,adapter_removal (DA28_L1) (321),adapter_removal (DA28_L1) (321),3723750,321
,,0,2023-05-13T12:40:53.877451271Z,2023-06-12T12:40:53.877451271Z,2023-06-02T03:44:38.833299186Z,131.1343,docker_cpu_usage_pct,adapter_removal (DA28_L1) (321),adapter_removal (DA28_L1) (321),3723750,321
,,0,2023-05-13T12:40:53.877451271Z,2023-06-12T12:40:53.877451271Z,2023-06-02T03:44:40.833443597Z,126.1464,docker_cpu_usage_pct,adapter_removal (DA28_L1) (321),adapter_removal (DA28_L1) (321),3723750,321
,,0,2023-05-13T12:40:53.877451271Z,2023-06-12T12:40:53.877451271Z,2023-06-02T03:44:42.83305909Z,125.2637,docker_cpu_usage_pct,adapter_removal (DA28_L1) (321),adapter_removal (DA28_L1) (321),3723750,321
,,0,2023-05-13T12:40:53.877451271Z,2023-06-12T12:40:53.877451271Z,2023-06-02T03:44:44.833454527Z,123.4954,docker_cpu_usage_pct,adapter_removal (DA28_L1) (321),adapter_removal (DA28_L1) (321),3723750,321
,,0,2023-05-13T12:40:53.877451271Z,2023-06-12T12:40:53.877451271Z,2023-06-02T03:44:46.833218572Z,125.1822,docker_cpu_usage_pct,adapter_removal (DA28_L1) (321),adapter_removal (DA28_L1) (321),3723750,321
,,0,2023-05-13T12:40:53.877451271Z,2023-06-12T12:40:53.877451271Z,2023-06-02T03:44:48.833538593Z,131.0479,docker_cpu_usage_pct,adapter_removal (DA28_L1) (321),adapter_removal (DA28_L1) (321),3723750,321
,,0,2023-05-13T12:40:53.877451271Z,2023-06-12T12:40:53.877451271Z,2023-06-02T03:44:50.834041529Z,124.7475,docker_cpu_usage_pct,adapter_removal (DA28_L1) (321),adapter_removal (DA28_L1) (321),3723750,321
,,0,2023-05-13T12:40:53.877451271Z,2023-06-12T12:40:53.877451271Z,2023-06-02T03:44:52.833335005Z,124.4009,docker_cpu_usage_pct,adapter_removal (DA28_L1) (321),adapter_removal (DA28_L1) (321),3723750,321
,,0,2023-05-13T12:40:53.877451271Z,2023-06-12T12:40:53.877451271Z,2023-06-02T03:44:54.833868579Z,123.743,docker_cpu_usage_pct,adapter_removal (DA28_L1) (321),adapter_removal (DA28_L1) (321),3723750,321
,,0,2023-05-13T12:40:53.877451271Z,2023-06-12T12:40:53.877451271Z,2023-06-02T03:44:56.833508104Z,125.245,docker_cpu_usage_pct,adapter_removal (DA28_L1) (321),adapter_removal (DA28_L1) (321),3723750,321
,,0,2023-05-13T12:40:53.877451271Z,2023-06-12T12:40:53.877451271Z,2023-06-02T03:44:58.834025824Z,132.249,docker_cpu_usage_pct,adapter_removal (DA28_L1) (321),adapter_removal (DA28_L1) (321),3723750,321
,,0,2023-05-13T12:40:53.877451271Z,2023-06-12T12:40:53.877451271Z,2023-06-02T03:45:01.833388849Z,125.491,docker_cpu_usage_pct,adapter_removal (DA28_L1) (321),adapter_removal (DA28_L1) (321),3723750,321
,,0,2023-05-13T12:40:53.877451271Z,2023-06-12T12:40:53.877451271Z,2023-06-02T03:45:02.833822683Z,124.9046,docker_cpu_usage_pct,adapter_removal (DA28_L1) (321),adapter_removal (DA28_L1) (321),3723750,321
,,0,2023-05-13T12:40:53.877451271Z,2023-06-12T12:40:53.877451271Z,2023-06-02T03:45:05.833438092Z,125.7461,docker_cpu_usage_pct,adapter_removal (DA28_L1) (321),adapter_removal (DA28_L1) (321),3723750,321
,,0,2023-05-13T12:40:53.877451271Z,2023-06-12T12:40:53.877451271Z,2023-06-02T03:45:07.833945056Z,124.1442,docker_cpu_usage_pct,adapter_removal (DA28_L1) (321),adapter_removal (DA28_L1) (321),3723750,321
,,0,2023-05-13T12:40:53.877451271Z,2023-06-12T12:40:53.877451271Z,2023-06-02T03:45:09.833591652Z,131.6651,docker_cpu_usage_pct,adapter_removal (DA28_L1) (321),adapter_removal (DA28_L1) (321),3723750,321
,,0,2023-05-13T12:40:53.877451271Z,2023-06-12T12:40:53.877451271Z,2023-06-02T03:45:11.83300563Z,126.4172,docker_cpu_usage_pct,adapter_removal (DA28_L1) (321),adapter_removal (DA28_L1) (321),3723750,321
,,0,2023-05-13T12:40:53.877451271Z,2023-06-12T12:40:53.877451271Z,2023-06-02T03:45:13.833541822Z,123.0706,docker_cpu_usage_pct,adapter_removal (DA28_L1) (321),adapter_removal (DA28_L1) (321),3723750,321
,,0,2023-05-13T12:40:53.877451271Z,2023-06-12T12:40:53.877451271Z,2023-06-02T03:45:15.833161624Z,122.9611,docker_cpu_usage_pct,adapter_removal (DA28_L1) (321),adapter_removal (DA28_L1) (321),3723750,321
,,0,2023-05-13T12:40:53.877451271Z,2023-06-12T12:40:53.877451271Z,2023-06-02T03:45:17.833531417Z,125.1358,docker_cpu_usage_pct,adapter_removal (DA28_L1) (321),adapter_removal (DA28_L1) (321),3723750,321
,,0,2023-05-13T12:40:53.877451271Z,2023-06-12T12:40:53.877451271Z,2023-06-02T03:45:19.833845888Z,131.8201,docker_cpu_usage_pct,adapter_removal (DA28_L1) (321),adapter_removal (DA28_L1) (321),3723750,321
,,0,2023-05-13T12:40:53.877451271Z,2023-06-12T12:40:53.877451271Z,2023-06-02T03:45:21.833561589Z,124.54,docker_cpu_usage_pct,adapter_removal (DA28_L1) (321),adapter_removal (DA28_L1) (321),3723750,321
,,0,2023-05-13T12:40:53.877451271Z,2023-06-12T12:40:53.877451271Z,2023-06-02T03:45:23.833147764Z,123.2728,docker_cpu_usage_pct,adapter_removal (DA28_L1) (321),adapter_removal (DA28_L1) (321),3723750,321
,,0,2023-05-13T12:40:53.877451271Z,2023-06-12T12:40:53.877451271Z,2023-06-02T03:45:25.83374226Z,122.7283,docker_cpu_usage_pct,adapter_removal (DA28_L1) (321),adapter_removal (DA28_L1) (321),3723750,321
,,0,2023-05-13T12:40:53.877451271Z,2023-06-12T12:40:53.877451271Z,2023-06-02T03:45:27.832827827Z,123.1502,docker_cpu_usage_pct,adapter_removal (DA28_L1) (321),adapter_removal (DA28_L1) (321),3723750,321
,,0,2023-05-13T12:40:53.877451271Z,2023-06-12T12:40:53.877451271Z,2023-06-02T03:45:29.833546834Z,130.9861,docker_cpu_usage_pct,adapter_removal (DA28_L1) (321),adapter_removal (DA28_L1) (321),3723750,321
,,0,2023-05-13T12:40:53.877451271Z,2023-06-12T12:40:53.877451271Z,2023-06-02T03:45:31.832868057Z,124.3769,docker_cpu_usage_pct,adapter_removal (DA28_L1) (321),adapter_removal (DA28_L1) (321),3723750,321
,,0,2023-05-13T12:40:53.877451271Z,2023-06-12T12:40:53.877451271Z,2023-06-02T03:45:33.833509549Z,123.0643,docker_cpu_usage_pct,adapter_removal (DA28_L1) (321),adapter_removal (DA28_L1) (321),3723750,321
,,0,2023-05-13T12:40:53.877451271Z,2023-06-12T12:40:53.877451271Z,2023-06-02T03:45:35.833812449Z,123.7911,docker_cpu_usage_pct,adapter_removal (DA28_L1) (321),adapter_removal (DA28_L1) (321),3723750,321
,,0,2023-05-13T12:40:53.877451271Z,2023-06-12T12:40:53.877451271Z,2023-06-02T03:45:37.833264842Z,124.3955,docker_cpu_usage_pct,adapter_removal (DA28_L1) (321),adapter_removal (DA28_L1) (321),3723750,321
,,0,2023-05-13T12:40:53.877451271Z,2023-06-12T12:40:53.877451271Z,2023-06-02T03:45:39.833862899Z,131.2019,docker_cpu_usage_pct,adapter_removal (DA28_L1) (321),adapter_removal (DA28_L1) (321),3723750,321
,,0,2023-05-13T12:40:53.877451271Z,2023-06-12T12:40:53.877451271Z,2023-06-02T03:45:41.83333353Z,124.9019,docker_cpu_usage_pct,adapter_removal (DA28_L1) (321),adapter_removal (DA28_L1) (321),3723750,321
,,0,2023-05-13T12:40:53.877451271Z,2023-06-12T12:40:53.877451271Z,2023-06-02T03:45:43.833849232Z,123.9728,docker_cpu_usage_pct,adapter_removal (DA28_L1) (321),adapter_removal (DA28_L1) (321),3723750,321
,,0,2023-05-13T12:40:53.877451271Z,2023-06-12T12:40:53.877451271Z,2023-06-02T03:45:45.833157596Z,124.6123,docker_cpu_usage_pct,adapter_removal (DA28_L1) (321),adapter_removal (DA28_L1) (321),3723750,321
,,0,2023-05-13T12:40:53.877451271Z,2023-06-12T12:40:53.877451271Z,2023-06-02T03:45:47.833773738Z,124.8715,docker_cpu_usage_pct,adapter_removal (DA28_L1) (321),adapter_removal (DA28_L1) (321),3723750,321
,,0,2023-05-13T12:40:53.877451271Z,2023-06-12T12:40:53.877451271Z,2023-06-02T03:45:49.833332647Z,133.437,docker_cpu_usage_pct,adapter_removal (DA28_L1) (321),adapter_removal (DA28_L1) (321),3723750,321
,,0,2023-05-13T12:40:53.877451271Z,2023-06-12T12:40:53.877451271Z,2023-06-02T03:45:51.83368454Z,123.8107,docker_cpu_usage_pct,adapter_removal (DA28_L1) (321),adapter_removal (DA28_L1) (321),3723750,321
,,0,2023-05-13T12:40:53.877451271Z,2023-06-12T12:40:53.877451271Z,2023-06-02T03:45:53.833111751Z,123.8569,docker_cpu_usage_pct,adapter_removal (DA28_L1) (321),adapter_removal (DA28_L1) (321),3723750,321
,,0,2023-05-13T12:40:53.877451271Z,2023-06-12T12:40:53.877451271Z,2023-06-02T03:45:55.833262306Z,124.7795,docker_cpu_usage_pct,adapter_removal (DA28_L1) (321),adapter_removal (DA28_L1) (321),3723750,321
,,0,2023-05-13T12:40:53.877451271Z,2023-06-12T12:40:53.877451271Z,2023-06-02T03:45:57.832751127Z,125.7059,docker_cpu_usage_pct,adapter_removal (DA28_L1) (321),adapter_removal (DA28_L1) (321),3723750,321
,,0,2023-05-13T12:40:53.877451271Z,2023-06-12T12:40:53.877451271Z,2023-06-02T03:45:59.833425625Z,131.7677,docker_cpu_usage_pct,adapter_removal (DA28_L1) (321),adapter_removal (DA28_L1) (321),3723750,321
,,0,2023-05-13T12:40:53.877451271Z,2023-06-12T12:40:53.877451271Z,2023-06-02T03:46:01.833634037Z,125.1188,docker_cpu_usage_pct,adapter_removal (DA28_L1) (321),adapter_removal (DA28_L1) (321),3723750,321
,,0,2023-05-13T12:40:53.877451271Z,2023-06-12T12:40:53.877451271Z,2023-06-02T03:46:03.833410594Z,124.8945,docker_cpu_usage_pct,adapter_removal (DA28_L1) (321),adapter_removal (DA28_L1) (321),3723750,321
,,0,2023-05-13T12:40:53.877451271Z,2023-06-12T12:40:53.877451271Z,2023-06-02T03:46:05.833909423Z,124.4155,docker_cpu_usage_pct,adapter_removal (DA28_L1) (321),adapter_removal (DA28_L1) (321),3723750,321
,,0,2023-05-13T12:40:53.877451271Z,2023-06-12T12:40:53.877451271Z,2023-06-02T03:46:07.833174962Z,123.7431,docker_cpu_usage_pct,adapter_removal (DA28_L1) (321),adapter_removal (DA28_L1) (321),3723750,321
,,0,2023-05-13T12:40:53.877451271Z,2023-06-12T12:40:53.877451271Z,2023-06-02T03:46:09.833618186Z,130.0454,docker_cpu_usage_pct,adapter_removal (DA28_L1) (321),adapter_removal (DA28_L1) (321),3723750,321
,,0,2023-05-13T12:40:53.877451271Z,2023-06-12T12:40:53.877451271Z,2023-06-02T03:46:11.833288256Z,125.7147,docker_cpu_usage_pct,adapter_removal (DA28_L1) (321),adapter_removal (DA28_L1) (321),3723750,321
,,0,2023-05-13T12:40:53.877451271Z,2023-06-12T12:40:53.877451271Z,2023-06-02T03:46:13.833745728Z,123.6775,docker_cpu_usage_pct,adapter_removal (DA28_L1) (321),adapter_removal (DA28_L1) (321),3723750,321
,,0,2023-05-13T12:40:53.877451271Z,2023-06-12T12:40:53.877451271Z,2023-06-02T03:46:15.833177918Z,127.0033,docker_cpu_usage_pct,adapter_removal (DA28_L1) (321),adapter_removal (DA28_L1) (321),3723750,321
,,0,2023-05-13T12:40:53.877451271Z,2023-06-12T12:40:53.877451271Z,2023-06-02T03:46:17.833795114Z,123.0371,docker_cpu_usage_pct,adapter_removal (DA28_L1) (321),adapter_removal (DA28_L1) (321),3723750,321
,,0,2023-05-13T12:40:53.877451271Z,2023-06-12T12:40:53.877451271Z,2023-06-02T03:46:19.833108517Z,131.3008,docker_cpu_usage_pct,adapter_removal (DA28_L1) (321),adapter_removal (DA28_L1) (321),3723750,321
,,0,2023-05-13T12:40:53.877451271Z,2023-06-12T12:40:53.877451271Z,2023-06-02T03:46:21.83400695Z,123.478,docker_cpu_usage_pct,adapter_removal (DA28_L1) (321),adapter_removal (DA28_L1) (321),3723750,321
,,0,2023-05-13T12:40:53.877451271Z,2023-06-12T12:40:53.877451271Z,2023-06-02T03:46:23.833209597Z,123.9134,docker_cpu_usage_pct,adapter_removal (DA28_L1) (321),adapter_removal (DA28_L1) (321),3723750,321
,,0,2023-05-13T12:40:53.877451271Z,2023-06-12T12:40:53.877451271Z,2023-06-02T03:46:25.833685064Z,124.6206,docker_cpu_usage_pct,adapter_removal (DA28_L1) (321),adapter_removal (DA28_L1) (321),3723750,321
,,0,2023-05-13T12:40:53.877451271Z,2023-06-12T12:40:53.877451271Z,2023-06-02T03:46:27.833637583Z,125.1201,docker_cpu_usage_pct,adapter_removal (DA28_L1) (321),adapter_removal (DA28_L1) (321),3723750,321
,,0,2023-05-13T12:40:53.877451271Z,2023-06-12T12:40:53.877451271Z,2023-06-02T03:46:29.83386349Z,128.9328,docker_cpu_usage_pct,adapter_removal (DA28_L1) (321),adapter_removal (DA28_L1) (321),3723750,321
,,0,2023-05-13T12:40:53.877451271Z,2023-06-12T12:40:53.877451271Z,2023-06-02T03:46:31.833403174Z,124.4895,docker_cpu_usage_pct,adapter_removal (DA28_L1) (321),adapter_removal (DA28_L1) (321),3723750,321
,,0,2023-05-13T12:40:53.877451271Z,2023-06-12T12:40:53.877451271Z,2023-06-02T03:46:33.833845155Z,123.7388,docker_cpu_usage_pct,adapter_removal (DA28_L1) (321),adapter_removal (DA28_L1) (321),3723750,321
,,0,2023-05-13T12:40:53.877451271Z,2023-06-12T12:40:53.877451271Z,2023-06-02T03:46:35.833297674Z,124.0557,docker_cpu_usage_pct,adapter_removal (DA28_L1) (321),adapter_removal (DA28_L1) (321),3723750,321
,,0,2023-05-13T12:40:53.877451271Z,2023-06-12T12:40:53.877451271Z,2023-06-02T03:46:37.833685261Z,125.3453,docker_cpu_usage_pct,adapter_removal (DA28_L1) (321),adapter_removal (DA28_L1) (321),3723750,321
,,0,2023-05-13T12:40:53.877451271Z,2023-06-12T12:40:53.877451271Z,2023-06-02T03:46:39.832927681Z,130.8358,docker_cpu_usage_pct,adapter_removal (DA28_L1) (321),adapter_removal (DA28_L1) (321),3723750,321
,,0,2023-05-13T12:40:53.877451271Z,2023-06-12T12:40:53.877451271Z,2023-06-02T03:46:41.833509543Z,123.6052,docker_cpu_usage_pct,adapter_removal (DA28_L1) (321),adapter_removal (DA28_L1) (321),3723750,321
,,0,2023-05-13T12:40:53.877451271Z,2023-06-12T12:40:53.877451271Z,2023-06-02T03:46:43.832851594Z,122.7368,docker_cpu_usage_pct,adapter_removal (DA28_L1) (321),adapter_removal (DA28_L1) (321),3723750,321
,,0,2023-05-13T12:40:53.877451271Z,2023-06-12T12:40:53.877451271Z,2023-06-02T03:46:45.833455484Z,124.3057,docker_cpu_usage_pct,adapter_removal (DA28_L1) (321),adapter_removal (DA28_L1) (321),3723750,321
,,0,2023-05-13T12:40:53.877451271Z,2023-06-12T12:40:53.877451271Z,2023-06-02T03:46:47.834021671Z,122.7632,docker_cpu_usage_pct,adapter_removal (DA28_L1) (321),adapter_removal (DA28_L1) (321),3723750,321
,,0,2023-05-13T12:40:53.877451271Z,2023-06-12T12:40:53.877451271Z,2023-06-02T03:46:49.833330008Z,123.8581,docker_cpu_usage_pct,adapter_removal (DA28_L1) (321),adapter_removal (DA28_L1) (321),3723750,321
,,0,2023-05-13T12:40:53.877451271Z,2023-06-12T12:40:53.877451271Z,2023-06-02T03:46:51.833562183Z,124.4638,docker_cpu_usage_pct,adapter_removal (DA28_L1) (321),adapter_removal (DA28_L1) (321),3723750,321
,,0,2023-05-13T12:40:53.877451271Z,2023-06-12T12:40:53.877451271Z,2023-06-02T03:46:53.833236339Z,125.1589,docker_cpu_usage_pct,adapter_removal (DA28_L1) (321),adapter_removal (DA28_L1) (321),3723750,321
,,0,2023-05-13T12:40:53.877451271Z,2023-06-12T12:40:53.877451271Z,2023-06-02T03:46:55.834139113Z,123.1085,docker_cpu_usage_pct,adapter_removal (DA28_L1) (321),adapter_removal (DA28_L1) (321),3723750,321
,,0,2023-05-13T12:40:53.877451271Z,2023-06-12T12:40:53.877451271Z,2023-06-02T03:46:58.833289147Z,123.8163,docker_cpu_usage_pct,adapter_removal (DA28_L1) (321),adapter_removal (DA28_L1) (321),3723750,321
,,0,2023-05-13T12:40:53.877451271Z,2023-06-12T12:40:53.877451271Z,2023-06-02T03:46:59.833882443Z,122.911,docker_cpu_usage_pct,adapter_removal (DA28_L1) (321),adapter_removal (DA28_L1) (321),3723750,321
,,0,2023-05-13T12:40:53.877451271Z,2023-06-12T12:40:53.877451271Z,2023-06-02T03:47:02.833240611Z,123.7284,docker_cpu_usage_pct,adapter_removal (DA28_L1) (321),adapter_removal (DA28_L1) (321),3723750,321
,,0,2023-05-13T12:40:53.877451271Z,2023-06-12T12:40:53.877451271Z,2023-06-02T03:47:04.833893002Z,123.6208,docker_cpu_usage_pct,adapter_removal (DA28_L1) (321),adapter_removal (DA28_L1) (321),3723750,321
,,0,2023-05-13T12:40:53.877451271Z,2023-06-12T12:40:53.877451271Z,2023-06-02T03:47:06.833359575Z,123.6712,docker_cpu_usage_pct,adapter_removal (DA28_L1) (321),adapter_removal (DA28_L1) (321),3723750,321
,,0,2023-05-13T12:40:53.877451271Z,2023-06-12T12:40:53.877451271Z,2023-06-02T03:47:08.833705234Z,124.06,docker_cpu_usage_pct,adapter_removal (DA28_L1) (321),adapter_removal (DA28_L1) (321),3723750,321
,,0,2023-05-13T12:40:53.877451271Z,2023-06-12T12:40:53.877451271Z,2023-06-02T03:47:10.833041961Z,126.0293,docker_cpu_usage_pct,adapter_removal (DA28_L1) (321),adapter_removal (DA28_L1) (321),3723750,321
,,0,2023-05-13T12:40:53.877451271Z,2023-06-12T12:40:53.877451271Z,2023-06-02T03:47:12.833789581Z,124.5589,docker_cpu_usage_pct,adapter_removal (DA28_L1) (321),adapter_removal (DA28_L1) (321),3723750,321
,,0,2023-05-13T12:40:53.877451271Z,2023-06-12T12:40:53.877451271Z,2023-06-02T03:47:14.833372824Z,125.0073,docker_cpu_usage_pct,adapter_removal (DA28_L1) (321),adapter_removal (DA28_L1) (321),3723750,321
,,0,2023-05-13T12:40:53.877451271Z,2023-06-12T12:40:53.877451271Z,2023-06-02T03:47:16.833485612Z,124.6719,docker_cpu_usage_pct,adapter_removal (DA28_L1) (321),adapter_removal (DA28_L1) (321),3723750,321
,,0,2023-05-13T12:40:53.877451271Z,2023-06-12T12:40:53.877451271Z,2023-06-02T03:47:18.832780394Z,124.9501,docker_cpu_usage_pct,adapter_removal (DA28_L1) (321),adapter_removal (DA28_L1) (321),3723750,321
,,0,2023-05-13T12:40:53.877451271Z,2023-06-12T12:40:53.877451271Z,2023-06-02T03:47:20.833744387Z,124.216,docker_cpu_usage_pct,adapter_removal (DA28_L1) (321),adapter_removal (DA28_L1) (321),3723750,321
,,0,2023-05-13T12:40:53.877451271Z,2023-06-12T12:40:53.877451271Z,2023-06-02T03:47:22.833823741Z,124.9427,docker_cpu_usage_pct,adapter_removal (DA28_L1) (321),adapter_removal (DA28_L1) (321),3723750,321
,,0,2023-05-13T12:40:53.877451271Z,2023-06-12T12:40:53.877451271Z,2023-06-02T03:47:24.833200682Z,125.2219,docker_cpu_usage_pct,adapter_removal (DA28_L1) (321),adapter_removal (DA28_L1) (321),3723750,321
,,0,2023-05-13T12:40:53.877451271Z,2023-06-12T12:40:53.877451271Z,2023-06-02T03:47:26.833960895Z,125.0298,docker_cpu_usage_pct,adapter_removal (DA28_L1) (321),adapter_removal (DA28_L1) (321),3723750,321
,,0,2023-05-13T12:40:53.877451271Z,2023-06-12T12:40:53.877451271Z,2023-06-02T03:47:28.833238482Z,124.4377,docker_cpu_usage_pct,adapter_removal (DA28_L1) (321),adapter_removal (DA28_L1) (321),3723750,321
,,0,2023-05-13T12:40:53.877451271Z,2023-06-12T12:40:53.877451271Z,2023-06-02T03:47:30.833437775Z,125.0165,docker_cpu_usage_pct,adapter_removal (DA28_L1) (321),adapter_removal (DA28_L1) (321),3723750,321
,,0,2023-05-13T12:40:53.877451271Z,2023-06-12T12:40:53.877451271Z,2023-06-02T03:47:32.832892825Z,129.062,docker_cpu_usage_pct,adapter_removal (DA28_L1) (321),adapter_removal (DA28_L1) (321),3723750,321
,,0,2023-05-13T12:40:53.877451271Z,2023-06-12T12:40:53.877451271Z,2023-06-02T03:47:34.833790479Z,123.6903,docker_cpu_usage_pct,adapter_removal (DA28_L1) (321),adapter_removal (DA28_L1) (321),3723750,321
,,0,2023-05-13T12:40:53.877451271Z,2023-06-12T12:40:53.877451271Z,2023-06-02T03:47:36.832848284Z,123.855,docker_cpu_usage_pct,adapter_removal (DA28_L1) (321),adapter_removal (DA28_L1) (321),3723750,321
,,0,2023-05-13T12:40:53.877451271Z,2023-06-12T12:40:53.877451271Z,2023-06-02T03:47:38.833496149Z,126.0739,docker_cpu_usage_pct,adapter_removal (DA28_L1) (321),adapter_removal (DA28_L1) (321),3723750,321
,,0,2023-05-13T12:40:53.877451271Z,2023-06-12T12:40:53.877451271Z,2023-06-02T03:47:40.83375989Z,124.8874,docker_cpu_usage_pct,adapter_removal (DA28_L1) (321),adapter_removal (DA28_L1) (321),3723750,321
,,0,2023-05-13T12:40:53.877451271Z,2023-06-12T12:40:53.877451271Z,2023-06-02T03:47:42.833515234Z,124.1129,docker_cpu_usage_pct,adapter_removal (DA28_L1) (321),adapter_removal (DA28_L1) (321),3723750,321
,,0,2023-05-13T12:40:53.877451271Z,2023-06-12T12:40:53.877451271Z,2023-06-02T03:47:44.833761283Z,123.8859,docker_cpu_usage_pct,adapter_removal (DA28_L1) (321),adapter_removal (DA28_L1) (321),3723750,321
,,0,2023-05-13T12:40:53.877451271Z,2023-06-12T12:40:53.877451271Z,2023-06-02T03:47:46.833077231Z,125.0257,docker_cpu_usage_pct,adapter_removal (DA28_L1) (321),adapter_removal (DA28_L1) (321),3723750,321
,,0,2023-05-13T12:40:53.877451271Z,2023-06-12T12:40:53.877451271Z,2023-06-02T03:47:48.833746381Z,124.0318,docker_cpu_usage_pct,adapter_removal (DA28_L1) (321),adapter_removal (DA28_L1) (321),3723750,321
,,0,2023-05-13T12:40:53.877451271Z,2023-06-12T12:40:53.877451271Z,2023-06-02T03:47:50.833240473Z,124.3382,docker_cpu_usage_pct,adapter_removal (DA28_L1) (321),adapter_removal (DA28_L1) (321),3723750,321
,,0,2023-05-13T12:40:53.877451271Z,2023-06-12T12:40:53.877451271Z,2023-06-02T03:47:52.833453877Z,125.4961,docker_cpu_usage_pct,adapter_removal (DA28_L1) (321),adapter_removal (DA28_L1) (321),3723750,321
,,0,2023-05-13T12:40:53.877451271Z,2023-06-12T12:40:53.877451271Z,2023-06-02T03:47:54.833912868Z,125.0507,docker_cpu_usage_pct,adapter_removal (DA28_L1) (321),adapter_removal (DA28_L1) (321),3723750,321
,,0,2023-05-13T12:40:53.877451271Z,2023-06-12T12:40:53.877451271Z,2023-06-02T03:47:56.833060726Z,126.507,docker_cpu_usage_pct,adapter_removal (DA28_L1) (321),adapter_removal (DA28_L1) (321),3723750,321
,,0,2023-05-13T12:40:53.877451271Z,2023-06-12T12:40:53.877451271Z,2023-06-02T03:47:58.833835215Z,124.9367,docker_cpu_usage_pct,adapter_removal (DA28_L1) (321),adapter_removal (DA28_L1) (321),3723750,321
,,0,2023-05-13T12:40:53.877451271Z,2023-06-12T12:40:53.877451271Z,2023-06-02T03:48:00.83293504Z,125.1046,docker_cpu_usage_pct,adapter_removal (DA28_L1) (321),adapter_removal (DA28_L1) (321),3723750,321
,,0,2023-05-13T12:40:53.877451271Z,2023-06-12T12:40:53.877451271Z,2023-06-02T03:48:02.833722888Z,126.4163,docker_cpu_usage_pct,adapter_removal (DA28_L1) (321),adapter_removal (DA28_L1) (321),3723750,321
,,0,2023-05-13T12:40:53.877451271Z,2023-06-12T12:40:53.877451271Z,2023-06-02T03:48:04.83278984Z,124.5856,docker_cpu_usage_pct,adapter_removal (DA28_L1) (321),adapter_removal (DA28_L1) (321),3723750,321
,,0,2023-05-13T12:40:53.877451271Z,2023-06-12T12:40:53.877451271Z,2023-06-02T03:48:06.833168312Z,124.6277,docker_cpu_usage_pct,adapter_removal (DA28_L1) (321),adapter_removal (DA28_L1) (321),3723750,321
,,0,2023-05-13T12:40:53.877451271Z,2023-06-12T12:40:53.877451271Z,2023-06-02T03:48:08.833702429Z,123.9008,docker_cpu_usage_pct,adapter_removal (DA28_L1) (321),adapter_removal (DA28_L1) (321),3723750,321
,,0,2023-05-13T12:40:53.877451271Z,2023-06-12T12:40:53.877451271Z,2023-06-02T03:48:10.833272564Z,124.162,docker_cpu_usage_pct,adapter_removal (DA28_L1) (321),adapter_removal (DA28_L1) (321),3723750,321
,,0,2023-05-13T12:40:53.877451271Z,2023-06-12T12:40:53.877451271Z,2023-06-02T03:48:12.833866991Z,125.7655,docker_cpu_usage_pct,adapter_removal (DA28_L1) (321),adapter_removal (DA28_L1) (321),3723750,321
,,0,2023-05-13T12:40:53.877451271Z,2023-06-12T12:40:53.877451271Z,2023-06-02T03:48:14.833108894Z,124.4679,docker_cpu_usage_pct,adapter_removal (DA28_L1) (321),adapter_removal (DA28_L1) (321),3723750,321
,,0,2023-05-13T12:40:53.877451271Z,2023-06-12T12:40:53.877451271Z,2023-06-02T03:48:16.833327527Z,125.2761,docker_cpu_usage_pct,adapter_removal (DA28_L1) (321),adapter_removal (DA28_L1) (321),3723750,321
,,0,2023-05-13T12:40:53.877451271Z,2023-06-12T12:40:53.877451271Z,2023-06-02T03:48:18.834186479Z,127.0822,docker_cpu_usage_pct,adapter_removal (DA28_L1) (321),adapter_removal (DA28_L1) (321),3723750,321
,,0,2023-05-13T12:40:53.877451271Z,2023-06-12T12:40:53.877451271Z,2023-06-02T03:48:20.833672948Z,125.5238,docker_cpu_usage_pct,adapter_removal (DA28_L1) (321),adapter_removal (DA28_L1) (321),3723750,321
,,0,2023-05-13T12:40:53.877451271Z,2023-06-12T12:40:53.877451271Z,2023-06-02T03:48:22.83269542Z,125.1834,docker_cpu_usage_pct,adapter_removal (DA28_L1) (321),adapter_removal (DA28_L1) (321),3723750,321
,,0,2023-05-13T12:40:53.877451271Z,2023-06-12T12:40:53.877451271Z,2023-06-02T03:48:24.833355593Z,123.8587,docker_cpu_usage_pct,adapter_removal (DA28_L1) (321),adapter_removal (DA28_L1) (321),3723750,321
,,0,2023-05-13T12:40:53.877451271Z,2023-06-12T12:40:53.877451271Z,2023-06-02T03:48:26.833700466Z,125.1796,docker_cpu_usage_pct,adapter_removal (DA28_L1) (321),adapter_removal (DA28_L1) (321),3723750,321
,,0,2023-05-13T12:40:53.877451271Z,2023-06-12T12:40:53.877451271Z,2023-06-02T03:48:28.833192931Z,125.6423,docker_cpu_usage_pct,adapter_removal (DA28_L1) (321),adapter_removal (DA28_L1) (321),3723750,321
,,0,2023-05-13T12:40:53.877451271Z,2023-06-12T12:40:53.877451271Z,2023-06-02T03:48:30.833682137Z,125.0586,docker_cpu_usage_pct,adapter_removal (DA28_L1) (321),adapter_removal (DA28_L1) (321),3723750,321
,,0,2023-05-13T12:40:53.877451271Z,2023-06-12T12:40:53.877451271Z,2023-06-02T03:48:32.833103677Z,125.1895,docker_cpu_usage_pct,adapter_removal (DA28_L1) (321),adapter_removal (DA28_L1) (321),3723750,321
,,0,2023-05-13T12:40:53.877451271Z,2023-06-12T12:40:53.877451271Z,2023-06-02T03:48:34.833366074Z,125.2873,docker_cpu_usage_pct,adapter_removal (DA28_L1) (321),adapter_removal (DA28_L1) (321),3723750,321
,,0,2023-05-13T12:40:53.877451271Z,2023-06-12T12:40:53.877451271Z,2023-06-02T03:48:36.833421433Z,125.5309,docker_cpu_usage_pct,adapter_removal (DA28_L1) (321),adapter_removal (DA28_L1) (321),3723750,321
,,0,2023-05-13T12:40:53.877451271Z,2023-06-12T12:40:53.877451271Z,2023-06-02T03:48:38.83281329Z,126.3781,docker_cpu_usage_pct,adapter_removal (DA28_L1) (321),adapter_removal (DA28_L1) (321),3723750,321
,,0,2023-05-13T12:40:53.877451271Z,2023-06-12T12:40:53.877451271Z,2023-06-02T03:48:40.833237699Z,124.0087,docker_cpu_usage_pct,adapter_removal (DA28_L1) (321),adapter_removal (DA28_L1) (321),3723750,321
,,0,2023-05-13T12:40:53.877451271Z,2023-06-12T12:40:53.877451271Z,2023-06-02T03:48:42.833710259Z,124.7638,docker_cpu_usage_pct,adapter_removal (DA28_L1) (321),adapter_removal (DA28_L1) (321),3723750,321
,,0,2023-05-13T12:40:53.877451271Z,2023-06-12T12:40:53.877451271Z,2023-06-02T03:48:44.833192176Z,130.5109,docker_cpu_usage_pct,adapter_removal (DA28_L1) (321),adapter_removal (DA28_L1) (321),3723750,321
,,0,2023-05-13T12:40:53.877451271Z,2023-06-12T12:40:53.877451271Z,2023-06-02T03:48:46.83354182Z,126.0576,docker_cpu_usage_pct,adapter_removal (DA28_L1) (321),adapter_removal (DA28_L1) (321),3723750,321
,,0,2023-05-13T12:40:53.877451271Z,2023-06-12T12:40:53.877451271Z,2023-06-02T03:48:48.834297157Z,124.5175,docker_cpu_usage_pct,adapter_removal (DA28_L1) (321),adapter_removal (DA28_L1) (321),3723750,321
,,0,2023-05-13T12:40:53.877451271Z,2023-06-12T12:40:53.877451271Z,2023-06-02T03:48:50.833313877Z,126.4607,docker_cpu_usage_pct,adapter_removal (DA28_L1) (321),adapter_removal (DA28_L1) (321),3723750,321
,,0,2023-05-13T12:40:53.877451271Z,2023-06-12T12:40:53.877451271Z,2023-06-02T03:48:52.83402865Z,125.04,docker_cpu_usage_pct,adapter_removal (DA28_L1) (321),adapter_removal (DA28_L1) (321),3723750,321
,,0,2023-05-13T12:40:53.877451271Z,2023-06-12T12:40:53.877451271Z,2023-06-02T03:48:54.833499863Z,125.4099,docker_cpu_usage_pct,adapter_removal (DA28_L1) (321),adapter_removal (DA28_L1) (321),3723750,321
,,0,2023-05-13T12:40:53.877451271Z,2023-06-12T12:40:53.877451271Z,2023-06-02T03:48:56.834019038Z,123.5711,docker_cpu_usage_pct,adapter_removal (DA28_L1) (321),adapter_removal (DA28_L1) (321),3723750,321
,,0,2023-05-13T12:40:53.877451271Z,2023-06-12T12:40:53.877451271Z,2023-06-02T03:48:58.833781209Z,126.5519,docker_cpu_usage_pct,adapter_removal (DA28_L1) (321),adapter_removal (DA28_L1) (321),3723750,321
,,0,2023-05-13T12:40:53.877451271Z,2023-06-12T12:40:53.877451271Z,2023-06-02T03:49:01.832955698Z,124.4731,docker_cpu_usage_pct,adapter_removal (DA28_L1) (321),adapter_removal (DA28_L1) (321),3723750,321
,,0,2023-05-13T12:40:53.877451271Z,2023-06-12T12:40:53.877451271Z,2023-06-02T03:49:03.833248374Z,126.0782,docker_cpu_usage_pct,adapter_removal (DA28_L1) (321),adapter_removal (DA28_L1) (321),3723750,321
,,0,2023-05-13T12:40:53.877451271Z,2023-06-12T12:40:53.877451271Z,2023-06-02T03:49:05.834203469Z,125.3287,docker_cpu_usage_pct,adapter_removal (DA28_L1) (321),adapter_removal (DA28_L1) (321),3723750,321
,,0,2023-05-13T12:40:53.877451271Z,2023-06-12T12:40:53.877451271Z,2023-06-02T03:49:07.833533502Z,125.1814,docker_cpu_usage_pct,adapter_removal (DA28_L1) (321),adapter_removal (DA28_L1) (321),3723750,321
,,0,2023-05-13T12:40:53.877451271Z,2023-06-12T12:40:53.877451271Z,2023-06-02T03:49:09.834113754Z,125.6295,docker_cpu_usage_pct,adapter_removal (DA28_L1) (321),adapter_removal (DA28_L1) (321),3723750,321
,,0,2023-05-13T12:40:53.877451271Z,2023-06-12T12:40:53.877451271Z,2023-06-02T03:49:11.833554149Z,124.6145,docker_cpu_usage_pct,adapter_removal (DA28_L1) (321),adapter_removal (DA28_L1) (321),3723750,321
,,0,2023-05-13T12:40:53.877451271Z,2023-06-12T12:40:53.877451271Z,2023-06-02T03:49:13.833609923Z,123.0779,docker_cpu_usage_pct,adapter_removal (DA28_L1) (321),adapter_removal (DA28_L1) (321),3723750,321
,,0,2023-05-13T12:40:53.877451271Z,2023-06-12T12:40:53.877451271Z,2023-06-02T03:49:15.833320525Z,130.9368,docker_cpu_usage_pct,adapter_removal (DA28_L1) (321),adapter_removal (DA28_L1) (321),3723750,321
,,0,2023-05-13T12:40:53.877451271Z,2023-06-12T12:40:53.877451271Z,2023-06-02T03:49:17.833678667Z,123.2047,docker_cpu_usage_pct,adapter_removal (DA28_L1) (321),adapter_removal (DA28_L1) (321),3723750,321
,,0,2023-05-13T12:40:53.877451271Z,2023-06-12T12:40:53.877451271Z,2023-06-02T03:49:19.833107598Z,125.0143,docker_cpu_usage_pct,adapter_removal (DA28_L1) (321),adapter_removal (DA28_L1) (321),3723750,321
,,0,2023-05-13T12:40:53.877451271Z,2023-06-12T12:40:53.877451271Z,2023-06-02T03:49:21.833227201Z,125.4814,docker_cpu_usage_pct,adapter_removal (DA28_L1) (321),adapter_removal (DA28_L1) (321),3723750,321
,,0,2023-05-13T12:40:53.877451271Z,2023-06-12T12:40:53.877451271Z,2023-06-02T03:49:23.833995223Z,125.6446,docker_cpu_usage_pct,adapter_removal (DA28_L1) (321),adapter_removal (DA28_L1) (321),3723750,321
,,0,2023-05-13T12:40:53.877451271Z,2023-06-12T12:40:53.877451271Z,2023-06-02T03:49:25.833125833Z,123.0883,docker_cpu_usage_pct,adapter_removal (DA28_L1) (321),adapter_removal (DA28_L1) (321),3723750,321
,,0,2023-05-13T12:40:53.877451271Z,2023-06-12T12:40:53.877451271Z,2023-06-02T03:49:27.83347836Z,126.4945,docker_cpu_usage_pct,adapter_removal (DA28_L1) (321),adapter_removal (DA28_L1) (321),3723750,321
,,0,2023-05-13T12:40:53.877451271Z,2023-06-12T12:40:53.877451271Z,2023-06-02T03:49:29.832787464Z,123.7038,docker_cpu_usage_pct,adapter_removal (DA28_L1) (321),adapter_removal (DA28_L1) (321),3723750,321
,,0,2023-05-13T12:40:53.877451271Z,2023-06-12T12:40:53.877451271Z,2023-06-02T03:49:31.833339487Z,126.3853,docker_cpu_usage_pct,adapter_removal (DA28_L1) (321),adapter_removal (DA28_L1) (321),3723750,321
,,0,2023-05-13T12:40:53.877451271Z,2023-06-12T12:40:53.877451271Z,2023-06-02T03:49:33.833857437Z,124.0196,docker_cpu_usage_pct,adapter_removal (DA28_L1) (321),adapter_removal (DA28_L1) (321),3723750,321
,,0,2023-05-13T12:40:53.877451271Z,2023-06-12T12:40:53.877451271Z,2023-06-02T03:49:35.832938231Z,123.5849,docker_cpu_usage_pct,adapter_removal (DA28_L1) (321),adapter_removal (DA28_L1) (321),3723750,321
,,0,2023-05-13T12:40:53.877451271Z,2023-06-12T12:40:53.877451271Z,2023-06-02T03:49:37.833708739Z,123.2505,docker_cpu_usage_pct,adapter_removal (DA28_L1) (321),adapter_removal (DA28_L1) (321),3723750,321
,,0,2023-05-13T12:40:53.877451271Z,2023-06-12T12:40:53.877451271Z,2023-06-02T03:49:39.833904117Z,123.4184,docker_cpu_usage_pct,adapter_removal (DA28_L1) (321),adapter_removal (DA28_L1) (321),3723750,321
,,0,2023-05-13T12:40:53.877451271Z,2023-06-12T12:40:53.877451271Z,2023-06-02T03:49:41.832934377Z,125.0774,docker_cpu_usage_pct,adapter_removal (DA28_L1) (321),adapter_removal (DA28_L1) (321),3723750,321
,,0,2023-05-13T12:40:53.877451271Z,2023-06-12T12:40:53.877451271Z,2023-06-02T03:49:43.833576068Z,123.1786,docker_cpu_usage_pct,adapter_removal (DA28_L1) (321),adapter_removal (DA28_L1) (321),3723750,321
,,0,2023-05-13T12:40:53.877451271Z,2023-06-12T12:40:53.877451271Z,2023-06-02T03:49:45.833764114Z,131.4333,docker_cpu_usage_pct,adapter_removal (DA28_L1) (321),adapter_removal (DA28_L1) (321),3723750,321
,,0,2023-05-13T12:40:53.877451271Z,2023-06-12T12:40:53.877451271Z,2023-06-02T03:49:47.833409431Z,125.1677,docker_cpu_usage_pct,adapter_removal (DA28_L1) (321),adapter_removal (DA28_L1) (321),3723750,321
,,0,2023-05-13T12:40:53.877451271Z,2023-06-12T12:40:53.877451271Z,2023-06-02T03:49:49.833703688Z,124.6476,docker_cpu_usage_pct,adapter_removal (DA28_L1) (321),adapter_removal (DA28_L1) (321),3723750,321
,,0,2023-05-13T12:40:53.877451271Z,2023-06-12T12:40:53.877451271Z,2023-06-02T03:49:51.833247321Z,124.191,docker_cpu_usage_pct,adapter_removal (DA28_L1) (321),adapter_removal (DA28_L1) (321),3723750,321
,,0,2023-05-13T12:40:53.877451271Z,2023-06-12T12:40:53.877451271Z,2023-06-02T03:49:53.833463034Z,126.6832,docker_cpu_usage_pct,adapter_removal (DA28_L1) (321),adapter_removal (DA28_L1) (321),3723750,321
,,0,2023-05-13T12:40:53.877451271Z,2023-06-12T12:40:53.877451271Z,2023-06-02T03:49:55.834137421Z,124.2607,docker_cpu_usage_pct,adapter_removal (DA28_L1) (321),adapter_removal (DA28_L1) (321),3723750,321
,,0,2023-05-13T12:40:53.877451271Z,2023-06-12T12:40:53.877451271Z,2023-06-02T03:49:57.833316931Z,123.78,docker_cpu_usage_pct,adapter_removal (DA28_L1) (321),adapter_removal (DA28_L1) (321),3723750,321
,,0,2023-05-13T12:40:53.877451271Z,2023-06-12T12:40:53.877451271Z,2023-06-02T03:49:59.833615504Z,124.6253,docker_cpu_usage_pct,adapter_removal (DA28_L1) (321),adapter_removal (DA28_L1) (321),3723750,321
,,0,2023-05-13T12:40:53.877451271Z,2023-06-12T12:40:53.877451271Z,2023-06-02T03:50:01.833258497Z,124.5991,docker_cpu_usage_pct,adapter_removal (DA28_L1) (321),adapter_removal (DA28_L1) (321),3723750,321
,,0,2023-05-13T12:40:53.877451271Z,2023-06-12T12:40:53.877451271Z,2023-06-02T03:50:03.833525638Z,124.1019,docker_cpu_usage_pct,adapter_removal (DA28_L1) (321),adapter_removal (DA28_L1) (321),3723750,321
,,0,2023-05-13T12:40:53.877451271Z,2023-06-12T12:40:53.877451271Z,2023-06-02T03:50:05.832962912Z,125.2588,docker_cpu_usage_pct,adapter_removal (DA28_L1) (321),adapter_removal (DA28_L1) (321),3723750,321
,,0,2023-05-13T12:40:53.877451271Z,2023-06-12T12:40:53.877451271Z,2023-06-02T03:50:07.833412138Z,124.5505,docker_cpu_usage_pct,adapter_removal (DA28_L1) (321),adapter_removal (DA28_L1) (321),3723750,321
,,0,2023-05-13T12:40:53.877451271Z,2023-06-12T12:40:53.877451271Z,2023-06-02T03:50:09.833883263Z,127.7335,docker_cpu_usage_pct,adapter_removal (DA28_L1) (321),adapter_removal (DA28_L1) (321),3723750,321
,,0,2023-05-13T12:40:53.877451271Z,2023-06-12T12:40:53.877451271Z,2023-06-02T03:50:11.833086998Z,125.2778,docker_cpu_usage_pct,adapter_removal (DA28_L1) (321),adapter_removal (DA28_L1) (321),3723750,321
,,0,2023-05-13T12:40:53.877451271Z,2023-06-12T12:40:53.877451271Z,2023-06-02T03:50:13.833439589Z,126.2224,docker_cpu_usage_pct,adapter_removal (DA28_L1) (321),adapter_removal (DA28_L1) (321),3723750,321
,,0,2023-05-13T12:40:53.877451271Z,2023-06-12T12:40:53.877451271Z,2023-06-02T03:50:15.833274022Z,131.6629,docker_cpu_usage_pct,adapter_removal (DA28_L1) (321),adapter_removal (DA28_L1) (321),3723750,321
,,0,2023-05-13T12:40:53.877451271Z,2023-06-12T12:40:53.877451271Z,2023-06-02T03:50:17.833536818Z,125.6089,docker_cpu_usage_pct,adapter_removal (DA28_L1) (321),adapter_removal (DA28_L1) (321),3723750,321
,,0,2023-05-13T12:40:53.877451271Z,2023-06-12T12:40:53.877451271Z,2023-06-02T03:50:19.832976408Z,123.1355,docker_cpu_usage_pct,adapter_removal (DA28_L1) (321),adapter_removal (DA28_L1) (321),3723750,321
,,0,2023-05-13T12:40:53.877451271Z,2023-06-12T12:40:53.877451271Z,2023-06-02T03:50:21.83347199Z,124.3114,docker_cpu_usage_pct,adapter_removal (DA28_L1) (321),adapter_removal (DA28_L1) (321),3723750,321
,,0,2023-05-13T12:40:53.877451271Z,2023-06-12T12:40:53.877451271Z,2023-06-02T03:50:23.833778845Z,123.3724,docker_cpu_usage_pct,adapter_removal (DA28_L1) (321),adapter_removal (DA28_L1) (321),3723750,321
,,0,2023-05-13T12:40:53.877451271Z,2023-06-12T12:40:53.877451271Z,2023-06-02T03:50:25.833280415Z,125.5478,docker_cpu_usage_pct,adapter_removal (DA28_L1) (321),adapter_removal (DA28_L1) (321),3723750,321
,,0,2023-05-13T12:40:53.877451271Z,2023-06-12T12:40:53.877451271Z,2023-06-02T03:50:27.833774664Z,124.3351,docker_cpu_usage_pct,adapter_removal (DA28_L1) (321),adapter_removal (DA28_L1) (321),3723750,321
,,0,2023-05-13T12:40:53.877451271Z,2023-06-12T12:40:53.877451271Z,2023-06-02T03:50:29.832953852Z,126.1294,docker_cpu_usage_pct,adapter_removal (DA28_L1) (321),adapter_removal (DA28_L1) (321),3723750,321
,,0,2023-05-13T12:40:53.877451271Z,2023-06-12T12:40:53.877451271Z,2023-06-02T03:50:31.833456831Z,125.5988,docker_cpu_usage_pct,adapter_removal (DA28_L1) (321),adapter_removal (DA28_L1) (321),3723750,321
,,0,2023-05-13T12:40:53.877451271Z,2023-06-12T12:40:53.877451271Z,2023-06-02T03:50:33.833825985Z,124.2378,docker_cpu_usage_pct,adapter_removal (DA28_L1) (321),adapter_removal (DA28_L1) (321),3723750,321
,,0,2023-05-13T12:40:53.877451271Z,2023-06-12T12:40:53.877451271Z,2023-06-02T03:50:35.833232708Z,123.3419,docker_cpu_usage_pct,adapter_removal (DA28_L1) (321),adapter_removal (DA28_L1) (321),3723750,321
,,0,2023-05-13T12:40:53.877451271Z,2023-06-12T12:40:53.877451271Z,2023-06-02T03:50:37.833329822Z,123.4558,docker_cpu_usage_pct,adapter_removal (DA28_L1) (321),adapter_removal (DA28_L1) (321),3723750,321
,,0,2023-05-13T12:40:53.877451271Z,2023-06-12T12:40:53.877451271Z,2023-06-02T03:50:39.832831286Z,126.9504,docker_cpu_usage_pct,adapter_removal (DA28_L1) (321),adapter_removal (DA28_L1) (321),3723750,321
,,0,2023-05-13T12:40:53.877451271Z,2023-06-12T12:40:53.877451271Z,2023-06-02T03:50:41.83330659Z,124.0293,docker_cpu_usage_pct,adapter_removal (DA28_L1) (321),adapter_removal (DA28_L1) (321),3723750,321
,,0,2023-05-13T12:40:53.877451271Z,2023-06-12T12:40:53.877451271Z,2023-06-02T03:50:43.833601289Z,123.3686,docker_cpu_usage_pct,adapter_removal (DA28_L1) (321),adapter_removal (DA28_L1) (321),3723750,321
,,0,2023-05-13T12:40:53.877451271Z,2023-06-12T12:40:53.877451271Z,2023-06-02T03:50:45.832958457Z,125.7453,docker_cpu_usage_pct,adapter_removal (DA28_L1) (321),adapter_removal (DA28_L1) (321),3723750,321
,,0,2023-05-13T12:40:53.877451271Z,2023-06-12T12:40:53.877451271Z,2023-06-02T03:50:47.833726218Z,124.0759,docker_cpu_usage_pct,adapter_removal (DA28_L1) (321),adapter_removal (DA28_L1) (321),3723750,321
,,0,2023-05-13T12:40:53.877451271Z,2023-06-12T12:40:53.877451271Z,2023-06-02T03:50:49.833753066Z,123.6418,docker_cpu_usage_pct,adapter_removal (DA28_L1) (321),adapter_removal (DA28_L1) (321),3723750,321
,,0,2023-05-13T12:40:53.877451271Z,2023-06-12T12:40:53.877451271Z,2023-06-02T03:50:51.833576807Z,123.387,docker_cpu_usage_pct,adapter_removal (DA28_L1) (321),adapter_removal (DA28_L1) (321),3723750,321
,,0,2023-05-13T12:40:53.877451271Z,2023-06-12T12:40:53.877451271Z,2023-06-02T03:50:53.833140959Z,126.0458,docker_cpu_usage_pct,adapter_removal (DA28_L1) (321),adapter_removal (DA28_L1) (321),3723750,321
,,0,2023-05-13T12:40:53.877451271Z,2023-06-12T12:40:53.877451271Z,2023-06-02T03:50:55.833917548Z,123.7138,docker_cpu_usage_pct,adapter_removal (DA28_L1) (321),adapter_removal (DA28_L1) (321),3723750,321
,,0,2023-05-13T12:40:53.877451271Z,2023-06-12T12:40:53.877451271Z,2023-06-02T03:50:58.833257928Z,124.3118,docker_cpu_usage_pct,adapter_removal (DA28_L1) (321),adapter_removal (DA28_L1) (321),3723750,321
,,0,2023-05-13T12:40:53.877451271Z,2023-06-12T12:40:53.877451271Z,2023-06-02T03:51:00.833720716Z,124.2586,docker_cpu_usage_pct,adapter_removal (DA28_L1) (321),adapter_removal (DA28_L1) (321),3723750,321
,,0,2023-05-13T12:40:53.877451271Z,2023-06-12T12:40:53.877451271Z,2023-06-02T03:51:02.832698967Z,125.1564,docker_cpu_usage_pct,adapter_removal (DA28_L1) (321),adapter_removal (DA28_L1) (321),3723750,321
,,0,2023-05-13T12:40:53.877451271Z,2023-06-12T12:40:53.877451271Z,2023-06-02T03:51:04.833348719Z,124.3257,docker_cpu_usage_pct,adapter_removal (DA28_L1) (321),adapter_removal (DA28_L1) (321),3723750,321
,,0,2023-05-13T12:40:53.877451271Z,2023-06-12T12:40:53.877451271Z,2023-06-02T03:51:06.833712552Z,124.5465,docker_cpu_usage_pct,adapter_removal (DA28_L1) (321),adapter_removal (DA28_L1) (321),3723750,321
,,0,2023-05-13T12:40:53.877451271Z,2023-06-12T12:40:53.877451271Z,2023-06-02T03:51:08.833402002Z,125.0304,docker_cpu_usage_pct,adapter_removal (DA28_L1) (321),adapter_removal (DA28_L1) (321),3723750,321
,,0,2023-05-13T12:40:53.877451271Z,2023-06-12T12:40:53.877451271Z,2023-06-02T03:51:10.833738123Z,126.0629,docker_cpu_usage_pct,adapter_removal (DA28_L1) (321),adapter_removal (DA28_L1) (321),3723750,321
,,0,2023-05-13T12:40:53.877451271Z,2023-06-12T12:40:53.877451271Z,2023-06-02T03:51:12.833169814Z,124.7767,docker_cpu_usage_pct,adapter_removal (DA28_L1) (321),adapter_removal (DA28_L1) (321),3723750,321
,,0,2023-05-13T12:40:53.877451271Z,2023-06-12T12:40:53.877451271Z,2023-06-02T03:51:14.833777543Z,126.391,docker_cpu_usage_pct,adapter_removal (DA28_L1) (321),adapter_removal (DA28_L1) (321),3723750,321
,,0,2023-05-13T12:40:53.877451271Z,2023-06-12T12:40:53.877451271Z,2023-06-02T03:51:16.833052878Z,124.1866,docker_cpu_usage_pct,adapter_removal (DA28_L1) (321),adapter_removal (DA28_L1) (321),3723750,321
,,0,2023-05-13T12:40:53.877451271Z,2023-06-12T12:40:53.877451271Z,2023-06-02T03:51:18.833381516Z,123.9417,docker_cpu_usage_pct,adapter_removal (DA28_L1) (321),adapter_removal (DA28_L1) (321),3723750,321
,,0,2023-05-13T12:40:53.877451271Z,2023-06-12T12:40:53.877451271Z,2023-06-02T03:51:20.833755364Z,122.9698,docker_cpu_usage_pct,adapter_removal (DA28_L1) (321),adapter_removal (DA28_L1) (321),3723750,321
,,0,2023-05-13T12:40:53.877451271Z,2023-06-12T12:40:53.877451271Z,2023-06-02T03:51:22.833401459Z,123.3732,docker_cpu_usage_pct,adapter_removal (DA28_L1) (321),adapter_removal (DA28_L1) (321),3723750,321
,,0,2023-05-13T12:40:53.877451271Z,2023-06-12T12:40:53.877451271Z,2023-06-02T03:51:24.833979643Z,124.2106,docker_cpu_usage_pct,adapter_removal (DA28_L1) (321),adapter_removal (DA28_L1) (321),3723750,321
,,0,2023-05-13T12:40:53.877451271Z,2023-06-12T12:40:53.877451271Z,2023-06-02T03:51:26.833594106Z,123.2961,docker_cpu_usage_pct,adapter_removal (DA28_L1) (321),adapter_removal (DA28_L1) (321),3723750,321
,,0,2023-05-13T12:40:53.877451271Z,2023-06-12T12:40:53.877451271Z,2023-06-02T03:51:28.833845368Z,123.7472,docker_cpu_usage_pct,adapter_removal (DA28_L1) (321),adapter_removal (DA28_L1) (321),3723750,321
,,0,2023-05-13T12:40:53.877451271Z,2023-06-12T12:40:53.877451271Z,2023-06-02T03:51:30.833283244Z,124.6592,docker_cpu_usage_pct,adapter_removal (DA28_L1) (321),adapter_removal (DA28_L1) (321),3723750,321
,,0,2023-05-13T12:40:53.877451271Z,2023-06-12T12:40:53.877451271Z,2023-06-02T03:51:32.833521415Z,124.5624,docker_cpu_usage_pct,adapter_removal (DA28_L1) (321),adapter_removal (DA28_L1) (321),3723750,321
,,0,2023-05-13T12:40:53.877451271Z,2023-06-12T12:40:53.877451271Z,2023-06-02T03:51:34.832789845Z,124.4272,docker_cpu_usage_pct,adapter_removal (DA28_L1) (321),adapter_removal (DA28_L1) (321),3723750,321
,,0,2023-05-13T12:40:53.877451271Z,2023-06-12T12:40:53.877451271Z,2023-06-02T03:51:36.833413266Z,124.5947,docker_cpu_usage_pct,adapter_removal (DA28_L1) (321),adapter_removal (DA28_L1) (321),3723750,321
,,0,2023-05-13T12:40:53.877451271Z,2023-06-12T12:40:53.877451271Z,2023-06-02T03:51:38.833915743Z,120.9387,docker_cpu_usage_pct,adapter_removal (DA28_L1) (321),adapter_removal (DA28_L1) (321),3723750,321
,,0,2023-05-13T12:40:53.877451271Z,2023-06-12T12:40:53.877451271Z,2023-06-02T03:51:40.833382397Z,123.4273,docker_cpu_usage_pct,adapter_removal (DA28_L1) (321),adapter_removal (DA28_L1) (321),3723750,321
,,0,2023-05-13T12:40:53.877451271Z,2023-06-12T12:40:53.877451271Z,2023-06-02T03:51:42.833418308Z,123.1784,docker_cpu_usage_pct,adapter_removal (DA28_L1) (321),adapter_removal (DA28_L1) (321),3723750,321
,,0,2023-05-13T12:40:53.877451271Z,2023-06-12T12:40:53.877451271Z,2023-06-02T03:51:44.83317695Z,123.8234,docker_cpu_usage_pct,adapter_removal (DA28_L1) (321),adapter_removal (DA28_L1) (321),3723750,321
,,0,2023-05-13T12:40:53.877451271Z,2023-06-12T12:40:53.877451271Z,2023-06-02T03:51:46.833607773Z,125.6859,docker_cpu_usage_pct,adapter_removal (DA28_L1) (321),adapter_removal (DA28_L1) (321),3723750,321
,,0,2023-05-13T12:40:53.877451271Z,2023-06-12T12:40:53.877451271Z,2023-06-02T03:51:48.833500976Z,123.9898,docker_cpu_usage_pct,adapter_removal (DA28_L1) (321),adapter_removal (DA28_L1) (321),3723750,321
,,0,2023-05-13T12:40:53.877451271Z,2023-06-12T12:40:53.877451271Z,2023-06-02T03:51:50.833034219Z,125.0566,docker_cpu_usage_pct,adapter_removal (DA28_L1) (321),adapter_removal (DA28_L1) (321),3723750,321
,,0,2023-05-13T12:40:53.877451271Z,2023-06-12T12:40:53.877451271Z,2023-06-02T03:51:52.833573073Z,124.7937,docker_cpu_usage_pct,adapter_removal (DA28_L1) (321),adapter_removal (DA28_L1) (321),3723750,321
,,0,2023-05-13T12:40:53.877451271Z,2023-06-12T12:40:53.877451271Z,2023-06-02T03:51:54.832878518Z,123.2412,docker_cpu_usage_pct,adapter_removal (DA28_L1) (321),adapter_removal (DA28_L1) (321),3723750,321
,,0,2023-05-13T12:40:53.877451271Z,2023-06-12T12:40:53.877451271Z,2023-06-02T03:51:56.833488003Z,124.2678,docker_cpu_usage_pct,adapter_removal (DA28_L1) (321),adapter_removal (DA28_L1) (321),3723750,321
,,0,2023-05-13T12:40:53.877451271Z,2023-06-12T12:40:53.877451271Z,2023-06-02T03:51:58.833911432Z,123.9682,docker_cpu_usage_pct,adapter_removal (DA28_L1) (321),adapter_removal (DA28_L1) (321),3723750,321
,,0,2023-05-13T12:40:53.877451271Z,2023-06-12T12:40:53.877451271Z,2023-06-02T03:52:00.833633188Z,123.6012,docker_cpu_usage_pct,adapter_removal (DA28_L1) (321),adapter_removal (DA28_L1) (321),3723750,321
,,0,2023-05-13T12:40:53.877451271Z,2023-06-12T12:40:53.877451271Z,2023-06-02T03:52:02.833190248Z,124.4909,docker_cpu_usage_pct,adapter_removal (DA28_L1) (321),adapter_removal (DA28_L1) (321),3723750,321
,,0,2023-05-13T12:40:53.877451271Z,2023-06-12T12:40:53.877451271Z,2023-06-02T03:52:04.83312163Z,123.2665,docker_cpu_usage_pct,adapter_removal (DA28_L1) (321),adapter_removal (DA28_L1) (321),3723750,321
,,0,2023-05-13T12:40:53.877451271Z,2023-06-12T12:40:53.877451271Z,2023-06-02T03:52:06.833793224Z,122.4541,docker_cpu_usage_pct,adapter_removal (DA28_L1) (321),adapter_removal (DA28_L1) (321),3723750,321
,,0,2023-05-13T12:40:53.877451271Z,2023-06-12T12:40:53.877451271Z,2023-06-02T03:52:08.8332655Z,124.5497,docker_cpu_usage_pct,adapter_removal (DA28_L1) (321),adapter_removal (DA28_L1) (321),3723750,321
,,0,2023-05-13T12:40:53.877451271Z,2023-06-12T12:40:53.877451271Z,2023-06-02T03:52:10.833985484Z,126.1621,docker_cpu_usage_pct,adapter_removal (DA28_L1) (321),adapter_removal (DA28_L1) (321),3723750,321
,,0,2023-05-13T12:40:53.877451271Z,2023-06-12T12:40:53.877451271Z,2023-06-02T03:52:12.833101318Z,124.9026,docker_cpu_usage_pct,adapter_removal (DA28_L1) (321),adapter_removal (DA28_L1) (321),3723750,321
,,0,2023-05-13T12:40:53.877451271Z,2023-06-12T12:40:53.877451271Z,2023-06-02T03:52:14.833496591Z,123.6026,docker_cpu_usage_pct,adapter_removal (DA28_L1) (321),adapter_removal (DA28_L1) (321),3723750,321
,,0,2023-05-13T12:40:53.877451271Z,2023-06-12T12:40:53.877451271Z,2023-06-02T03:52:16.833070048Z,123.7362,docker_cpu_usage_pct,adapter_removal (DA28_L1) (321),adapter_removal (DA28_L1) (321),3723750,321
,,0,2023-05-13T12:40:53.877451271Z,2023-06-12T12:40:53.877451271Z,2023-06-02T03:52:18.833371737Z,124.6362,docker_cpu_usage_pct,adapter_removal (DA28_L1) (321),adapter_removal (DA28_L1) (321),3723750,321
,,0,2023-05-13T12:40:53.877451271Z,2023-06-12T12:40:53.877451271Z,2023-06-02T03:52:20.834002696Z,126.1065,docker_cpu_usage_pct,adapter_removal (DA28_L1) (321),adapter_removal (DA28_L1) (321),3723750,321
,,0,2023-05-13T12:40:53.877451271Z,2023-06-12T12:40:53.877451271Z,2023-06-02T03:52:22.832876809Z,123.6389,docker_cpu_usage_pct,adapter_removal (DA28_L1) (321),adapter_removal (DA28_L1) (321),3723750,321
,,0,2023-05-13T12:40:53.877451271Z,2023-06-12T12:40:53.877451271Z,2023-06-02T03:52:24.833718024Z,124.5321,docker_cpu_usage_pct,adapter_removal (DA28_L1) (321),adapter_removal (DA28_L1) (321),3723750,321
,,0,2023-05-13T12:40:53.877451271Z,2023-06-12T12:40:53.877451271Z,2023-06-02T03:52:26.832846774Z,124.5421,docker_cpu_usage_pct,adapter_removal (DA28_L1) (321),adapter_removal (DA28_L1) (321),3723750,321
,,0,2023-05-13T12:40:53.877451271Z,2023-06-12T12:40:53.877451271Z,2023-06-02T03:52:28.833408408Z,124.0149,docker_cpu_usage_pct,adapter_removal (DA28_L1) (321),adapter_removal (DA28_L1) (321),3723750,321
,,0,2023-05-13T12:40:53.877451271Z,2023-06-12T12:40:53.877451271Z,2023-06-02T03:52:30.833036683Z,123.3437,docker_cpu_usage_pct,adapter_removal (DA28_L1) (321),adapter_removal (DA28_L1) (321),3723750,321
,,0,2023-05-13T12:40:53.877451271Z,2023-06-12T12:40:53.877451271Z,2023-06-02T03:52:32.833369959Z,123.7206,docker_cpu_usage_pct,adapter_removal (DA28_L1) (321),adapter_removal (DA28_L1) (321),3723750,321
,,0,2023-05-13T12:40:53.877451271Z,2023-06-12T12:40:53.877451271Z,2023-06-02T03:52:34.834097638Z,123.7146,docker_cpu_usage_pct,adapter_removal (DA28_L1) (321),adapter_removal (DA28_L1) (321),3723750,321
,,0,2023-05-13T12:40:53.877451271Z,2023-06-12T12:40:53.877451271Z,2023-06-02T03:52:36.833592627Z,124.2332,docker_cpu_usage_pct,adapter_removal (DA28_L1) (321),adapter_removal (DA28_L1) (321),3723750,321
,,0,2023-05-13T12:40:53.877451271Z,2023-06-12T12:40:53.877451271Z,2023-06-02T03:52:38.833742745Z,124.9511,docker_cpu_usage_pct,adapter_removal (DA28_L1) (321),adapter_removal (DA28_L1) (321),3723750,321
,,0,2023-05-13T12:40:53.877451271Z,2023-06-12T12:40:53.877451271Z,2023-06-02T03:52:40.833225633Z,128.2016,docker_cpu_usage_pct,adapter_removal (DA28_L1) (321),adapter_removal (DA28_L1) (321),3723750,321
,,0,2023-05-13T12:40:53.877451271Z,2023-06-12T12:40:53.877451271Z,2023-06-02T03:52:42.833574787Z,123.7551,docker_cpu_usage_pct,adapter_removal (DA28_L1) (321),adapter_removal (DA28_L1) (321),3723750,321
,,0,2023-05-13T12:40:53.877451271Z,2023-06-12T12:40:53.877451271Z,2023-06-02T03:52:44.83296572Z,125.6157,docker_cpu_usage_pct,adapter_removal (DA28_L1) (321),adapter_removal (DA28_L1) (321),3723750,321
,,0,2023-05-13T12:40:53.877451271Z,2023-06-12T12:40:53.877451271Z,2023-06-02T03:52:46.833630174Z,123.0824,docker_cpu_usage_pct,adapter_removal (DA28_L1) (321),adapter_removal (DA28_L1) (321),3723750,321
,,0,2023-05-13T12:40:53.877451271Z,2023-06-12T12:40:53.877451271Z,2023-06-02T03:52:48.833212242Z,125.605,docker_cpu_usage_pct,adapter_removal (DA28_L1) (321),adapter_removal (DA28_L1) (321),3723750,321
,,0,2023-05-13T12:40:53.877451271Z,2023-06-12T12:40:53.877451271Z,2023-06-02T03:52:50.833651367Z,126.0388,docker_cpu_usage_pct,adapter_removal (DA28_L1) (321),adapter_removal (DA28_L1) (321),3723750,321
,,0,2023-05-13T12:40:53.877451271Z,2023-06-12T12:40:53.877451271Z,2023-06-02T03:52:52.833530793Z,127.7791,docker_cpu_usage_pct,adapter_removal (DA28_L1) (321),adapter_removal (DA28_L1) (321),3723750,321
,,0,2023-05-13T12:40:53.877451271Z,2023-06-12T12:40:53.877451271Z,2023-06-02T03:52:55.833972377Z,124.2061,docker_cpu_usage_pct,adapter_removal (DA28_L1) (321),adapter_removal (DA28_L1) (321),3723750,321
,,0,2023-05-13T12:40:53.877451271Z,2023-06-12T12:40:53.877451271Z,2023-06-02T03:52:57.833325986Z,125.0415,docker_cpu_usage_pct,adapter_removal (DA28_L1) (321),adapter_removal (DA28_L1) (321),3723750,321
,,0,2023-05-13T12:40:53.877451271Z,2023-06-12T12:40:53.877451271Z,2023-06-02T03:52:59.833606774Z,123.9362,docker_cpu_usage_pct,adapter_removal (DA28_L1) (321),adapter_removal (DA28_L1) (321),3723750,321
,,0,2023-05-13T12:40:53.877451271Z,2023-06-12T12:40:53.877451271Z,2023-06-02T03:53:01.833006352Z,125.1911,docker_cpu_usage_pct,adapter_removal (DA28_L1) (321),adapter_removal (DA28_L1) (321),3723750,321
,,0,2023-05-13T12:40:53.877451271Z,2023-06-12T12:40:53.877451271Z,2023-06-02T03:53:03.833729453Z,123.9019,docker_cpu_usage_pct,adapter_removal (DA28_L1) (321),adapter_removal (DA28_L1) (321),3723750,321
,,0,2023-05-13T12:40:53.877451271Z,2023-06-12T12:40:53.877451271Z,2023-06-02T03:53:05.833109461Z,126.21,docker_cpu_usage_pct,adapter_removal (DA28_L1) (321),adapter_removal (DA28_L1) (321),3723750,321
,,0,2023-05-13T12:40:53.877451271Z,2023-06-12T12:40:53.877451271Z,2023-06-02T03:53:07.833705366Z,123.4103,docker_cpu_usage_pct,adapter_removal (DA28_L1) (321),adapter_removal (DA28_L1) (321),3723750,321
,,0,2023-05-13T12:40:53.877451271Z,2023-06-12T12:40:53.877451271Z,2023-06-02T03:53:09.832868556Z,123.269,docker_cpu_usage_pct,adapter_removal (DA28_L1) (321),adapter_removal (DA28_L1) (321),3723750,321
,,0,2023-05-13T12:40:53.877451271Z,2023-06-12T12:40:53.877451271Z,2023-06-02T03:53:11.833518232Z,123.8348,docker_cpu_usage_pct,adapter_removal (DA28_L1) (321),adapter_removal (DA28_L1) (321),3723750,321
,,0,2023-05-13T12:40:53.877451271Z,2023-06-12T12:40:53.877451271Z,2023-06-02T03:53:13.834276921Z,124.3475,docker_cpu_usage_pct,adapter_removal (DA28_L1) (321),adapter_removal (DA28_L1) (321),3723750,321
,,0,2023-05-13T12:40:53.877451271Z,2023-06-12T12:40:53.877451271Z,2023-06-02T03:53:15.833544213Z,133.25,docker_cpu_usage_pct,adapter_removal (DA28_L1) (321),adapter_removal (DA28_L1) (321),3723750,321
,,0,2023-05-13T12:40:53.877451271Z,2023-06-12T12:40:53.877451271Z,2023-06-02T03:53:17.834001521Z,124.869,docker_cpu_usage_pct,adapter_removal (DA28_L1) (321),adapter_removal (DA28_L1) (321),3723750,321
,,0,2023-05-13T12:40:53.877451271Z,2023-06-12T12:40:53.877451271Z,2023-06-02T03:53:19.833461558Z,123.8921,docker_cpu_usage_pct,adapter_removal (DA28_L1) (321),adapter_removal (DA28_L1) (321),3723750,321
,,0,2023-05-13T12:40:53.877451271Z,2023-06-12T12:40:53.877451271Z,2023-06-02T03:53:21.833880704Z,124.0256,docker_cpu_usage_pct,adapter_removal (DA28_L1) (321),adapter_removal (DA28_L1) (321),3723750,321
,,0,2023-05-13T12:40:53.877451271Z,2023-06-12T12:40:53.877451271Z,2023-06-02T03:53:23.833284598Z,124.0556,docker_cpu_usage_pct,adapter_removal (DA28_L1) (321),adapter_removal (DA28_L1) (321),3723750,321
,,0,2023-05-13T12:40:53.877451271Z,2023-06-12T12:40:53.877451271Z,2023-06-02T03:53:25.833813227Z,123.7941,docker_cpu_usage_pct,adapter_removal (DA28_L1) (321),adapter_removal (DA28_L1) (321),3723750,321
,,0,2023-05-13T12:40:53.877451271Z,2023-06-12T12:40:53.877451271Z,2023-06-02T03:53:27.833202709Z,124.1601,docker_cpu_usage_pct,adapter_removal (DA28_L1) (321),adapter_removal (DA28_L1) (321),3723750,321
,,0,2023-05-13T12:40:53.877451271Z,2023-06-12T12:40:53.877451271Z,2023-06-02T03:53:29.833481739Z,125.8607,docker_cpu_usage_pct,adapter_removal (DA28_L1) (321),adapter_removal (DA28_L1) (321),3723750,321
,,0,2023-05-13T12:40:53.877451271Z,2023-06-12T12:40:53.877451271Z,2023-06-02T03:53:31.834005646Z,125.0473,docker_cpu_usage_pct,adapter_removal (DA28_L1) (321),adapter_removal (DA28_L1) (321),3723750,321
,,0,2023-05-13T12:40:53.877451271Z,2023-06-12T12:40:53.877451271Z,2023-06-02T03:53:33.833297944Z,123.6453,docker_cpu_usage_pct,adapter_removal (DA28_L1) (321),adapter_removal (DA28_L1) (321),3723750,321
,,0,2023-05-13T12:40:53.877451271Z,2023-06-12T12:40:53.877451271Z,2023-06-02T03:53:35.833840231Z,124.3407,docker_cpu_usage_pct,adapter_removal (DA28_L1) (321),adapter_removal (DA28_L1) (321),3723750,321
,,0,2023-05-13T12:40:53.877451271Z,2023-06-12T12:40:53.877451271Z,2023-06-02T03:53:37.833284213Z,125.5704,docker_cpu_usage_pct,adapter_removal (DA28_L1) (321),adapter_removal (DA28_L1) (321),3723750,321
,,0,2023-05-13T12:40:53.877451271Z,2023-06-12T12:40:53.877451271Z,2023-06-02T03:53:39.833979253Z,124.7802,docker_cpu_usage_pct,adapter_removal (DA28_L1) (321),adapter_removal (DA28_L1) (321),3723750,321
,,0,2023-05-13T12:40:53.877451271Z,2023-06-12T12:40:53.877451271Z,2023-06-02T03:53:41.833351942Z,126.3981,docker_cpu_usage_pct,adapter_removal (DA28_L1) (321),adapter_removal (DA28_L1) (321),3723750,321
,,0,2023-05-13T12:40:53.877451271Z,2023-06-12T12:40:53.877451271Z,2023-06-02T03:53:43.833936238Z,125.4868,docker_cpu_usage_pct,adapter_removal (DA28_L1) (321),adapter_removal (DA28_L1) (321),3723750,321
,,0,2023-05-13T12:40:53.877451271Z,2023-06-12T12:40:53.877451271Z,2023-06-02T03:53:45.833724249Z,133.3989,docker_cpu_usage_pct,adapter_removal (DA28_L1) (321),adapter_removal (DA28_L1) (321),3723750,321
,,0,2023-05-13T12:40:53.877451271Z,2023-06-12T12:40:53.877451271Z,2023-06-02T03:53:47.834241222Z,122.2908,docker_cpu_usage_pct,adapter_removal (DA28_L1) (321),adapter_removal (DA28_L1) (321),3723750,321
,,0,2023-05-13T12:40:53.877451271Z,2023-06-12T12:40:53.877451271Z,2023-06-02T03:53:49.833368251Z,126.3495,docker_cpu_usage_pct,adapter_removal (DA28_L1) (321),adapter_removal (DA28_L1) (321),3723750,321
,,0,2023-05-13T12:40:53.877451271Z,2023-06-12T12:40:53.877451271Z,2023-06-02T03:53:51.833090028Z,124.3153,docker_cpu_usage_pct,adapter_removal (DA28_L1) (321),adapter_removal (DA28_L1) (321),3723750,321
,,0,2023-05-13T12:40:53.877451271Z,2023-06-12T12:40:53.877451271Z,2023-06-02T03:53:53.833526247Z,124.2257,docker_cpu_usage_pct,adapter_removal (DA28_L1) (321),adapter_removal (DA28_L1) (321),3723750,321
,,0,2023-05-13T12:40:53.877451271Z,2023-06-12T12:40:53.877451271Z,2023-06-02T03:53:55.83407767Z,125.4153,docker_cpu_usage_pct,adapter_removal (DA28_L1) (321),adapter_removal (DA28_L1) (321),3723750,321
,,0,2023-05-13T12:40:53.877451271Z,2023-06-12T12:40:53.877451271Z,2023-06-02T03:53:57.833517046Z,124.6593,docker_cpu_usage_pct,adapter_removal (DA28_L1) (321),adapter_removal (DA28_L1) (321),3723750,321
,,0,2023-05-13T12:40:53.877451271Z,2023-06-12T12:40:53.877451271Z,2023-06-02T03:53:59.833151269Z,122.2135,docker_cpu_usage_pct,adapter_removal (DA28_L1) (321),adapter_removal (DA28_L1) (321),3723750,321
,,0,2023-05-13T12:40:53.877451271Z,2023-06-12T12:40:53.877451271Z,2023-06-02T03:54:01.833631938Z,124.7424,docker_cpu_usage_pct,adapter_removal (DA28_L1) (321),adapter_removal (DA28_L1) (321),3723750,321
,,0,2023-05-13T12:40:53.877451271Z,2023-06-12T12:40:53.877451271Z,2023-06-02T03:54:03.833220348Z,123.4701,docker_cpu_usage_pct,adapter_removal (DA28_L1) (321),adapter_removal (DA28_L1) (321),3723750,321
,,0,2023-05-13T12:40:53.877451271Z,2023-06-12T12:40:53.877451271Z,2023-06-02T03:54:05.833242221Z,123.2101,docker_cpu_usage_pct,adapter_removal (DA28_L1) (321),adapter_removal (DA28_L1) (321),3723750,321
,,0,2023-05-13T12:40:53.877451271Z,2023-06-12T12:40:53.877451271Z,2023-06-02T03:54:07.833718379Z,124.5184,docker_cpu_usage_pct,adapter_removal (DA28_L1) (321),adapter_removal (DA28_L1) (321),3723750,321
,,0,2023-05-13T12:40:53.877451271Z,2023-06-12T12:40:53.877451271Z,2023-06-02T03:54:09.833235195Z,124.988,docker_cpu_usage_pct,adapter_removal (DA28_L1) (321),adapter_removal (DA28_L1) (321),3723750,321
,,0,2023-05-13T12:40:53.877451271Z,2023-06-12T12:40:53.877451271Z,2023-06-02T03:54:11.833906558Z,125.7971,docker_cpu_usage_pct,adapter_removal (DA28_L1) (321),adapter_removal (DA28_L1) (321),3723750,321
,,0,2023-05-13T12:40:53.877451271Z,2023-06-12T12:40:53.877451271Z,2023-06-02T03:54:13.833407253Z,124.1813,docker_cpu_usage_pct,adapter_removal (DA28_L1) (321),adapter_removal (DA28_L1) (321),3723750,321
,,0,2023-05-13T12:40:53.877451271Z,2023-06-12T12:40:53.877451271Z,2023-06-02T03:54:15.833594179Z,131.3759,docker_cpu_usage_pct,adapter_removal (DA28_L1) (321),adapter_removal (DA28_L1) (321),3723750,321
,,0,2023-05-13T12:40:53.877451271Z,2023-06-12T12:40:53.877451271Z,2023-06-02T03:54:17.83298848Z,124.5054,docker_cpu_usage_pct,adapter_removal (DA28_L1) (321),adapter_removal (DA28_L1) (321),3723750,321
,,0,2023-05-13T12:40:53.877451271Z,2023-06-12T12:40:53.877451271Z,2023-06-02T03:54:19.833596919Z,125.4765,docker_cpu_usage_pct,adapter_removal (DA28_L1) (321),adapter_removal (DA28_L1) (321),3723750,321
,,0,2023-05-13T12:40:53.877451271Z,2023-06-12T12:40:53.877451271Z,2023-06-02T03:54:21.832747191Z,123.5913,docker_cpu_usage_pct,adapter_removal (DA28_L1) (321),adapter_removal (DA28_L1) (321),3723750,321
,,0,2023-05-13T12:40:53.877451271Z,2023-06-12T12:40:53.877451271Z,2023-06-02T03:54:23.833535635Z,123.3059,docker_cpu_usage_pct,adapter_removal (DA28_L1) (321),adapter_removal (DA28_L1) (321),3723750,321
,,0,2023-05-13T12:40:53.877451271Z,2023-06-12T12:40:53.877451271Z,2023-06-02T03:54:25.833809132Z,123.5955,docker_cpu_usage_pct,adapter_removal (DA28_L1) (321),adapter_removal (DA28_L1) (321),3723750,321
,,0,2023-05-13T12:40:53.877451271Z,2023-06-12T12:40:53.877451271Z,2023-06-02T03:54:27.833044776Z,123.3642,docker_cpu_usage_pct,adapter_removal (DA28_L1) (321),adapter_removal (DA28_L1) (321),3723750,321
,,0,2023-05-13T12:40:53.877451271Z,2023-06-12T12:40:53.877451271Z,2023-06-02T03:54:29.833523908Z,125.9066,docker_cpu_usage_pct,adapter_removal (DA28_L1) (321),adapter_removal (DA28_L1) (321),3723750,321
,,0,2023-05-13T12:40:53.877451271Z,2023-06-12T12:40:53.877451271Z,2023-06-02T03:54:31.833118102Z,125.1132,docker_cpu_usage_pct,adapter_removal (DA28_L1) (321),adapter_removal (DA28_L1) (321),3723750,321
,,0,2023-05-13T12:40:53.877451271Z,2023-06-12T12:40:53.877451271Z,2023-06-02T03:54:33.83348398Z,123.6421,docker_cpu_usage_pct,adapter_removal (DA28_L1) (321),adapter_removal (DA28_L1) (321),3723750,321
,,0,2023-05-13T12:40:53.877451271Z,2023-06-12T12:40:53.877451271Z,2023-06-02T03:54:35.833803777Z,124.6481,docker_cpu_usage_pct,adapter_removal (DA28_L1) (321),adapter_removal (DA28_L1) (321),3723750,321
,,0,2023-05-13T12:40:53.877451271Z,2023-06-12T12:40:53.877451271Z,2023-06-02T03:54:37.833137761Z,125.0274,docker_cpu_usage_pct,adapter_removal (DA28_L1) (321),adapter_removal (DA28_L1) (321),3723750,321
,,0,2023-05-13T12:40:53.877451271Z,2023-06-12T12:40:53.877451271Z,2023-06-02T03:54:39.833370154Z,124.5606,docker_cpu_usage_pct,adapter_removal (DA28_L1) (321),adapter_removal (DA28_L1) (321),3723750,321
,,0,2023-05-13T12:40:53.877451271Z,2023-06-12T12:40:53.877451271Z,2023-06-02T03:54:41.833068889Z,124.4974,docker_cpu_usage_pct,adapter_removal (DA28_L1) (321),adapter_removal (DA28_L1) (321),3723750,321
,,0,2023-05-13T12:40:53.877451271Z,2023-06-12T12:40:53.877451271Z,2023-06-02T03:54:43.833496397Z,125.3573,docker_cpu_usage_pct,adapter_removal (DA28_L1) (321),adapter_removal (DA28_L1) (321),3723750,321
,,0,2023-05-13T12:40:53.877451271Z,2023-06-12T12:40:53.877451271Z,2023-06-02T03:54:45.833908954Z,131.2497,docker_cpu_usage_pct,adapter_removal (DA28_L1) (321),adapter_removal (DA28_L1) (321),3723750,321
,,0,2023-05-13T12:40:53.877451271Z,2023-06-12T12:40:53.877451271Z,2023-06-02T03:54:47.833514515Z,124.9554,docker_cpu_usage_pct,adapter_removal (DA28_L1) (321),adapter_removal (DA28_L1) (321),3723750,321
,,0,2023-05-13T12:40:53.877451271Z,2023-06-12T12:40:53.877451271Z,2023-06-02T03:54:49.834309104Z,123.7574,docker_cpu_usage_pct,adapter_removal (DA28_L1) (321),adapter_removal (DA28_L1) (321),3723750,321
,,0,2023-05-13T12:40:53.877451271Z,2023-06-12T12:40:53.877451271Z,2023-06-02T03:54:51.833962345Z,124.8722,docker_cpu_usage_pct,adapter_removal (DA28_L1) (321),adapter_removal (DA28_L1) (321),3723750,321
,,0,2023-05-13T12:40:53.877451271Z,2023-06-12T12:40:53.877451271Z,2023-06-02T03:54:53.833312307Z,125.0922,docker_cpu_usage_pct,adapter_removal (DA28_L1) (321),adapter_removal (DA28_L1) (321),3723750,321
,,0,2023-05-13T12:40:53.877451271Z,2023-06-12T12:40:53.877451271Z,2023-06-02T03:54:56.833711898Z,124.6037,docker_cpu_usage_pct,adapter_removal (DA28_L1) (321),adapter_removal (DA28_L1) (321),3723750,321
,,0,2023-05-13T12:40:53.877451271Z,2023-06-12T12:40:53.877451271Z,2023-06-02T03:54:58.833229764Z,123.412,docker_cpu_usage_pct,adapter_removal (DA28_L1) (321),adapter_removal (DA28_L1) (321),3723750,321
,,0,2023-05-13T12:40:53.877451271Z,2023-06-12T12:40:53.877451271Z,2023-06-02T03:55:00.833535604Z,125.389,docker_cpu_usage_pct,adapter_removal (DA28_L1) (321),adapter_removal (DA28_L1) (321),3723750,321
,,0,2023-05-13T12:40:53.877451271Z,2023-06-12T12:40:53.877451271Z,2023-06-02T03:55:02.833323908Z,123.6205,docker_cpu_usage_pct,adapter_removal (DA28_L1) (321),adapter_removal (DA28_L1) (321),3723750,321
,,0,2023-05-13T12:40:53.877451271Z,2023-06-12T12:40:53.877451271Z,2023-06-02T03:55:04.833755792Z,122.565,docker_cpu_usage_pct,adapter_removal (DA28_L1) (321),adapter_removal (DA28_L1) (321),3723750,321
,,0,2023-05-13T12:40:53.877451271Z,2023-06-12T12:40:53.877451271Z,2023-06-02T03:55:06.832994978Z,123.5831,docker_cpu_usage_pct,adapter_removal (DA28_L1) (321),adapter_removal (DA28_L1) (321),3723750,321
,,0,2023-05-13T12:40:53.877451271Z,2023-06-12T12:40:53.877451271Z,2023-06-02T03:55:08.833479522Z,123.3767,docker_cpu_usage_pct,adapter_removal (DA28_L1) (321),adapter_removal (DA28_L1) (321),3723750,321
,,0,2023-05-13T12:40:53.877451271Z,2023-06-12T12:40:53.877451271Z,2023-06-02T03:55:10.83344437Z,123.9361,docker_cpu_usage_pct,adapter_removal (DA28_L1) (321),adapter_removal (DA28_L1) (321),3723750,321
,,0,2023-05-13T12:40:53.877451271Z,2023-06-12T12:40:53.877451271Z,2023-06-02T03:55:12.833480009Z,123.7714,docker_cpu_usage_pct,adapter_removal (DA28_L1) (321),adapter_removal (DA28_L1) (321),3723750,321
,,0,2023-05-13T12:40:53.877451271Z,2023-06-12T12:40:53.877451271Z,2023-06-02T03:55:14.833273401Z,124.7905,docker_cpu_usage_pct,adapter_removal (DA28_L1) (321),adapter_removal (DA28_L1) (321),3723750,321
,,0,2023-05-13T12:40:53.877451271Z,2023-06-12T12:40:53.877451271Z,2023-06-02T03:55:16.833473575Z,131.9341,docker_cpu_usage_pct,adapter_removal (DA28_L1) (321),adapter_removal (DA28_L1) (321),3723750,321
,,0,2023-05-13T12:40:53.877451271Z,2023-06-12T12:40:53.877451271Z,2023-06-02T03:55:18.832873543Z,126.0822,docker_cpu_usage_pct,adapter_removal (DA28_L1) (321),adapter_removal (DA28_L1) (321),3723750,321
,,0,2023-05-13T12:40:53.877451271Z,2023-06-12T12:40:53.877451271Z,2023-06-02T03:55:20.833471749Z,123.4544,docker_cpu_usage_pct,adapter_removal (DA28_L1) (321),adapter_removal (DA28_L1) (321),3723750,321
,,0,2023-05-13T12:40:53.877451271Z,2023-06-12T12:40:53.877451271Z,2023-06-02T03:55:22.832814935Z,123.1781,docker_cpu_usage_pct,adapter_removal (DA28_L1) (321),adapter_removal (DA28_L1) (321),3723750,321
,,0,2023-05-13T12:40:53.877451271Z,2023-06-12T12:40:53.877451271Z,2023-06-02T03:55:24.83340172Z,123.249,docker_cpu_usage_pct,adapter_removal (DA28_L1) (321),adapter_removal (DA28_L1) (321),3723750,321
,,0,2023-05-13T12:40:53.877451271Z,2023-06-12T12:40:53.877451271Z,2023-06-02T03:55:26.833894651Z,123.0228,docker_cpu_usage_pct,adapter_removal (DA28_L1) (321),adapter_removal (DA28_L1) (321),3723750,321
,,0,2023-05-13T12:40:53.877451271Z,2023-06-12T12:40:53.877451271Z,2023-06-02T03:55:28.833275947Z,121.9338,docker_cpu_usage_pct,adapter_removal (DA28_L1) (321),adapter_removal (DA28_L1) (321),3723750,321
,,0,2023-05-13T12:40:53.877451271Z,2023-06-12T12:40:53.877451271Z,2023-06-02T03:55:30.833708335Z,125.1725,docker_cpu_usage_pct,adapter_removal (DA28_L1) (321),adapter_removal (DA28_L1) (321),3723750,321
,,0,2023-05-13T12:40:53.877451271Z,2023-06-12T12:40:53.877451271Z,2023-06-02T03:55:32.833294537Z,123.6824,docker_cpu_usage_pct,adapter_removal (DA28_L1) (321),adapter_removal (DA28_L1) (321),3723750,321
,,0,2023-05-13T12:40:53.877451271Z,2023-06-12T12:40:53.877451271Z,2023-06-02T03:55:34.833822618Z,121.6592,docker_cpu_usage_pct,adapter_removal (DA28_L1) (321),adapter_removal (DA28_L1) (321),3723750,321
,,0,2023-05-13T12:40:53.877451271Z,2023-06-12T12:40:53.877451271Z,2023-06-02T03:55:36.833344877Z,124.0342,docker_cpu_usage_pct,adapter_removal (DA28_L1) (321),adapter_removal (DA28_L1) (321),3723750,321
,,0,2023-05-13T12:40:53.877451271Z,2023-06-12T12:40:53.877451271Z,2023-06-02T03:55:38.833586868Z,123.3744,docker_cpu_usage_pct,adapter_removal (DA28_L1) (321),adapter_removal (DA28_L1) (321),3723750,321
,,0,2023-05-13T12:40:53.877451271Z,2023-06-12T12:40:53.877451271Z,2023-06-02T03:55:40.833140376Z,123.7771,docker_cpu_usage_pct,adapter_removal (DA28_L1) (321),adapter_removal (DA28_L1) (321),3723750,321
,,0,2023-05-13T12:40:53.877451271Z,2023-06-12T12:40:53.877451271Z,2023-06-02T03:55:42.833582923Z,123.5764,docker_cpu_usage_pct,adapter_removal (DA28_L1) (321),adapter_removal (DA28_L1) (321),3723750,321
,,0,2023-05-13T12:40:53.877451271Z,2023-06-12T12:40:53.877451271Z,2023-06-02T03:55:44.832945006Z,123.4166,docker_cpu_usage_pct,adapter_removal (DA28_L1) (321),adapter_removal (DA28_L1) (321),3723750,321
,,0,2023-05-13T12:40:53.877451271Z,2023-06-12T12:40:53.877451271Z,2023-06-02T03:55:46.833450273Z,124.1169,docker_cpu_usage_pct,adapter_removal (DA28_L1) (321),adapter_removal (DA28_L1) (321),3723750,321
,,0,2023-05-13T12:40:53.877451271Z,2023-06-12T12:40:53.877451271Z,2023-06-02T03:55:48.833626111Z,123.2173,docker_cpu_usage_pct,adapter_removal (DA28_L1) (321),adapter_removal (DA28_L1) (321),3723750,321
,,0,2023-05-13T12:40:53.877451271Z,2023-06-12T12:40:53.877451271Z,2023-06-02T03:55:50.833412215Z,124.5267,docker_cpu_usage_pct,adapter_removal (DA28_L1) (321),adapter_removal (DA28_L1) (321),3723750,321
,,0,2023-05-13T12:40:53.877451271Z,2023-06-12T12:40:53.877451271Z,2023-06-02T03:55:52.833802588Z,123.7531,docker_cpu_usage_pct,adapter_removal (DA28_L1) (321),adapter_removal (DA28_L1) (321),3723750,321
,,0,2023-05-13T12:40:53.877451271Z,2023-06-12T12:40:53.877451271Z,2023-06-02T03:55:54.832983853Z,124.611,docker_cpu_usage_pct,adapter_removal (DA28_L1) (321),adapter_removal (DA28_L1) (321),3723750,321
,,0,2023-05-13T12:40:53.877451271Z,2023-06-12T12:40:53.877451271Z,2023-06-02T03:55:56.833659814Z,125.8087,docker_cpu_usage_pct,adapter_removal (DA28_L1) (321),adapter_removal (DA28_L1) (321),3723750,321
,,0,2023-05-13T12:40:53.877451271Z,2023-06-12T12:40:53.877451271Z,2023-06-02T03:55:58.832877099Z,124.4526,docker_cpu_usage_pct,adapter_removal (DA28_L1) (321),adapter_removal (DA28_L1) (321),3723750,321
,,0,2023-05-13T12:40:53.877451271Z,2023-06-12T12:40:53.877451271Z,2023-06-02T03:56:00.833424226Z,122.9476,docker_cpu_usage_pct,adapter_removal (DA28_L1) (321),adapter_removal (DA28_L1) (321),3723750,321
,,0,2023-05-13T12:40:53.877451271Z,2023-06-12T12:40:53.877451271Z,2023-06-02T03:56:02.833082984Z,123.936,docker_cpu_usage_pct,adapter_removal (DA28_L1) (321),adapter_removal (DA28_L1) (321),3723750,321
,,0,2023-05-13T12:40:53.877451271Z,2023-06-12T12:40:53.877451271Z,2023-06-02T03:56:04.833404433Z,125.5154,docker_cpu_usage_pct,adapter_removal (DA28_L1) (321),adapter_removal (DA28_L1) (321),3723750,321
,,0,2023-05-13T12:40:53.877451271Z,2023-06-12T12:40:53.877451271Z,2023-06-02T03:56:06.833903507Z,123.9313,docker_cpu_usage_pct,adapter_removal (DA28_L1) (321),adapter_removal (DA28_L1) (321),3723750,321
,,0,2023-05-13T12:40:53.877451271Z,2023-06-12T12:40:53.877451271Z,2023-06-02T03:56:08.833702028Z,124.4,docker_cpu_usage_pct,adapter_removal (DA28_L1) (321),adapter_removal (DA28_L1) (321),3723750,321
,,0,2023-05-13T12:40:53.877451271Z,2023-06-12T12:40:53.877451271Z,2023-06-02T03:56:10.834120148Z,123.2117,docker_cpu_usage_pct,adapter_removal (DA28_L1) (321),adapter_removal (DA28_L1) (321),3723750,321
,,0,2023-05-13T12:40:53.877451271Z,2023-06-12T12:40:53.877451271Z,2023-06-02T03:56:12.833519097Z,124.699,docker_cpu_usage_pct,adapter_removal (DA28_L1) (321),adapter_removal (DA28_L1) (321),3723750,321
,,0,2023-05-13T12:40:53.877451271Z,2023-06-12T12:40:53.877451271Z,2023-06-02T03:56:14.832850603Z,124.7352,docker_cpu_usage_pct,adapter_removal (DA28_L1) (321),adapter_removal (DA28_L1) (321),3723750,321
,,0,2023-05-13T12:40:53.877451271Z,2023-06-12T12:40:53.877451271Z,2023-06-02T03:56:16.833262942Z,124.1942,docker_cpu_usage_pct,adapter_removal (DA28_L1) (321),adapter_removal (DA28_L1) (321),3723750,321
,,0,2023-05-13T12:40:53.877451271Z,2023-06-12T12:40:53.877451271Z,2023-06-02T03:56:18.833583558Z,124.1157,docker_cpu_usage_pct,adapter_removal (DA28_L1) (321),adapter_removal (DA28_L1) (321),3723750,321
,,0,2023-05-13T12:40:53.877451271Z,2023-06-12T12:40:53.877451271Z,2023-06-02T03:56:20.833040117Z,126.0756,docker_cpu_usage_pct,adapter_removal (DA28_L1) (321),adapter_removal (DA28_L1) (321),3723750,321
,,0,2023-05-13T12:40:53.877451271Z,2023-06-12T12:40:53.877451271Z,2023-06-02T03:56:22.83328727Z,124.1768,docker_cpu_usage_pct,adapter_removal (DA28_L1) (321),adapter_removal (DA28_L1) (321),3723750,321
,,0,2023-05-13T12:40:53.877451271Z,2023-06-12T12:40:53.877451271Z,2023-06-02T03:56:24.833719169Z,125.6017,docker_cpu_usage_pct,adapter_removal (DA28_L1) (321),adapter_removal (DA28_L1) (321),3723750,321
,,0,2023-05-13T12:40:53.877451271Z,2023-06-12T12:40:53.877451271Z,2023-06-02T03:56:26.833160766Z,124.5337,docker_cpu_usage_pct,adapter_removal (DA28_L1) (321),adapter_removal (DA28_L1) (321),3723750,321
,,0,2023-05-13T12:40:53.877451271Z,2023-06-12T12:40:53.877451271Z,2023-06-02T03:56:28.833415859Z,124.6865,docker_cpu_usage_pct,adapter_removal (DA28_L1) (321),adapter_removal (DA28_L1) (321),3723750,321
,,0,2023-05-13T12:40:53.877451271Z,2023-06-12T12:40:53.877451271Z,2023-06-02T03:56:30.832713771Z,123.0181,docker_cpu_usage_pct,adapter_removal (DA28_L1) (321),adapter_removal (DA28_L1) (321),3723750,321
,,0,2023-05-13T12:40:53.877451271Z,2023-06-12T12:40:53.877451271Z,2023-06-02T03:56:32.83351069Z,124.2307,docker_cpu_usage_pct,adapter_removal (DA28_L1) (321),adapter_removal (DA28_L1) (321),3723750,321
,,0,2023-05-13T12:40:53.877451271Z,2023-06-12T12:40:53.877451271Z,2023-06-02T03:56:34.833857584Z,121.7496,docker_cpu_usage_pct,adapter_removal (DA28_L1) (321),adapter_removal (DA28_L1) (321),3723750,321
,,0,2023-05-13T12:40:53.877451271Z,2023-06-12T12:40:53.877451271Z,2023-06-02T03:56:36.833127334Z,123.0542,docker_cpu_usage_pct,adapter_removal (DA28_L1) (321),adapter_removal (DA28_L1) (321),3723750,321
,,0,2023-05-13T12:40:53.877451271Z,2023-06-12T12:40:53.877451271Z,2023-06-02T03:56:38.833629783Z,122.92,docker_cpu_usage_pct,adapter_removal (DA28_L1) (321),adapter_removal (DA28_L1) (321),3723750,321
,,0,2023-05-13T12:40:53.877451271Z,2023-06-12T12:40:53.877451271Z,2023-06-02T03:56:40.83410846Z,124.1174,docker_cpu_usage_pct,adapter_removal (DA28_L1) (321),adapter_removal (DA28_L1) (321),3723750,321
,,0,2023-05-13T12:40:53.877451271Z,2023-06-12T12:40:53.877451271Z,2023-06-02T03:56:42.833497743Z,125.3049,docker_cpu_usage_pct,adapter_removal (DA28_L1) (321),adapter_removal (DA28_L1) (321),3723750,321
,,0,2023-05-13T12:40:53.877451271Z,2023-06-12T12:40:53.877451271Z,2023-06-02T03:56:45.833296864Z,125.0485,docker_cpu_usage_pct,adapter_removal (DA28_L1) (321),adapter_removal (DA28_L1) (321),3723750,321
,,0,2023-05-13T12:40:53.877451271Z,2023-06-12T12:40:53.877451271Z,2023-06-02T03:56:47.833635736Z,122.9996,docker_cpu_usage_pct,adapter_removal (DA28_L1) (321),adapter_removal (DA28_L1) (321),3723750,321
,,0,2023-05-13T12:40:53.877451271Z,2023-06-12T12:40:53.877451271Z,2023-06-02T03:56:49.833201913Z,126.1161,docker_cpu_usage_pct,adapter_removal (DA28_L1) (321),adapter_removal (DA28_L1) (321),3723750,321
,,0,2023-05-13T12:40:53.877451271Z,2023-06-12T12:40:53.877451271Z,2023-06-02T03:56:51.833484593Z,124.4396,docker_cpu_usage_pct,adapter_removal (DA28_L1) (321),adapter_removal (DA28_L1) (321),3723750,321
,,0,2023-05-13T12:40:53.877451271Z,2023-06-12T12:40:53.877451271Z,2023-06-02T03:56:53.833950348Z,125.0563,docker_cpu_usage_pct,adapter_removal (DA28_L1) (321),adapter_removal (DA28_L1) (321),3723750,321
,,0,2023-05-13T12:40:53.877451271Z,2023-06-12T12:40:53.877451271Z,2023-06-02T03:56:55.833197514Z,124.03,docker_cpu_usage_pct,adapter_removal (DA28_L1) (321),adapter_removal (DA28_L1) (321),3723750,321
,,0,2023-05-13T12:40:53.877451271Z,2023-06-12T12:40:53.877451271Z,2023-06-02T03:56:57.833374509Z,123.9182,docker_cpu_usage_pct,adapter_removal (DA28_L1) (321),adapter_removal (DA28_L1) (321),3723750,321
,,0,2023-05-13T12:40:53.877451271Z,2023-06-12T12:40:53.877451271Z,2023-06-02T03:56:59.832863852Z,123.6301,docker_cpu_usage_pct,adapter_removal (DA28_L1) (321),adapter_removal (DA28_L1) (321),3723750,321
,,0,2023-05-13T12:40:53.877451271Z,2023-06-12T12:40:53.877451271Z,2023-06-02T03:57:01.833404128Z,125.1789,docker_cpu_usage_pct,adapter_removal (DA28_L1) (321),adapter_removal (DA28_L1) (321),3723750,321
,,0,2023-05-13T12:40:53.877451271Z,2023-06-12T12:40:53.877451271Z,2023-06-02T03:57:03.832798778Z,127.8265,docker_cpu_usage_pct,adapter_removal (DA28_L1) (321),adapter_removal (DA28_L1) (321),3723750,321
,,0,2023-05-13T12:40:53.877451271Z,2023-06-12T12:40:53.877451271Z,2023-06-02T03:57:05.833612792Z,123.0854,docker_cpu_usage_pct,adapter_removal (DA28_L1) (321),adapter_removal (DA28_L1) (321),3723750,321
,,0,2023-05-13T12:40:53.877451271Z,2023-06-12T12:40:53.877451271Z,2023-06-02T03:57:07.833790556Z,123.5203,docker_cpu_usage_pct,adapter_removal (DA28_L1) (321),adapter_removal (DA28_L1) (321),3723750,321
,,0,2023-05-13T12:40:53.877451271Z,2023-06-12T12:40:53.877451271Z,2023-06-02T03:57:09.833614498Z,125.0824,docker_cpu_usage_pct,adapter_removal (DA28_L1) (321),adapter_removal (DA28_L1) (321),3723750,321
,,0,2023-05-13T12:40:53.877451271Z,2023-06-12T12:40:53.877451271Z,2023-06-02T03:57:11.833973496Z,124.9879,docker_cpu_usage_pct,adapter_removal (DA28_L1) (321),adapter_removal (DA28_L1) (321),3723750,321
,,0,2023-05-13T12:40:53.877451271Z,2023-06-12T12:40:53.877451271Z,2023-06-02T03:57:13.833503589Z,127.1435,docker_cpu_usage_pct,adapter_removal (DA28_L1) (321),adapter_removal (DA28_L1) (321),3723750,321
,,0,2023-05-13T12:40:53.877451271Z,2023-06-12T12:40:53.877451271Z,2023-06-02T03:57:15.833841226Z,122.907,docker_cpu_usage_pct,adapter_removal (DA28_L1) (321),adapter_removal (DA28_L1) (321),3723750,321
,,0,2023-05-13T12:40:53.877451271Z,2023-06-12T12:40:53.877451271Z,2023-06-02T03:57:17.833237284Z,126.4886,docker_cpu_usage_pct,adapter_removal (DA28_L1) (321),adapter_removal (DA28_L1) (321),3723750,321
,,0,2023-05-13T12:40:53.877451271Z,2023-06-12T12:40:53.877451271Z,2023-06-02T03:57:19.833444197Z,121.9402,docker_cpu_usage_pct,adapter_removal (DA28_L1) (321),adapter_removal (DA28_L1) (321),3723750,321
,,0,2023-05-13T12:40:53.877451271Z,2023-06-12T12:40:53.877451271Z,2023-06-02T03:57:21.8330584Z,125.37,docker_cpu_usage_pct,adapter_removal (DA28_L1) (321),adapter_removal (DA28_L1) (321),3723750,321
,,0,2023-05-13T12:40:53.877451271Z,2023-06-12T12:40:53.877451271Z,2023-06-02T03:57:23.833542411Z,124.3034,docker_cpu_usage_pct,adapter_removal (DA28_L1) (321),adapter_removal (DA28_L1) (321),3723750,321
,,0,2023-05-13T12:40:53.877451271Z,2023-06-12T12:40:53.877451271Z,2023-06-02T03:57:25.834155455Z,124.9685,docker_cpu_usage_pct,adapter_removal (DA28_L1) (321),adapter_removal (DA28_L1) (321),3723750,321
,,0,2023-05-13T12:40:53.877451271Z,2023-06-12T12:40:53.877451271Z,2023-06-02T03:57:27.833162519Z,122.8666,docker_cpu_usage_pct,adapter_removal (DA28_L1) (321),adapter_removal (DA28_L1) (321),3723750,321
,,0,2023-05-13T12:40:53.877451271Z,2023-06-12T12:40:53.877451271Z,2023-06-02T03:57:29.833445322Z,124.1137,docker_cpu_usage_pct,adapter_removal (DA28_L1) (321),adapter_removal (DA28_L1) (321),3723750,321
,,0,2023-05-13T12:40:53.877451271Z,2023-06-12T12:40:53.877451271Z,2023-06-02T03:57:31.833177958Z,124.5641,docker_cpu_usage_pct,adapter_removal (DA28_L1) (321),adapter_removal (DA28_L1) (321),3723750,321
,,0,2023-05-13T12:40:53.877451271Z,2023-06-12T12:40:53.877451271Z,2023-06-02T03:57:33.833787702Z,123.7995,docker_cpu_usage_pct,adapter_removal (DA28_L1) (321),adapter_removal (DA28_L1) (321),3723750,321
,,0,2023-05-13T12:40:53.877451271Z,2023-06-12T12:40:53.877451271Z,2023-06-02T03:57:35.833403263Z,125.8616,docker_cpu_usage_pct,adapter_removal (DA28_L1) (321),adapter_removal (DA28_L1) (321),3723750,321
,,0,2023-05-13T12:40:53.877451271Z,2023-06-12T12:40:53.877451271Z,2023-06-02T03:57:37.8338199Z,125.5396,docker_cpu_usage_pct,adapter_removal (DA28_L1) (321),adapter_removal (DA28_L1) (321),3723750,321
,,0,2023-05-13T12:40:53.877451271Z,2023-06-12T12:40:53.877451271Z,2023-06-02T03:57:39.833201133Z,124.6813,docker_cpu_usage_pct,adapter_removal (DA28_L1) (321),adapter_removal (DA28_L1) (321),3723750,321
,,0,2023-05-13T12:40:53.877451271Z,2023-06-12T12:40:53.877451271Z,2023-06-02T03:57:41.833665291Z,124.1349,docker_cpu_usage_pct,adapter_removal (DA28_L1) (321),adapter_removal (DA28_L1) (321),3723750,321
,,0,2023-05-13T12:40:53.877451271Z,2023-06-12T12:40:53.877451271Z,2023-06-02T03:57:43.832989782Z,122.9635,docker_cpu_usage_pct,adapter_removal (DA28_L1) (321),adapter_removal (DA28_L1) (321),3723750,321
,,0,2023-05-13T12:40:53.877451271Z,2023-06-12T12:40:53.877451271Z,2023-06-02T03:57:45.833877352Z,127.1786,docker_cpu_usage_pct,adapter_removal (DA28_L1) (321),adapter_removal (DA28_L1) (321),3723750,321
,,0,2023-05-13T12:40:53.877451271Z,2023-06-12T12:40:53.877451271Z,2023-06-02T03:57:47.833271055Z,124.0728,docker_cpu_usage_pct,adapter_removal (DA28_L1) (321),adapter_removal (DA28_L1) (321),3723750,321
,,0,2023-05-13T12:40:53.877451271Z,2023-06-12T12:40:53.877451271Z,2023-06-02T03:57:49.833569006Z,125.1892,docker_cpu_usage_pct,adapter_removal (DA28_L1) (321),adapter_removal (DA28_L1) (321),3723750,321
,,0,2023-05-13T12:40:53.877451271Z,2023-06-12T12:40:53.877451271Z,2023-06-02T03:57:51.833041471Z,124.6176,docker_cpu_usage_pct,adapter_removal (DA28_L1) (321),adapter_removal (DA28_L1) (321),3723750,321
,,0,2023-05-13T12:40:53.877451271Z,2023-06-12T12:40:53.877451271Z,2023-06-02T03:57:53.83331864Z,124.5501,docker_cpu_usage_pct,adapter_removal (DA28_L1) (321),adapter_removal (DA28_L1) (321),3723750,321
,,0,2023-05-13T12:40:53.877451271Z,2023-06-12T12:40:53.877451271Z,2023-06-02T03:57:55.833828457Z,125.8049,docker_cpu_usage_pct,adapter_removal (DA28_L1) (321),adapter_removal (DA28_L1) (321),3723750,321
,,0,2023-05-13T12:40:53.877451271Z,2023-06-12T12:40:53.877451271Z,2023-06-02T03:57:57.833334042Z,124.9371,docker_cpu_usage_pct,adapter_removal (DA28_L1) (321),adapter_removal (DA28_L1) (321),3723750,321
,,0,2023-05-13T12:40:53.877451271Z,2023-06-12T12:40:53.877451271Z,2023-06-02T03:57:59.832964321Z,124.0865,docker_cpu_usage_pct,adapter_removal (DA28_L1) (321),adapter_removal (DA28_L1) (321),3723750,321
,,0,2023-05-13T12:40:53.877451271Z,2023-06-12T12:40:53.877451271Z,2023-06-02T03:58:01.833180977Z,124.4621,docker_cpu_usage_pct,adapter_removal (DA28_L1) (321),adapter_removal (DA28_L1) (321),3723750,321
,,0,2023-05-13T12:40:53.877451271Z,2023-06-12T12:40:53.877451271Z,2023-06-02T03:58:03.83392147Z,125.1852,docker_cpu_usage_pct,adapter_removal (DA28_L1) (321),adapter_removal (DA28_L1) (321),3723750,321
,,0,2023-05-13T12:40:53.877451271Z,2023-06-12T12:40:53.877451271Z,2023-06-02T03:58:05.833273709Z,123.4329,docker_cpu_usage_pct,adapter_removal (DA28_L1) (321),adapter_removal (DA28_L1) (321),3723750,321
,,0,2023-05-13T12:40:53.877451271Z,2023-06-12T12:40:53.877451271Z,2023-06-02T03:58:07.83396101Z,125.4983,docker_cpu_usage_pct,adapter_removal (DA28_L1) (321),adapter_removal (DA28_L1) (321),3723750,321
,,0,2023-05-13T12:40:53.877451271Z,2023-06-12T12:40:53.877451271Z,2023-06-02T03:58:09.833129002Z,122.4374,docker_cpu_usage_pct,adapter_removal (DA28_L1) (321),adapter_removal (DA28_L1) (321),3723750,321
,,0,2023-05-13T12:40:53.877451271Z,2023-06-12T12:40:53.877451271Z,2023-06-02T03:58:11.833535474Z,124.4363,docker_cpu_usage_pct,adapter_removal (DA28_L1) (321),adapter_removal (DA28_L1) (321),3723750,321
,,0,2023-05-13T12:40:53.877451271Z,2023-06-12T12:40:53.877451271Z,2023-06-02T03:58:13.833106868Z,126.851,docker_cpu_usage_pct,adapter_removal (DA28_L1) (321),adapter_removal (DA28_L1) (321),3723750,321
,,0,2023-05-13T12:40:53.877451271Z,2023-06-12T12:40:53.877451271Z,2023-06-02T03:58:15.833565041Z,130.9886,docker_cpu_usage_pct,adapter_removal (DA28_L1) (321),adapter_removal (DA28_L1) (321),3723750,321
,,0,2023-05-13T12:40:53.877451271Z,2023-06-12T12:40:53.877451271Z,2023-06-02T03:58:17.833212936Z,126.4406,docker_cpu_usage_pct,adapter_removal (DA28_L1) (321),adapter_removal (DA28_L1) (321),3723750,321
,,0,2023-05-13T12:40:53.877451271Z,2023-06-12T12:40:53.877451271Z,2023-06-02T03:58:19.833636526Z,125.5222,docker_cpu_usage_pct,adapter_removal (DA28_L1) (321),adapter_removal (DA28_L1) (321),3723750,321
,,0,2023-05-13T12:40:53.877451271Z,2023-06-12T12:40:53.877451271Z,2023-06-02T03:58:21.832740895Z,126.1112,docker_cpu_usage_pct,adapter_removal (DA28_L1) (321),adapter_removal (DA28_L1) (321),3723750,321
,,0,2023-05-13T12:40:53.877451271Z,2023-06-12T12:40:53.877451271Z,2023-06-02T03:58:23.833198356Z,122.5155,docker_cpu_usage_pct,adapter_removal (DA28_L1) (321),adapter_removal (DA28_L1) (321),3723750,321
,,0,2023-05-13T12:40:53.877451271Z,2023-06-12T12:40:53.877451271Z,2023-06-02T03:58:26.833303705Z,124.6916,docker_cpu_usage_pct,adapter_removal (DA28_L1) (321),adapter_removal (DA28_L1) (321),3723750,321
,,0,2023-05-13T12:40:53.877451271Z,2023-06-12T12:40:53.877451271Z,2023-06-02T03:58:28.833770595Z,125.4436,docker_cpu_usage_pct,adapter_removal (DA28_L1) (321),adapter_removal (DA28_L1) (321),3723750,321
,,0,2023-05-13T12:40:53.877451271Z,2023-06-12T12:40:53.877451271Z,2023-06-02T03:58:30.833155912Z,124.3003,docker_cpu_usage_pct,adapter_removal (DA28_L1) (321),adapter_removal (DA28_L1) (321),3723750,321
,,0,2023-05-13T12:40:53.877451271Z,2023-06-12T12:40:53.877451271Z,2023-06-02T03:58:32.833678754Z,122.1303,docker_cpu_usage_pct,adapter_removal (DA28_L1) (321),adapter_removal (DA28_L1) (321),3723750,321
,,0,2023-05-13T12:40:53.877451271Z,2023-06-12T12:40:53.877451271Z,2023-06-02T03:58:34.83307615Z,124.4629,docker_cpu_usage_pct,adapter_removal (DA28_L1) (321),adapter_removal (DA28_L1) (321),3723750,321
,,0,2023-05-13T12:40:53.877451271Z,2023-06-12T12:40:53.877451271Z,2023-06-02T03:58:36.833727846Z,125.0623,docker_cpu_usage_pct,adapter_removal (DA28_L1) (321),adapter_removal (DA28_L1) (321),3723750,321
,,0,2023-05-13T12:40:53.877451271Z,2023-06-12T12:40:53.877451271Z,2023-06-02T03:58:38.833332318Z,123.6362,docker_cpu_usage_pct,adapter_removal (DA28_L1) (321),adapter_removal (DA28_L1) (321),3723750,321
,,0,2023-05-13T12:40:53.877451271Z,2023-06-12T12:40:53.877451271Z,2023-06-02T03:58:40.834013954Z,124.8023,docker_cpu_usage_pct,adapter_removal (DA28_L1) (321),adapter_removal (DA28_L1) (321),3723750,321
,,0,2023-05-13T12:40:53.877451271Z,2023-06-12T12:40:53.877451271Z,2023-06-02T03:58:42.8331268Z,123.0164,docker_cpu_usage_pct,adapter_removal (DA28_L1) (321),adapter_removal (DA28_L1) (321),3723750,321
,,0,2023-05-13T12:40:53.877451271Z,2023-06-12T12:40:53.877451271Z,2023-06-02T03:58:44.833590099Z,124.8074,docker_cpu_usage_pct,adapter_removal (DA28_L1) (321),adapter_removal (DA28_L1) (321),3723750,321
,,0,2023-05-13T12:40:53.877451271Z,2023-06-12T12:40:53.877451271Z,2023-06-02T03:58:46.833120508Z,130.98,docker_cpu_usage_pct,adapter_removal (DA28_L1) (321),adapter_removal (DA28_L1) (321),3723750,321
,,0,2023-05-13T12:40:53.877451271Z,2023-06-12T12:40:53.877451271Z,2023-06-02T03:58:48.833513184Z,123.4066,docker_cpu_usage_pct,adapter_removal (DA28_L1) (321),adapter_removal (DA28_L1) (321),3723750,321
,,0,2023-05-13T12:40:53.877451271Z,2023-06-12T12:40:53.877451271Z,2023-06-02T03:58:50.833164086Z,125.4296,docker_cpu_usage_pct,adapter_removal (DA28_L1) (321),adapter_removal (DA28_L1) (321),3723750,321
,,0,2023-05-13T12:40:53.877451271Z,2023-06-12T12:40:53.877451271Z,2023-06-02T03:58:52.833447818Z,123.2969,docker_cpu_usage_pct,adapter_removal (DA28_L1) (321),adapter_removal (DA28_L1) (321),3723750,321
,,0,2023-05-13T12:40:53.877451271Z,2023-06-12T12:40:53.877451271Z,2023-06-02T03:58:54.833007527Z,124.9962,docker_cpu_usage_pct,adapter_removal (DA28_L1) (321),adapter_removal (DA28_L1) (321),3723750,321
,,0,2023-05-13T12:40:53.877451271Z,2023-06-12T12:40:53.877451271Z,2023-06-02T03:58:56.833637189Z,124.3011,docker_cpu_usage_pct,adapter_removal (DA28_L1) (321),adapter_removal (DA28_L1) (321),3723750,321
,,0,2023-05-13T12:40:53.877451271Z,2023-06-12T12:40:53.877451271Z,2023-06-02T03:58:58.833250609Z,123.5063,docker_cpu_usage_pct,adapter_removal (DA28_L1) (321),adapter_removal (DA28_L1) (321),3723750,321
,,0,2023-05-13T12:40:53.877451271Z,2023-06-12T12:40:53.877451271Z,2023-06-02T03:59:00.833629303Z,123.7899,docker_cpu_usage_pct,adapter_removal (DA28_L1) (321),adapter_removal (DA28_L1) (321),3723750,321
,,0,2023-05-13T12:40:53.877451271Z,2023-06-12T12:40:53.877451271Z,2023-06-02T03:59:02.832786068Z,124.1912,docker_cpu_usage_pct,adapter_removal (DA28_L1) (321),adapter_removal (DA28_L1) (321),3723750,321
,,0,2023-05-13T12:40:53.877451271Z,2023-06-12T12:40:53.877451271Z,2023-06-02T03:59:04.833058188Z,125.0777,docker_cpu_usage_pct,adapter_removal (DA28_L1) (321),adapter_removal (DA28_L1) (321),3723750,321
,,0,2023-05-13T12:40:53.877451271Z,2023-06-12T12:40:53.877451271Z,2023-06-02T03:59:06.833840994Z,123.8774,docker_cpu_usage_pct,adapter_removal (DA28_L1) (321),adapter_removal (DA28_L1) (321),3723750,321
,,0,2023-05-13T12:40:53.877451271Z,2023-06-12T12:40:53.877451271Z,2023-06-02T03:59:08.833261236Z,124.9095,docker_cpu_usage_pct,adapter_removal (DA28_L1) (321),adapter_removal (DA28_L1) (321),3723750,321
,,0,2023-05-13T12:40:53.877451271Z,2023-06-12T12:40:53.877451271Z,2023-06-02T03:59:10.833964449Z,124.0594,docker_cpu_usage_pct,adapter_removal (DA28_L1) (321),adapter_removal (DA28_L1) (321),3723750,321
,,0,2023-05-13T12:40:53.877451271Z,2023-06-12T12:40:53.877451271Z,2023-06-02T03:59:12.833281848Z,127.1162,docker_cpu_usage_pct,adapter_removal (DA28_L1) (321),adapter_removal (DA28_L1) (321),3723750,321
,,0,2023-05-13T12:40:53.877451271Z,2023-06-12T12:40:53.877451271Z,2023-06-02T03:59:14.833696051Z,124.1358,docker_cpu_usage_pct,adapter_removal (DA28_L1) (321),adapter_removal (DA28_L1) (321),3723750,321
,,0,2023-05-13T12:40:53.877451271Z,2023-06-12T12:40:53.877451271Z,2023-06-02T03:59:16.833870797Z,130.3135,docker_cpu_usage_pct,adapter_removal (DA28_L1) (321),adapter_removal (DA28_L1) (321),3723750,321
,,0,2023-05-13T12:40:53.877451271Z,2023-06-12T12:40:53.877451271Z,2023-06-02T03:59:18.833825495Z,123.6761,docker_cpu_usage_pct,adapter_removal (DA28_L1) (321),adapter_removal (DA28_L1) (321),3723750,321
,,0,2023-05-13T12:40:53.877451271Z,2023-06-12T12:40:53.877451271Z,2023-06-02T03:59:20.833401311Z,124.444,docker_cpu_usage_pct,adapter_removal (DA28_L1) (321),adapter_removal (DA28_L1) (321),3723750,321
,,0,2023-05-13T12:40:53.877451271Z,2023-06-12T12:40:53.877451271Z,2023-06-02T03:59:22.833637568Z,123.3337,docker_cpu_usage_pct,adapter_removal (DA28_L1) (321),adapter_removal (DA28_L1) (321),3723750,321
,,0,2023-05-13T12:40:53.877451271Z,2023-06-12T12:40:53.877451271Z,2023-06-02T03:59:24.83310758Z,124.7574,docker_cpu_usage_pct,adapter_removal (DA28_L1) (321),adapter_removal (DA28_L1) (321),3723750,321
,,0,2023-05-13T12:40:53.877451271Z,2023-06-12T12:40:53.877451271Z,2023-06-02T03:59:26.833423888Z,125.6995,docker_cpu_usage_pct,adapter_removal (DA28_L1) (321),adapter_removal (DA28_L1) (321),3723750,321
,,0,2023-05-13T12:40:53.877451271Z,2023-06-12T12:40:53.877451271Z,2023-06-02T03:59:28.834049577Z,124.1181,docker_cpu_usage_pct,adapter_removal (DA28_L1) (321),adapter_removal (DA28_L1) (321),3723750,321
,,0,2023-05-13T12:40:53.877451271Z,2023-06-12T12:40:53.877451271Z,2023-06-02T03:59:30.833412915Z,124.9703,docker_cpu_usage_pct,adapter_removal (DA28_L1) (321),adapter_removal (DA28_L1) (321),3723750,321
,,0,2023-05-13T12:40:53.877451271Z,2023-06-12T12:40:53.877451271Z,2023-06-02T03:59:32.833882558Z,126.2395,docker_cpu_usage_pct,adapter_removal (DA28_L1) (321),adapter_removal (DA28_L1) (321),3723750,321
,,0,2023-05-13T12:40:53.877451271Z,2023-06-12T12:40:53.877451271Z,2023-06-02T03:59:34.833307977Z,126.3718,docker_cpu_usage_pct,adapter_removal (DA28_L1) (321),adapter_removal (DA28_L1) (321),3723750,321
,,0,2023-05-13T12:40:53.877451271Z,2023-06-12T12:40:53.877451271Z,2023-06-02T03:59:36.833917464Z,123.9356,docker_cpu_usage_pct,adapter_removal (DA28_L1) (321),adapter_removal (DA28_L1) (321),3723750,321
,,0,2023-05-13T12:40:53.877451271Z,2023-06-12T12:40:53.877451271Z,2023-06-02T03:59:38.833163527Z,124.0508,docker_cpu_usage_pct,adapter_removal (DA28_L1) (321),adapter_removal (DA28_L1) (321),3723750,321
,,0,2023-05-13T12:40:53.877451271Z,2023-06-12T12:40:53.877451271Z,2023-06-02T03:59:40.833864457Z,123.1249,docker_cpu_usage_pct,adapter_removal (DA28_L1) (321),adapter_removal (DA28_L1) (321),3723750,321
,,0,2023-05-13T12:40:53.877451271Z,2023-06-12T12:40:53.877451271Z,2023-06-02T03:59:42.833088679Z,125.9941,docker_cpu_usage_pct,adapter_removal (DA28_L1) (321),adapter_removal (DA28_L1) (321),3723750,321
,,0,2023-05-13T12:40:53.877451271Z,2023-06-12T12:40:53.877451271Z,2023-06-02T03:59:44.834103237Z,122.9812,docker_cpu_usage_pct,adapter_removal (DA28_L1) (321),adapter_removal (DA28_L1) (321),3723750,321
,,0,2023-05-13T12:40:53.877451271Z,2023-06-12T12:40:53.877451271Z,2023-06-02T03:59:46.833177384Z,123.1941,docker_cpu_usage_pct,adapter_removal (DA28_L1) (321),adapter_removal (DA28_L1) (321),3723750,321
,,0,2023-05-13T12:40:53.877451271Z,2023-06-12T12:40:53.877451271Z,2023-06-02T03:59:48.833740028Z,124.0105,docker_cpu_usage_pct,adapter_removal (DA28_L1) (321),adapter_removal (DA28_L1) (321),3723750,321
,,0,2023-05-13T12:40:53.877451271Z,2023-06-12T12:40:53.877451271Z,2023-06-02T03:59:50.833111824Z,124.4436,docker_cpu_usage_pct,adapter_removal (DA28_L1) (321),adapter_removal (DA28_L1) (321),3723750,321
,,0,2023-05-13T12:40:53.877451271Z,2023-06-12T12:40:53.877451271Z,2023-06-02T03:59:52.833618356Z,124.3272,docker_cpu_usage_pct,adapter_removal (DA28_L1) (321),adapter_removal (DA28_L1) (321),3723750,321
,,0,2023-05-13T12:40:53.877451271Z,2023-06-12T12:40:53.877451271Z,2023-06-02T03:59:54.833072574Z,124.7365,docker_cpu_usage_pct,adapter_removal (DA28_L1) (321),adapter_removal (DA28_L1) (321),3723750,321
,,0,2023-05-13T12:40:53.877451271Z,2023-06-12T12:40:53.877451271Z,2023-06-02T03:59:56.833506793Z,124.47,docker_cpu_usage_pct,adapter_removal (DA28_L1) (321),adapter_removal (DA28_L1) (321),3723750,321
,,0,2023-05-13T12:40:53.877451271Z,2023-06-12T12:40:53.877451271Z,2023-06-02T03:59:58.834108227Z,124.0978,docker_cpu_usage_pct,adapter_removal (DA28_L1) (321),adapter_removal (DA28_L1) (321),3723750,321
,,0,2023-05-13T12:40:53.877451271Z,2023-06-12T12:40:53.877451271Z,2023-06-02T04:00:00.8337462Z,124.783,docker_cpu_usage_pct,adapter_removal (DA28_L1) (321),adapter_removal (DA28_L1) (321),3723750,321
,,0,2023-05-13T12:40:53.877451271Z,2023-06-12T12:40:53.877451271Z,2023-06-02T04:00:02.833360943Z,125.1159,docker_cpu_usage_pct,adapter_removal (DA28_L1) (321),adapter_removal (DA28_L1) (321),3723750,321
,,0,2023-05-13T12:40:53.877451271Z,2023-06-12T12:40:53.877451271Z,2023-06-02T04:00:04.834281196Z,122.3091,docker_cpu_usage_pct,adapter_removal (DA28_L1) (321),adapter_removal (DA28_L1) (321),3723750,321
,,0,2023-05-13T12:40:53.877451271Z,2023-06-12T12:40:53.877451271Z,2023-06-02T04:00:06.834039583Z,124.1359,docker_cpu_usage_pct,adapter_removal (DA28_L1) (321),adapter_removal (DA28_L1) (321),3723750,321
,,0,2023-05-13T12:40:53.877451271Z,2023-06-12T12:40:53.877451271Z,2023-06-02T04:00:08.833723296Z,124.7934,docker_cpu_usage_pct,adapter_removal (DA28_L1) (321),adapter_removal (DA28_L1) (321),3723750,321
,,0,2023-05-13T12:40:53.877451271Z,2023-06-12T12:40:53.877451271Z,2023-06-02T04:00:10.833314367Z,125.5813,docker_cpu_usage_pct,adapter_removal (DA28_L1) (321),adapter_removal (DA28_L1) (321),3723750,321
,,0,2023-05-13T12:40:53.877451271Z,2023-06-12T12:40:53.877451271Z,2023-06-02T04:00:12.833847647Z,126.2838,docker_cpu_usage_pct,adapter_removal (DA28_L1) (321),adapter_removal (DA28_L1) (321),3723750,321
,,0,2023-05-13T12:40:53.877451271Z,2023-06-12T12:40:53.877451271Z,2023-06-02T04:00:14.833473249Z,125.1213,docker_cpu_usage_pct,adapter_removal (DA28_L1) (321),adapter_removal (DA28_L1) (321),3723750,321
,,0,2023-05-13T12:40:53.877451271Z,2023-06-12T12:40:53.877451271Z,2023-06-02T04:00:17.833930817Z,123.3992,docker_cpu_usage_pct,adapter_removal (DA28_L1) (321),adapter_removal (DA28_L1) (321),3723750,321
,,0,2023-05-13T12:40:53.877451271Z,2023-06-12T12:40:53.877451271Z,2023-06-02T04:00:19.833551638Z,123.934,docker_cpu_usage_pct,adapter_removal (DA28_L1) (321),adapter_removal (DA28_L1) (321),3723750,321
,,0,2023-05-13T12:40:53.877451271Z,2023-06-12T12:40:53.877451271Z,2023-06-02T04:00:21.833153448Z,123.2045,docker_cpu_usage_pct,adapter_removal (DA28_L1) (321),adapter_removal (DA28_L1) (321),3723750,321
,,0,2023-05-13T12:40:53.877451271Z,2023-06-12T12:40:53.877451271Z,2023-06-02T04:00:23.833847282Z,124.2518,docker_cpu_usage_pct,adapter_removal (DA28_L1) (321),adapter_removal (DA28_L1) (321),3723750,321
,,0,2023-05-13T12:40:53.877451271Z,2023-06-12T12:40:53.877451271Z,2023-06-02T04:00:25.83372321Z,123.1084,docker_cpu_usage_pct,adapter_removal (DA28_L1) (321),adapter_removal (DA28_L1) (321),3723750,321
,,0,2023-05-13T12:40:53.877451271Z,2023-06-12T12:40:53.877451271Z,2023-06-02T04:00:27.833218925Z,124.1394,docker_cpu_usage_pct,adapter_removal (DA28_L1) (321),adapter_removal (DA28_L1) (321),3723750,321
,,0,2023-05-13T12:40:53.877451271Z,2023-06-12T12:40:53.877451271Z,2023-06-02T04:00:29.833828956Z,123.7735,docker_cpu_usage_pct,adapter_removal (DA28_L1) (321),adapter_removal (DA28_L1) (321),3723750,321
,,0,2023-05-13T12:40:53.877451271Z,2023-06-12T12:40:53.877451271Z,2023-06-02T04:00:31.833796626Z,123.9859,docker_cpu_usage_pct,adapter_removal (DA28_L1) (321),adapter_removal (DA28_L1) (321),3723750,321
,,0,2023-05-13T12:40:53.877451271Z,2023-06-12T12:40:53.877451271Z,2023-06-02T04:00:33.833388905Z,124.6655,docker_cpu_usage_pct,adapter_removal (DA28_L1) (321),adapter_removal (DA28_L1) (321),3723750,321
,,0,2023-05-13T12:40:53.877451271Z,2023-06-12T12:40:53.877451271Z,2023-06-02T04:00:35.833936023Z,124.5377,docker_cpu_usage_pct,adapter_removal (DA28_L1) (321),adapter_removal (DA28_L1) (321),3723750,321
,,0,2023-05-13T12:40:53.877451271Z,2023-06-12T12:40:53.877451271Z,2023-06-02T04:00:37.833533651Z,122.8045,docker_cpu_usage_pct,adapter_removal (DA28_L1) (321),adapter_removal (DA28_L1) (321),3723750,321
,,0,2023-05-13T12:40:53.877451271Z,2023-06-12T12:40:53.877451271Z,2023-06-02T04:00:39.833564022Z,123.6135,docker_cpu_usage_pct,adapter_removal (DA28_L1) (321),adapter_removal (DA28_L1) (321),3723750,321
,,0,2023-05-13T12:40:53.877451271Z,2023-06-12T12:40:53.877451271Z,2023-06-02T04:00:41.83412976Z,123.2152,docker_cpu_usage_pct,adapter_removal (DA28_L1) (321),adapter_removal (DA28_L1) (321),3723750,321
,,0,2023-05-13T12:40:53.877451271Z,2023-06-12T12:40:53.877451271Z,2023-06-02T04:00:43.833688307Z,125.8733,docker_cpu_usage_pct,adapter_removal (DA28_L1) (321),adapter_removal (DA28_L1) (321),3723750,321
,,0,2023-05-13T12:40:53.877451271Z,2023-06-12T12:40:53.877451271Z,2023-06-02T04:00:45.833520161Z,124.8201,docker_cpu_usage_pct,adapter_removal (DA28_L1) (321),adapter_removal (DA28_L1) (321),3723750,321
,,0,2023-05-13T12:40:53.877451271Z,2023-06-12T12:40:53.877451271Z,2023-06-02T04:00:47.834089399Z,123.8102,docker_cpu_usage_pct,adapter_removal (DA28_L1) (321),adapter_removal (DA28_L1) (321),3723750,321
,,0,2023-05-13T12:40:53.877451271Z,2023-06-12T12:40:53.877451271Z,2023-06-02T04:00:49.833794819Z,124.8844,docker_cpu_usage_pct,adapter_removal (DA28_L1) (321),adapter_removal (DA28_L1) (321),3723750,321
,,0,2023-05-13T12:40:53.877451271Z,2023-06-12T12:40:53.877451271Z,2023-06-02T04:00:51.833321923Z,123.5992,docker_cpu_usage_pct,adapter_removal (DA28_L1) (321),adapter_removal (DA28_L1) (321),3723750,321
,,0,2023-05-13T12:40:53.877451271Z,2023-06-12T12:40:53.877451271Z,2023-06-02T04:00:53.83421698Z,124.9872,docker_cpu_usage_pct,adapter_removal (DA28_L1) (321),adapter_removal (DA28_L1) (321),3723750,321
,,0,2023-05-13T12:40:53.877451271Z,2023-06-12T12:40:53.877451271Z,2023-06-02T04:00:55.834061434Z,125.098,docker_cpu_usage_pct,adapter_removal (DA28_L1) (321),adapter_removal (DA28_L1) (321),3723750,321
,,0,2023-05-13T12:40:53.877451271Z,2023-06-12T12:40:53.877451271Z,2023-06-02T04:00:57.833305939Z,124.8727,docker_cpu_usage_pct,adapter_removal (DA28_L1) (321),adapter_removal (DA28_L1) (321),3723750,321
,,0,2023-05-13T12:40:53.877451271Z,2023-06-12T12:40:53.877451271Z,2023-06-02T04:00:59.833878896Z,125.0247,docker_cpu_usage_pct,adapter_removal (DA28_L1) (321),adapter_removal (DA28_L1) (321),3723750,321
,,0,2023-05-13T12:40:53.877451271Z,2023-06-12T12:40:53.877451271Z,2023-06-02T04:01:01.833546323Z,124.0916,docker_cpu_usage_pct,adapter_removal (DA28_L1) (321),adapter_removal (DA28_L1) (321),3723750,321
,,0,2023-05-13T12:40:53.877451271Z,2023-06-12T12:40:53.877451271Z,2023-06-02T04:01:03.833158969Z,125.5899,docker_cpu_usage_pct,adapter_removal (DA28_L1) (321),adapter_removal (DA28_L1) (321),3723750,321
,,0,2023-05-13T12:40:53.877451271Z,2023-06-12T12:40:53.877451271Z,2023-06-02T04:01:05.834003574Z,124.8678,docker_cpu_usage_pct,adapter_removal (DA28_L1) (321),adapter_removal (DA28_L1) (321),3723750,321
,,0,2023-05-13T12:40:53.877451271Z,2023-06-12T12:40:53.877451271Z,2023-06-02T04:01:07.833364521Z,123.5763,docker_cpu_usage_pct,adapter_removal (DA28_L1) (321),adapter_removal (DA28_L1) (321),3723750,321
,,0,2023-05-13T12:40:53.877451271Z,2023-06-12T12:40:53.877451271Z,2023-06-02T04:01:09.834299728Z,124.3455,docker_cpu_usage_pct,adapter_removal (DA28_L1) (321),adapter_removal (DA28_L1) (321),3723750,321
,,0,2023-05-13T12:40:53.877451271Z,2023-06-12T12:40:53.877451271Z,2023-06-02T04:01:11.83382883Z,124.2768,docker_cpu_usage_pct,adapter_removal (DA28_L1) (321),adapter_removal (DA28_L1) (321),3723750,321
,,0,2023-05-13T12:40:53.877451271Z,2023-06-12T12:40:53.877451271Z,2023-06-02T04:01:13.833217788Z,125.1366,docker_cpu_usage_pct,adapter_removal (DA28_L1) (321),adapter_removal (DA28_L1) (321),3723750,321
,,0,2023-05-13T12:40:53.877451271Z,2023-06-12T12:40:53.877451271Z,2023-06-02T04:01:15.834063041Z,124.8939,docker_cpu_usage_pct,adapter_removal (DA28_L1) (321),adapter_removal (DA28_L1) (321),3723750,321
,,0,2023-05-13T12:40:53.877451271Z,2023-06-12T12:40:53.877451271Z,2023-06-02T04:01:17.833678716Z,122.7488,docker_cpu_usage_pct,adapter_removal (DA28_L1) (321),adapter_removal (DA28_L1) (321),3723750,321
,,0,2023-05-13T12:40:53.877451271Z,2023-06-12T12:40:53.877451271Z,2023-06-02T04:01:19.833239159Z,123.7061,docker_cpu_usage_pct,adapter_removal (DA28_L1) (321),adapter_removal (DA28_L1) (321),3723750,321
,,0,2023-05-13T12:40:53.877451271Z,2023-06-12T12:40:53.877451271Z,2023-06-02T04:01:21.833772382Z,124.6043,docker_cpu_usage_pct,adapter_removal (DA28_L1) (321),adapter_removal (DA28_L1) (321),3723750,321
,,0,2023-05-13T12:40:53.877451271Z,2023-06-12T12:40:53.877451271Z,2023-06-02T04:01:23.833638863Z,125.0586,docker_cpu_usage_pct,adapter_removal (DA28_L1) (321),adapter_removal (DA28_L1) (321),3723750,321
,,0,2023-05-13T12:40:53.877451271Z,2023-06-12T12:40:53.877451271Z,2023-06-02T04:01:25.834238248Z,123.7502,docker_cpu_usage_pct,adapter_removal (DA28_L1) (321),adapter_removal (DA28_L1) (321),3723750,321
,,0,2023-05-13T12:40:53.877451271Z,2023-06-12T12:40:53.877451271Z,2023-06-02T04:01:27.834018037Z,124.1776,docker_cpu_usage_pct,adapter_removal (DA28_L1) (321),adapter_removal (DA28_L1) (321),3723750,321
,,0,2023-05-13T12:40:53.877451271Z,2023-06-12T12:40:53.877451271Z,2023-06-02T04:01:29.833473885Z,124.9413,docker_cpu_usage_pct,adapter_removal (DA28_L1) (321),adapter_removal (DA28_L1) (321),3723750,321
,,0,2023-05-13T12:40:53.877451271Z,2023-06-12T12:40:53.877451271Z,2023-06-02T04:01:31.834231044Z,124.0652,docker_cpu_usage_pct,adapter_removal (DA28_L1) (321),adapter_removal (DA28_L1) (321),3723750,321
,,0,2023-05-13T12:40:53.877451271Z,2023-06-12T12:40:53.877451271Z,2023-06-02T04:01:33.833722323Z,122.8714,docker_cpu_usage_pct,adapter_removal (DA28_L1) (321),adapter_removal (DA28_L1) (321),3723750,321
,,0,2023-05-13T12:40:53.877451271Z,2023-06-12T12:40:53.877451271Z,2023-06-02T04:01:35.833421689Z,123.355,docker_cpu_usage_pct,adapter_removal (DA28_L1) (321),adapter_removal (DA28_L1) (321),3723750,321
,,0,2023-05-13T12:40:53.877451271Z,2023-06-12T12:40:53.877451271Z,2023-06-02T04:01:37.834172507Z,124.7523,docker_cpu_usage_pct,adapter_removal (DA28_L1) (321),adapter_removal (DA28_L1) (321),3723750,321
,,0,2023-05-13T12:40:53.877451271Z,2023-06-12T12:40:53.877451271Z,2023-06-02T04:01:39.833354866Z,123.8434,docker_cpu_usage_pct,adapter_removal (DA28_L1) (321),adapter_removal (DA28_L1) (321),3723750,321
,,0,2023-05-13T12:40:53.877451271Z,2023-06-12T12:40:53.877451271Z,2023-06-02T04:01:41.834123014Z,124.5788,docker_cpu_usage_pct,adapter_removal (DA28_L1) (321),adapter_removal (DA28_L1) (321),3723750,321
,,0,2023-05-13T12:40:53.877451271Z,2023-06-12T12:40:53.877451271Z,2023-06-02T04:01:43.833936503Z,124.96,docker_cpu_usage_pct,adapter_removal (DA28_L1) (321),adapter_removal (DA28_L1) (321),3723750,321
,,0,2023-05-13T12:40:53.877451271Z,2023-06-12T12:40:53.877451271Z,2023-06-02T04:01:45.833706079Z,122.1465,docker_cpu_usage_pct,adapter_removal (DA28_L1) (321),adapter_removal (DA28_L1) (321),3723750,321
,,0,2023-05-13T12:40:53.877451271Z,2023-06-12T12:40:53.877451271Z,2023-06-02T04:01:47.833948771Z,123.0777,docker_cpu_usage_pct,adapter_removal (DA28_L1) (321),adapter_removal (DA28_L1) (321),3723750,321
,,0,2023-05-13T12:40:53.877451271Z,2023-06-12T12:40:53.877451271Z,2023-06-02T04:01:49.833946324Z,124.0502,docker_cpu_usage_pct,adapter_removal (DA28_L1) (321),adapter_removal (DA28_L1) (321),3723750,321
,,0,2023-05-13T12:40:53.877451271Z,2023-06-12T12:40:53.877451271Z,2023-06-02T04:01:51.83369102Z,124.2169,docker_cpu_usage_pct,adapter_removal (DA28_L1) (321),adapter_removal (DA28_L1) (321),3723750,321
,,0,2023-05-13T12:40:53.877451271Z,2023-06-12T12:40:53.877451271Z,2023-06-02T04:01:53.834095136Z,123.9243,docker_cpu_usage_pct,adapter_removal (DA28_L1) (321),adapter_removal (DA28_L1) (321),3723750,321
,,0,2023-05-13T12:40:53.877451271Z,2023-06-12T12:40:53.877451271Z,2023-06-02T04:01:55.833753448Z,125.3816,docker_cpu_usage_pct,adapter_removal (DA28_L1) (321),adapter_removal (DA28_L1) (321),3723750,321
,,0,2023-05-13T12:40:53.877451271Z,2023-06-12T12:40:53.877451271Z,2023-06-02T04:01:57.833318827Z,124.3681,docker_cpu_usage_pct,adapter_removal (DA28_L1) (321),adapter_removal (DA28_L1) (321),3723750,321
,,0,2023-05-13T12:40:53.877451271Z,2023-06-12T12:40:53.877451271Z,2023-06-02T04:01:59.83396859Z,123.2781,docker_cpu_usage_pct,adapter_removal (DA28_L1) (321),adapter_removal (DA28_L1) (321),3723750,321
,,0,2023-05-13T12:40:53.877451271Z,2023-06-12T12:40:53.877451271Z,2023-06-02T04:02:01.833841549Z,125.5787,docker_cpu_usage_pct,adapter_removal (DA28_L1) (321),adapter_removal (DA28_L1) (321),3723750,321
,,0,2023-05-13T12:40:53.877451271Z,2023-06-12T12:40:53.877451271Z,2023-06-02T04:02:03.833080127Z,125.3917,docker_cpu_usage_pct,adapter_removal (DA28_L1) (321),adapter_removal (DA28_L1) (321),3723750,321
,,0,2023-05-13T12:40:53.877451271Z,2023-06-12T12:40:53.877451271Z,2023-06-02T04:02:05.833949747Z,124.3927,docker_cpu_usage_pct,adapter_removal (DA28_L1) (321),adapter_removal (DA28_L1) (321),3723750,321
,,0,2023-05-13T12:40:53.877451271Z,2023-06-12T12:40:53.877451271Z,2023-06-02T04:02:07.833235346Z,124.4871,docker_cpu_usage_pct,adapter_removal (DA28_L1) (321),adapter_removal (DA28_L1) (321),3723750,321
,,0,2023-05-13T12:40:53.877451271Z,2023-06-12T12:40:53.877451271Z,2023-06-02T04:02:09.834042073Z,124.3915,docker_cpu_usage_pct,adapter_removal (DA28_L1) (321),adapter_removal (DA28_L1) (321),3723750,321
,,0,2023-05-13T12:40:53.877451271Z,2023-06-12T12:40:53.877451271Z,2023-06-02T04:02:11.833503558Z,125.0969,docker_cpu_usage_pct,adapter_removal (DA28_L1) (321),adapter_removal (DA28_L1) (321),3723750,321
,,0,2023-05-13T12:40:53.877451271Z,2023-06-12T12:40:53.877451271Z,2023-06-02T04:02:13.833224341Z,125.4046,docker_cpu_usage_pct,adapter_removal (DA28_L1) (321),adapter_removal (DA28_L1) (321),3723750,321
,,0,2023-05-13T12:40:53.877451271Z,2023-06-12T12:40:53.877451271Z,2023-06-02T04:02:15.833880133Z,131.5431,docker_cpu_usage_pct,adapter_removal (DA28_L1) (321),adapter_removal (DA28_L1) (321),3723750,321
,,0,2023-05-13T12:40:53.877451271Z,2023-06-12T12:40:53.877451271Z,2023-06-02T04:02:18.83359361Z,123.7379,docker_cpu_usage_pct,adapter_removal (DA28_L1) (321),adapter_removal (DA28_L1) (321),3723750,321
,,0,2023-05-13T12:40:53.877451271Z,2023-06-12T12:40:53.877451271Z,2023-06-02T04:02:20.833126226Z,124.0742,docker_cpu_usage_pct,adapter_removal (DA28_L1) (321),adapter_removal (DA28_L1) (321),3723750,321
,,0,2023-05-13T12:40:53.877451271Z,2023-06-12T12:40:53.877451271Z,2023-06-02T04:02:22.833779488Z,124.7886,docker_cpu_usage_pct,adapter_removal (DA28_L1) (321),adapter_removal (DA28_L1) (321),3723750,321
,,0,2023-05-13T12:40:53.877451271Z,2023-06-12T12:40:53.877451271Z,2023-06-02T04:02:24.833539251Z,125.2017,docker_cpu_usage_pct,adapter_removal (DA28_L1) (321),adapter_removal (DA28_L1) (321),3723750,321
,,0,2023-05-13T12:40:53.877451271Z,2023-06-12T12:40:53.877451271Z,2023-06-02T04:02:26.833215751Z,124.8422,docker_cpu_usage_pct,adapter_removal (DA28_L1) (321),adapter_removal (DA28_L1) (321),3723750,321
,,0,2023-05-13T12:40:53.877451271Z,2023-06-12T12:40:53.877451271Z,2023-06-02T04:02:28.834037677Z,123.9639,docker_cpu_usage_pct,adapter_removal (DA28_L1) (321),adapter_removal (DA28_L1) (321),3723750,321
,,0,2023-05-13T12:40:53.877451271Z,2023-06-12T12:40:53.877451271Z,2023-06-02T04:02:30.833588963Z,123.5578,docker_cpu_usage_pct,adapter_removal (DA28_L1) (321),adapter_removal (DA28_L1) (321),3723750,321
,,0,2023-05-13T12:40:53.877451271Z,2023-06-12T12:40:53.877451271Z,2023-06-02T04:02:32.833338075Z,124.9891,docker_cpu_usage_pct,adapter_removal (DA28_L1) (321),adapter_removal (DA28_L1) (321),3723750,321
,,0,2023-05-13T12:40:53.877451271Z,2023-06-12T12:40:53.877451271Z,2023-06-02T04:02:34.833706056Z,125.0866,docker_cpu_usage_pct,adapter_removal (DA28_L1) (321),adapter_removal (DA28_L1) (321),3723750,321
,,0,2023-05-13T12:40:53.877451271Z,2023-06-12T12:40:53.877451271Z,2023-06-02T04:02:36.83351607Z,123.7329,docker_cpu_usage_pct,adapter_removal (DA28_L1) (321),adapter_removal (DA28_L1) (321),3723750,321
,,0,2023-05-13T12:40:53.877451271Z,2023-06-12T12:40:53.877451271Z,2023-06-02T04:02:38.833309892Z,124.8016,docker_cpu_usage_pct,adapter_removal (DA28_L1) (321),adapter_removal (DA28_L1) (321),3723750,321
,,0,2023-05-13T12:40:53.877451271Z,2023-06-12T12:40:53.877451271Z,2023-06-02T04:02:40.83391433Z,124.8125,docker_cpu_usage_pct,adapter_removal (DA28_L1) (321),adapter_removal (DA28_L1) (321),3723750,321
,,0,2023-05-13T12:40:53.877451271Z,2023-06-12T12:40:53.877451271Z,2023-06-02T04:02:42.833413693Z,126.2888,docker_cpu_usage_pct,adapter_removal (DA28_L1) (321),adapter_removal (DA28_L1) (321),3723750,321
,,0,2023-05-13T12:40:53.877451271Z,2023-06-12T12:40:53.877451271Z,2023-06-02T04:02:44.834124704Z,124.8617,docker_cpu_usage_pct,adapter_removal (DA28_L1) (321),adapter_removal (DA28_L1) (321),3723750,321
,,0,2023-05-13T12:40:53.877451271Z,2023-06-12T12:40:53.877451271Z,2023-06-02T04:02:46.833474723Z,130.6684,docker_cpu_usage_pct,adapter_removal (DA28_L1) (321),adapter_removal (DA28_L1) (321),3723750,321
,,0,2023-05-13T12:40:53.877451271Z,2023-06-12T12:40:53.877451271Z,2023-06-02T04:02:48.833380428Z,124.4906,docker_cpu_usage_pct,adapter_removal (DA28_L1) (321),adapter_removal (DA28_L1) (321),3723750,321
,,0,2023-05-13T12:40:53.877451271Z,2023-06-12T12:40:53.877451271Z,2023-06-02T04:02:50.834049738Z,123.8045,docker_cpu_usage_pct,adapter_removal (DA28_L1) (321),adapter_removal (DA28_L1) (321),3723750,321
,,0,2023-05-13T12:40:53.877451271Z,2023-06-12T12:40:53.877451271Z,2023-06-02T04:02:52.833357414Z,123.982,docker_cpu_usage_pct,adapter_removal (DA28_L1) (321),adapter_removal (DA28_L1) (321),3723750,321
,,0,2023-05-13T12:40:53.877451271Z,2023-06-12T12:40:53.877451271Z,2023-06-02T04:02:54.834316023Z,124.3451,docker_cpu_usage_pct,adapter_removal (DA28_L1) (321),adapter_removal (DA28_L1) (321),3723750,321
,,0,2023-05-13T12:40:53.877451271Z,2023-06-12T12:40:53.877451271Z,2023-06-02T04:02:56.834047282Z,124.9281,docker_cpu_usage_pct,adapter_removal (DA28_L1) (321),adapter_removal (DA28_L1) (321),3723750,321
,,0,2023-05-13T12:40:53.877451271Z,2023-06-12T12:40:53.877451271Z,2023-06-02T04:02:58.83342422Z,123.675,docker_cpu_usage_pct,adapter_removal (DA28_L1) (321),adapter_removal (DA28_L1) (321),3723750,321
,,0,2023-05-13T12:40:53.877451271Z,2023-06-12T12:40:53.877451271Z,2023-06-02T04:03:00.834441999Z,122.8544,docker_cpu_usage_pct,adapter_removal (DA28_L1) (321),adapter_removal (DA28_L1) (321),3723750,321
,,0,2023-05-13T12:40:53.877451271Z,2023-06-12T12:40:53.877451271Z,2023-06-02T04:03:02.833646412Z,124.5623,docker_cpu_usage_pct,adapter_removal (DA28_L1) (321),adapter_removal (DA28_L1) (321),3723750,321
,,0,2023-05-13T12:40:53.877451271Z,2023-06-12T12:40:53.877451271Z,2023-06-02T04:03:04.83335892Z,124.1544,docker_cpu_usage_pct,adapter_removal (DA28_L1) (321),adapter_removal (DA28_L1) (321),3723750,321
,,0,2023-05-13T12:40:53.877451271Z,2023-06-12T12:40:53.877451271Z,2023-06-02T04:03:06.834208354Z,123.3231,docker_cpu_usage_pct,adapter_removal (DA28_L1) (321),adapter_removal (DA28_L1) (321),3723750,321
,,0,2023-05-13T12:40:53.877451271Z,2023-06-12T12:40:53.877451271Z,2023-06-02T04:03:08.833954953Z,126.0954,docker_cpu_usage_pct,adapter_removal (DA28_L1) (321),adapter_removal (DA28_L1) (321),3723750,321
,,0,2023-05-13T12:40:53.877451271Z,2023-06-12T12:40:53.877451271Z,2023-06-02T04:03:10.833303019Z,125.7716,docker_cpu_usage_pct,adapter_removal (DA28_L1) (321),adapter_removal (DA28_L1) (321),3723750,321
,,0,2023-05-13T12:40:53.877451271Z,2023-06-12T12:40:53.877451271Z,2023-06-02T04:03:12.834067799Z,124.4463,docker_cpu_usage_pct,adapter_removal (DA28_L1) (321),adapter_removal (DA28_L1) (321),3723750,321
,,0,2023-05-13T12:40:53.877451271Z,2023-06-12T12:40:53.877451271Z,2023-06-02T04:03:14.83386244Z,124.3531,docker_cpu_usage_pct,adapter_removal (DA28_L1) (321),adapter_removal (DA28_L1) (321),3723750,321
,,0,2023-05-13T12:40:53.877451271Z,2023-06-12T12:40:53.877451271Z,2023-06-02T04:03:16.833555896Z,131.7555,docker_cpu_usage_pct,adapter_removal (DA28_L1) (321),adapter_removal (DA28_L1) (321),3723750,321
,,0,2023-05-13T12:40:53.877451271Z,2023-06-12T12:40:53.877451271Z,2023-06-02T04:03:18.834305036Z,123.5209,docker_cpu_usage_pct,adapter_removal (DA28_L1) (321),adapter_removal (DA28_L1) (321),3723750,321
,,0,2023-05-13T12:40:53.877451271Z,2023-06-12T12:40:53.877451271Z,2023-06-02T04:03:20.83359103Z,124.5125,docker_cpu_usage_pct,adapter_removal (DA28_L1) (321),adapter_removal (DA28_L1) (321),3723750,321
,,0,2023-05-13T12:40:53.877451271Z,2023-06-12T12:40:53.877451271Z,2023-06-02T04:03:22.833513363Z,123.2668,docker_cpu_usage_pct,adapter_removal (DA28_L1) (321),adapter_removal (DA28_L1) (321),3723750,321
,,0,2023-05-13T12:40:53.877451271Z,2023-06-12T12:40:53.877451271Z,2023-06-02T04:03:24.834027225Z,125.0218,docker_cpu_usage_pct,adapter_removal (DA28_L1) (321),adapter_removal (DA28_L1) (321),3723750,321
,,0,2023-05-13T12:40:53.877451271Z,2023-06-12T12:40:53.877451271Z,2023-06-02T04:03:26.83401843Z,124.1322,docker_cpu_usage_pct,adapter_removal (DA28_L1) (321),adapter_removal (DA28_L1) (321),3723750,321
,,0,2023-05-13T12:40:53.877451271Z,2023-06-12T12:40:53.877451271Z,2023-06-02T04:03:28.833691375Z,124.6371,docker_cpu_usage_pct,adapter_removal (DA28_L1) (321),adapter_removal (DA28_L1) (321),3723750,321
,,0,2023-05-13T12:40:53.877451271Z,2023-06-12T12:40:53.877451271Z,2023-06-02T04:03:30.834190376Z,124.7693,docker_cpu_usage_pct,adapter_removal (DA28_L1) (321),adapter_removal (DA28_L1) (321),3723750,321
,,0,2023-05-13T12:40:53.877451271Z,2023-06-12T12:40:53.877451271Z,2023-06-02T04:03:32.833752677Z,123.2062,docker_cpu_usage_pct,adapter_removal (DA28_L1) (321),adapter_removal (DA28_L1) (321),3723750,321
,,0,2023-05-13T12:40:53.877451271Z,2023-06-12T12:40:53.877451271Z,2023-06-02T04:03:34.833657489Z,122.0153,docker_cpu_usage_pct,adapter_removal (DA28_L1) (321),adapter_removal (DA28_L1) (321),3723750,321
,,0,2023-05-13T12:40:53.877451271Z,2023-06-12T12:40:53.877451271Z,2023-06-02T04:03:36.834198401Z,125.1479,docker_cpu_usage_pct,adapter_removal (DA28_L1) (321),adapter_removal (DA28_L1) (321),3723750,321
,,0,2023-05-13T12:40:53.877451271Z,2023-06-12T12:40:53.877451271Z,2023-06-02T04:03:38.833620597Z,124.1129,docker_cpu_usage_pct,adapter_removal (DA28_L1) (321),adapter_removal (DA28_L1) (321),3723750,321
,,0,2023-05-13T12:40:53.877451271Z,2023-06-12T12:40:53.877451271Z,2023-06-02T04:03:40.833281021Z,123.6205,docker_cpu_usage_pct,adapter_removal (DA28_L1) (321),adapter_removal (DA28_L1) (321),3723750,321
,,0,2023-05-13T12:40:53.877451271Z,2023-06-12T12:40:53.877451271Z,2023-06-02T04:03:42.833857574Z,124.6589,docker_cpu_usage_pct,adapter_removal (DA28_L1) (321),adapter_removal (DA28_L1) (321),3723750,321
,,0,2023-05-13T12:40:53.877451271Z,2023-06-12T12:40:53.877451271Z,2023-06-02T04:03:44.833451855Z,123.723,docker_cpu_usage_pct,adapter_removal (DA28_L1) (321),adapter_removal (DA28_L1) (321),3723750,321
,,0,2023-05-13T12:40:53.877451271Z,2023-06-12T12:40:53.877451271Z,2023-06-02T04:03:46.834143561Z,130.8482,docker_cpu_usage_pct,adapter_removal (DA28_L1) (321),adapter_removal (DA28_L1) (321),3723750,321
,,0,2023-05-13T12:40:53.877451271Z,2023-06-12T12:40:53.877451271Z,2023-06-02T04:03:48.833726702Z,125.2066,docker_cpu_usage_pct,adapter_removal (DA28_L1) (321),adapter_removal (DA28_L1) (321),3723750,321
,,0,2023-05-13T12:40:53.877451271Z,2023-06-12T12:40:53.877451271Z,2023-06-02T04:03:50.833639243Z,124.3074,docker_cpu_usage_pct,adapter_removal (DA28_L1) (321),adapter_removal (DA28_L1) (321),3723750,321
,,0,2023-05-13T12:40:53.877451271Z,2023-06-12T12:40:53.877451271Z,2023-06-02T04:03:52.833139501Z,124.2401,docker_cpu_usage_pct,adapter_removal (DA28_L1) (321),adapter_removal (DA28_L1) (321),3723750,321
,,0,2023-05-13T12:40:53.877451271Z,2023-06-12T12:40:53.877451271Z,2023-06-02T04:03:54.834121465Z,126.7686,docker_cpu_usage_pct,adapter_removal (DA28_L1) (321),adapter_removal (DA28_L1) (321),3723750,321
,,0,2023-05-13T12:40:53.877451271Z,2023-06-12T12:40:53.877451271Z,2023-06-02T04:03:56.833811168Z,125.8362,docker_cpu_usage_pct,adapter_removal (DA28_L1) (321),adapter_removal (DA28_L1) (321),3723750,321
,,0,2023-05-13T12:40:53.877451271Z,2023-06-12T12:40:53.877451271Z,2023-06-02T04:03:58.833301005Z,125.7353,docker_cpu_usage_pct,adapter_removal (DA28_L1) (321),adapter_removal (DA28_L1) (321),3723750,321
,,0,2023-05-13T12:40:53.877451271Z,2023-06-12T12:40:53.877451271Z,2023-06-02T04:04:00.834042422Z,122.6936,docker_cpu_usage_pct,adapter_removal (DA28_L1) (321),adapter_removal (DA28_L1) (321),3723750,321
,,0,2023-05-13T12:40:53.877451271Z,2023-06-12T12:40:53.877451271Z,2023-06-02T04:04:02.833618661Z,124.4929,docker_cpu_usage_pct,adapter_removal (DA28_L1) (321),adapter_removal (DA28_L1) (321),3723750,321
,,0,2023-05-13T12:40:53.877451271Z,2023-06-12T12:40:53.877451271Z,2023-06-02T04:04:04.833094158Z,124.2775,docker_cpu_usage_pct,adapter_removal (DA28_L1) (321),adapter_removal (DA28_L1) (321),3723750,321
,,0,2023-05-13T12:40:53.877451271Z,2023-06-12T12:40:53.877451271Z,2023-06-02T04:04:06.833897535Z,125.4353,docker_cpu_usage_pct,adapter_removal (DA28_L1) (321),adapter_removal (DA28_L1) (321),3723750,321
,,0,2023-05-13T12:40:53.877451271Z,2023-06-12T12:40:53.877451271Z,2023-06-02T04:04:08.833450774Z,125.1868,docker_cpu_usage_pct,adapter_removal (DA28_L1) (321),adapter_removal (DA28_L1) (321),3723750,321
,,0,2023-05-13T12:40:53.877451271Z,2023-06-12T12:40:53.877451271Z,2023-06-02T04:04:11.833265181Z,125.4161,docker_cpu_usage_pct,adapter_removal (DA28_L1) (321),adapter_removal (DA28_L1) (321),3723750,321
,,0,2023-05-13T12:40:53.877451271Z,2023-06-12T12:40:53.877451271Z,2023-06-02T04:04:12.833965395Z,126.3716,docker_cpu_usage_pct,adapter_removal (DA28_L1) (321),adapter_removal (DA28_L1) (321),3723750,321
,,0,2023-05-13T12:40:53.877451271Z,2023-06-12T12:40:53.877451271Z,2023-06-02T04:04:15.833771091Z,123.5388,docker_cpu_usage_pct,adapter_removal (DA28_L1) (321),adapter_removal (DA28_L1) (321),3723750,321
,,0,2023-05-13T12:40:53.877451271Z,2023-06-12T12:40:53.877451271Z,2023-06-02T04:04:16.834274548Z,131.7333,docker_cpu_usage_pct,adapter_removal (DA28_L1) (321),adapter_removal (DA28_L1) (321),3723750,321
,,0,2023-05-13T12:40:53.877451271Z,2023-06-12T12:40:53.877451271Z,2023-06-02T04:04:18.833930049Z,127.2781,docker_cpu_usage_pct,adapter_removal (DA28_L1) (321),adapter_removal (DA28_L1) (321),3723750,321
,,0,2023-05-13T12:40:53.877451271Z,2023-06-12T12:40:53.877451271Z,2023-06-02T04:04:21.833334683Z,124.786,docker_cpu_usage_pct,adapter_removal (DA28_L1) (321),adapter_removal (DA28_L1) (321),3723750,321
,,0,2023-05-13T12:40:53.877451271Z,2023-06-12T12:40:53.877451271Z,2023-06-02T04:04:23.834039647Z,123.1929,docker_cpu_usage_pct,adapter_removal (DA28_L1) (321),adapter_removal (DA28_L1) (321),3723750,321
,,0,2023-05-13T12:40:53.877451271Z,2023-06-12T12:40:53.877451271Z,2023-06-02T04:04:25.833817261Z,124.8515,docker_cpu_usage_pct,adapter_removal (DA28_L1) (321),adapter_removal (DA28_L1) (321),3723750,321
,,0,2023-05-13T12:40:53.877451271Z,2023-06-12T12:40:53.877451271Z,2023-06-02T04:04:27.833391928Z,124.601,docker_cpu_usage_pct,adapter_removal (DA28_L1) (321),adapter_removal (DA28_L1) (321),3723750,321
,,0,2023-05-13T12:40:53.877451271Z,2023-06-12T12:40:53.877451271Z,2023-06-02T04:04:29.833910746Z,124.4292,docker_cpu_usage_pct,adapter_removal (DA28_L1) (321),adapter_removal (DA28_L1) (321),3723750,321
,,0,2023-05-13T12:40:53.877451271Z,2023-06-12T12:40:53.877451271Z,2023-06-02T04:04:31.833732451Z,123.4947,docker_cpu_usage_pct,adapter_removal (DA28_L1) (321),adapter_removal (DA28_L1) (321),3723750,321
,,0,2023-05-13T12:40:53.877451271Z,2023-06-12T12:40:53.877451271Z,2023-06-02T04:04:33.833372721Z,125.2459,docker_cpu_usage_pct,adapter_removal (DA28_L1) (321),adapter_removal (DA28_L1) (321),3723750,321
,,0,2023-05-13T12:40:53.877451271Z,2023-06-12T12:40:53.877451271Z,2023-06-02T04:04:35.834016112Z,125.7719,docker_cpu_usage_pct,adapter_removal (DA28_L1) (321),adapter_removal (DA28_L1) (321),3723750,321
,,0,2023-05-13T12:40:53.877451271Z,2023-06-12T12:40:53.877451271Z,2023-06-02T04:04:37.833790065Z,125.5561,docker_cpu_usage_pct,adapter_removal (DA28_L1) (321),adapter_removal (DA28_L1) (321),3723750,321
,,0,2023-05-13T12:40:53.877451271Z,2023-06-12T12:40:53.877451271Z,2023-06-02T04:04:39.83331323Z,125.3323,docker_cpu_usage_pct,adapter_removal (DA28_L1) (321),adapter_removal (DA28_L1) (321),3723750,321
,,0,2023-05-13T12:40:53.877451271Z,2023-06-12T12:40:53.877451271Z,2023-06-02T04:04:41.834102595Z,125.0157,docker_cpu_usage_pct,adapter_removal (DA28_L1) (321),adapter_removal (DA28_L1) (321),3723750,321
,,0,2023-05-13T12:40:53.877451271Z,2023-06-12T12:40:53.877451271Z,2023-06-02T04:04:43.833995172Z,124.3345,docker_cpu_usage_pct,adapter_removal (DA28_L1) (321),adapter_removal (DA28_L1) (321),3723750,321
,,0,2023-05-13T12:40:53.877451271Z,2023-06-12T12:40:53.877451271Z,2023-06-02T04:04:45.833493386Z,123.7461,docker_cpu_usage_pct,adapter_removal (DA28_L1) (321),adapter_removal (DA28_L1) (321),3723750,321
,,0,2023-05-13T12:40:53.877451271Z,2023-06-12T12:40:53.877451271Z,2023-06-02T04:04:47.833963851Z,124.9913,docker_cpu_usage_pct,adapter_removal (DA28_L1) (321),adapter_removal (DA28_L1) (321),3723750,321
,,0,2023-05-13T12:40:53.877451271Z,2023-06-12T12:40:53.877451271Z,2023-06-02T04:04:49.833563059Z,123.9824,docker_cpu_usage_pct,adapter_removal (DA28_L1) (321),adapter_removal (DA28_L1) (321),3723750,321
,,0,2023-05-13T12:40:53.877451271Z,2023-06-12T12:40:53.877451271Z,2023-06-02T04:04:51.833428294Z,122.5787,docker_cpu_usage_pct,adapter_removal (DA28_L1) (321),adapter_removal (DA28_L1) (321),3723750,321
,,0,2023-05-13T12:40:53.877451271Z,2023-06-12T12:40:53.877451271Z,2023-06-02T04:04:53.834238529Z,126.6443,docker_cpu_usage_pct,adapter_removal (DA28_L1) (321),adapter_removal (DA28_L1) (321),3723750,321
,,0,2023-05-13T12:40:53.877451271Z,2023-06-12T12:40:53.877451271Z,2023-06-02T04:04:55.83365975Z,128.0788,docker_cpu_usage_pct,adapter_removal (DA28_L1) (321),adapter_removal (DA28_L1) (321),3723750,321
,,0,2023-05-13T12:40:53.877451271Z,2023-06-12T12:40:53.877451271Z,2023-06-02T04:04:57.833293048Z,124.8457,docker_cpu_usage_pct,adapter_removal (DA28_L1) (321),adapter_removal (DA28_L1) (321),3723750,321
,,0,2023-05-13T12:40:53.877451271Z,2023-06-12T12:40:53.877451271Z,2023-06-02T04:04:59.833951518Z,124.2908,docker_cpu_usage_pct,adapter_removal (DA28_L1) (321),adapter_removal (DA28_L1) (321),3723750,321
,,0,2023-05-13T12:40:53.877451271Z,2023-06-12T12:40:53.877451271Z,2023-06-02T04:05:01.833786971Z,123.1984,docker_cpu_usage_pct,adapter_removal (DA28_L1) (321),adapter_removal (DA28_L1) (321),3723750,321
,,0,2023-05-13T12:40:53.877451271Z,2023-06-12T12:40:53.877451271Z,2023-06-02T04:05:03.833281954Z,124.3568,docker_cpu_usage_pct,adapter_removal (DA28_L1) (321),adapter_removal (DA28_L1) (321),3723750,321
,,0,2023-05-13T12:40:53.877451271Z,2023-06-12T12:40:53.877451271Z,2023-06-02T04:05:05.834053717Z,125.7056,docker_cpu_usage_pct,adapter_removal (DA28_L1) (321),adapter_removal (DA28_L1) (321),3723750,321
,,0,2023-05-13T12:40:53.877451271Z,2023-06-12T12:40:53.877451271Z,2023-06-02T04:05:07.833378055Z,125.0152,docker_cpu_usage_pct,adapter_removal (DA28_L1) (321),adapter_removal (DA28_L1) (321),3723750,321
,,0,2023-05-13T12:40:53.877451271Z,2023-06-12T12:40:53.877451271Z,2023-06-02T04:05:09.834418696Z,125.0807,docker_cpu_usage_pct,adapter_removal (DA28_L1) (321),adapter_removal (DA28_L1) (321),3723750,321
,,0,2023-05-13T12:40:53.877451271Z,2023-06-12T12:40:53.877451271Z,2023-06-02T04:05:11.834032592Z,126.2426,docker_cpu_usage_pct,adapter_removal (DA28_L1) (321),adapter_removal (DA28_L1) (321),3723750,321
,,0,2023-05-13T12:40:53.877451271Z,2023-06-12T12:40:53.877451271Z,2023-06-02T04:05:13.833920457Z,124.5841,docker_cpu_usage_pct,adapter_removal (DA28_L1) (321),adapter_removal (DA28_L1) (321),3723750,321
,,0,2023-05-13T12:40:53.877451271Z,2023-06-12T12:40:53.877451271Z,2023-06-02T04:05:15.83376108Z,125.7026,docker_cpu_usage_pct,adapter_removal (DA28_L1) (321),adapter_removal (DA28_L1) (321),3723750,321
,,0,2023-05-13T12:40:53.877451271Z,2023-06-12T12:40:53.877451271Z,2023-06-02T04:05:17.833395446Z,124.2102,docker_cpu_usage_pct,adapter_removal (DA28_L1) (321),adapter_removal (DA28_L1) (321),3723750,321
,,0,2023-05-13T12:40:53.877451271Z,2023-06-12T12:40:53.877451271Z,2023-06-02T04:05:19.834177649Z,125.744,docker_cpu_usage_pct,adapter_removal (DA28_L1) (321),adapter_removal (DA28_L1) (321),3723750,321
,,0,2023-05-13T12:40:53.877451271Z,2023-06-12T12:40:53.877451271Z,2023-06-02T04:05:21.833822295Z,124.5431,docker_cpu_usage_pct,adapter_removal (DA28_L1) (321),adapter_removal (DA28_L1) (321),3723750,321
,,0,2023-05-13T12:40:53.877451271Z,2023-06-12T12:40:53.877451271Z,2023-06-02T04:05:23.833465862Z,124.3869,docker_cpu_usage_pct,adapter_removal (DA28_L1) (321),adapter_removal (DA28_L1) (321),3723750,321
,,0,2023-05-13T12:40:53.877451271Z,2023-06-12T12:40:53.877451271Z,2023-06-02T04:05:25.834003696Z,124.4706,docker_cpu_usage_pct,adapter_removal (DA28_L1) (321),adapter_removal (DA28_L1) (321),3723750,321
,,0,2023-05-13T12:40:53.877451271Z,2023-06-12T12:40:53.877451271Z,2023-06-02T04:05:27.83390956Z,125.1561,docker_cpu_usage_pct,adapter_removal (DA28_L1) (321),adapter_removal (DA28_L1) (321),3723750,321
,,0,2023-05-13T12:40:53.877451271Z,2023-06-12T12:40:53.877451271Z,2023-06-02T04:05:29.833497184Z,124.6387,docker_cpu_usage_pct,adapter_removal (DA28_L1) (321),adapter_removal (DA28_L1) (321),3723750,321
,,0,2023-05-13T12:40:53.877451271Z,2023-06-12T12:40:53.877451271Z,2023-06-02T04:05:31.834372619Z,125.133,docker_cpu_usage_pct,adapter_removal (DA28_L1) (321),adapter_removal (DA28_L1) (321),3723750,321
,,0,2023-05-13T12:40:53.877451271Z,2023-06-12T12:40:53.877451271Z,2023-06-02T04:05:33.833914412Z,126.0567,docker_cpu_usage_pct,adapter_removal (DA28_L1) (321),adapter_removal (DA28_L1) (321),3723750,321
,,0,2023-05-13T12:40:53.877451271Z,2023-06-12T12:40:53.877451271Z,2023-06-02T04:05:35.833707172Z,126.7186,docker_cpu_usage_pct,adapter_removal (DA28_L1) (321),adapter_removal (DA28_L1) (321),3723750,321
,,0,2023-05-13T12:40:53.877451271Z,2023-06-12T12:40:53.877451271Z,2023-06-02T04:05:37.834345339Z,125.1369,docker_cpu_usage_pct,adapter_removal (DA28_L1) (321),adapter_removal (DA28_L1) (321),3723750,321
,,0,2023-05-13T12:40:53.877451271Z,2023-06-12T12:40:53.877451271Z,2023-06-02T04:05:39.834245372Z,125.6063,docker_cpu_usage_pct,adapter_removal (DA28_L1) (321),adapter_removal (DA28_L1) (321),3723750,321
,,0,2023-05-13T12:40:53.877451271Z,2023-06-12T12:40:53.877451271Z,2023-06-02T04:05:41.833753594Z,125.2255,docker_cpu_usage_pct,adapter_removal (DA28_L1) (321),adapter_removal (DA28_L1) (321),3723750,321
,,0,2023-05-13T12:40:53.877451271Z,2023-06-12T12:40:53.877451271Z,2023-06-02T04:05:43.833465881Z,125.8519,docker_cpu_usage_pct,adapter_removal (DA28_L1) (321),adapter_removal (DA28_L1) (321),3723750,321
,,0,2023-05-13T12:40:53.877451271Z,2023-06-12T12:40:53.877451271Z,2023-06-02T04:05:45.834133488Z,126.4517,docker_cpu_usage_pct,adapter_removal (DA28_L1) (321),adapter_removal (DA28_L1) (321),3723750,321
,,0,2023-05-13T12:40:53.877451271Z,2023-06-12T12:40:53.877451271Z,2023-06-02T04:05:47.833884347Z,124.5943,docker_cpu_usage_pct,adapter_removal (DA28_L1) (321),adapter_removal (DA28_L1) (321),3723750,321
,,0,2023-05-13T12:40:53.877451271Z,2023-06-12T12:40:53.877451271Z,2023-06-02T04:05:49.833554042Z,126.3541,docker_cpu_usage_pct,adapter_removal (DA28_L1) (321),adapter_removal (DA28_L1) (321),3723750,321
,,0,2023-05-13T12:40:53.877451271Z,2023-06-12T12:40:53.877451271Z,2023-06-02T04:05:51.833757975Z,125.8465,docker_cpu_usage_pct,adapter_removal (DA28_L1) (321),adapter_removal (DA28_L1) (321),3723750,321
,,0,2023-05-13T12:40:53.877451271Z,2023-06-12T12:40:53.877451271Z,2023-06-02T04:05:53.83374517Z,124.7705,docker_cpu_usage_pct,adapter_removal (DA28_L1) (321),adapter_removal (DA28_L1) (321),3723750,321
,,0,2023-05-13T12:40:53.877451271Z,2023-06-12T12:40:53.877451271Z,2023-06-02T04:05:55.834361125Z,124.9052,docker_cpu_usage_pct,adapter_removal (DA28_L1) (321),adapter_removal (DA28_L1) (321),3723750,321
,,0,2023-05-13T12:40:53.877451271Z,2023-06-12T12:40:53.877451271Z,2023-06-02T04:05:57.833949758Z,125.0086,docker_cpu_usage_pct,adapter_removal (DA28_L1) (321),adapter_removal (DA28_L1) (321),3723750,321
,,0,2023-05-13T12:40:53.877451271Z,2023-06-12T12:40:53.877451271Z,2023-06-02T04:05:59.833349714Z,126.1639,docker_cpu_usage_pct,adapter_removal (DA28_L1) (321),adapter_removal (DA28_L1) (321),3723750,321
,,0,2023-05-13T12:40:53.877451271Z,2023-06-12T12:40:53.877451271Z,2023-06-02T04:06:01.834242348Z,125.4942,docker_cpu_usage_pct,adapter_removal (DA28_L1) (321),adapter_removal (DA28_L1) (321),3723750,321
,,0,2023-05-13T12:40:53.877451271Z,2023-06-12T12:40:53.877451271Z,2023-06-02T04:06:03.833903843Z,125.345,docker_cpu_usage_pct,adapter_removal (DA28_L1) (321),adapter_removal (DA28_L1) (321),3723750,321
,,0,2023-05-13T12:40:53.877451271Z,2023-06-12T12:40:53.877451271Z,2023-06-02T04:06:06.833557665Z,124.7463,docker_cpu_usage_pct,adapter_removal (DA28_L1) (321),adapter_removal (DA28_L1) (321),3723750,321
,,0,2023-05-13T12:40:53.877451271Z,2023-06-12T12:40:53.877451271Z,2023-06-02T04:06:08.834158798Z,125.1346,docker_cpu_usage_pct,adapter_removal (DA28_L1) (321),adapter_removal (DA28_L1) (321),3723750,321
,,0,2023-05-13T12:40:53.877451271Z,2023-06-12T12:40:53.877451271Z,2023-06-02T04:06:10.83374608Z,124.0848,docker_cpu_usage_pct,adapter_removal (DA28_L1) (321),adapter_removal (DA28_L1) (321),3723750,321
,,0,2023-05-13T12:40:53.877451271Z,2023-06-12T12:40:53.877451271Z,2023-06-02T04:06:12.833055074Z,125.2962,docker_cpu_usage_pct,adapter_removal (DA28_L1) (321),adapter_removal (DA28_L1) (321),3723750,321
,,0,2023-05-13T12:40:53.877451271Z,2023-06-12T12:40:53.877451271Z,2023-06-02T04:06:14.833951116Z,123.6097,docker_cpu_usage_pct,adapter_removal (DA28_L1) (321),adapter_removal (DA28_L1) (321),3723750,321
,,0,2023-05-13T12:40:53.877451271Z,2023-06-12T12:40:53.877451271Z,2023-06-02T04:06:16.833446525Z,124.5279,docker_cpu_usage_pct,adapter_removal (DA28_L1) (321),adapter_removal (DA28_L1) (321),3723750,321
,,0,2023-05-13T12:40:53.877451271Z,2023-06-12T12:40:53.877451271Z,2023-06-02T04:06:18.833980926Z,123.2948,docker_cpu_usage_pct,adapter_removal (DA28_L1) (321),adapter_removal (DA28_L1) (321),3723750,321
,,0,2023-05-13T12:40:53.877451271Z,2023-06-12T12:40:53.877451271Z,2023-06-02T04:06:20.833538667Z,125.6002,docker_cpu_usage_pct,adapter_removal (DA28_L1) (321),adapter_removal (DA28_L1) (321),3723750,321
,,0,2023-05-13T12:40:53.877451271Z,2023-06-12T12:40:53.877451271Z,2023-06-02T04:06:22.83319885Z,124.8477,docker_cpu_usage_pct,adapter_removal (DA28_L1) (321),adapter_removal (DA28_L1) (321),3723750,321
,,0,2023-05-13T12:40:53.877451271Z,2023-06-12T12:40:53.877451271Z,2023-06-02T04:06:24.833676889Z,126.4797,docker_cpu_usage_pct,adapter_removal (DA28_L1) (321),adapter_removal (DA28_L1) (321),3723750,321
,,0,2023-05-13T12:40:53.877451271Z,2023-06-12T12:40:53.877451271Z,2023-06-02T04:06:26.833703905Z,123.7772,docker_cpu_usage_pct,adapter_removal (DA28_L1) (321),adapter_removal (DA28_L1) (321),3723750,321
,,0,2023-05-13T12:40:53.877451271Z,2023-06-12T12:40:53.877451271Z,2023-06-02T04:06:28.834179443Z,123.4633,docker_cpu_usage_pct,adapter_removal (DA28_L1) (321),adapter_removal (DA28_L1) (321),3723750,321
,,0,2023-05-13T12:40:53.877451271Z,2023-06-12T12:40:53.877451271Z,2023-06-02T04:06:30.833750094Z,123.9987,docker_cpu_usage_pct,adapter_removal (DA28_L1) (321),adapter_removal (DA28_L1) (321),3723750,321
,,0,2023-05-13T12:40:53.877451271Z,2023-06-12T12:40:53.877451271Z,2023-06-02T04:06:32.833432198Z,123.4547,docker_cpu_usage_pct,adapter_removal (DA28_L1) (321),adapter_removal (DA28_L1) (321),3723750,321
,,0,2023-05-13T12:40:53.877451271Z,2023-06-12T12:40:53.877451271Z,2023-06-02T04:06:34.833805673Z,124.605,docker_cpu_usage_pct,adapter_removal (DA28_L1) (321),adapter_removal (DA28_L1) (321),3723750,321
,,0,2023-05-13T12:40:53.877451271Z,2023-06-12T12:40:53.877451271Z,2023-06-02T04:06:36.833408754Z,123.6552,docker_cpu_usage_pct,adapter_removal (DA28_L1) (321),adapter_removal (DA28_L1) (321),3723750,321
,,0,2023-05-13T12:40:53.877451271Z,2023-06-12T12:40:53.877451271Z,2023-06-02T04:06:38.834015236Z,124.8182,docker_cpu_usage_pct,adapter_removal (DA28_L1) (321),adapter_removal (DA28_L1) (321),3723750,321
,,0,2023-05-13T12:40:53.877451271Z,2023-06-12T12:40:53.877451271Z,2023-06-02T04:06:40.833946067Z,124.2036,docker_cpu_usage_pct,adapter_removal (DA28_L1) (321),adapter_removal (DA28_L1) (321),3723750,321
,,0,2023-05-13T12:40:53.877451271Z,2023-06-12T12:40:53.877451271Z,2023-06-02T04:06:42.833244778Z,123.8244,docker_cpu_usage_pct,adapter_removal (DA28_L1) (321),adapter_removal (DA28_L1) (321),3723750,321
,,0,2023-05-13T12:40:53.877451271Z,2023-06-12T12:40:53.877451271Z,2023-06-02T04:06:44.83382124Z,123.6444,docker_cpu_usage_pct,adapter_removal (DA28_L1) (321),adapter_removal (DA28_L1) (321),3723750,321
,,0,2023-05-13T12:40:53.877451271Z,2023-06-12T12:40:53.877451271Z,2023-06-02T04:06:46.833448151Z,129.0857,docker_cpu_usage_pct,adapter_removal (DA28_L1) (321),adapter_removal (DA28_L1) (321),3723750,321
,,0,2023-05-13T12:40:53.877451271Z,2023-06-12T12:40:53.877451271Z,2023-06-02T04:06:48.834365353Z,124.7862,docker_cpu_usage_pct,adapter_removal (DA28_L1) (321),adapter_removal (DA28_L1) (321),3723750,321
,,0,2023-05-13T12:40:53.877451271Z,2023-06-12T12:40:53.877451271Z,2023-06-02T04:06:50.833983683Z,126.0701,docker_cpu_usage_pct,adapter_removal (DA28_L1) (321),adapter_removal (DA28_L1) (321),3723750,321
,,0,2023-05-13T12:40:53.877451271Z,2023-06-12T12:40:53.877451271Z,2023-06-02T04:06:52.833450099Z,123.4549,docker_cpu_usage_pct,adapter_removal (DA28_L1) (321),adapter_removal (DA28_L1) (321),3723750,321
,,0,2023-05-13T12:40:53.877451271Z,2023-06-12T12:40:53.877451271Z,2023-06-02T04:06:54.833826584Z,127.0103,docker_cpu_usage_pct,adapter_removal (DA28_L1) (321),adapter_removal (DA28_L1) (321),3723750,321
,,0,2023-05-13T12:40:53.877451271Z,2023-06-12T12:40:53.877451271Z,2023-06-02T04:06:56.833723543Z,124.6653,docker_cpu_usage_pct,adapter_removal (DA28_L1) (321),adapter_removal (DA28_L1) (321),3723750,321
,,0,2023-05-13T12:40:53.877451271Z,2023-06-12T12:40:53.877451271Z,2023-06-02T04:06:58.833498949Z,123.7957,docker_cpu_usage_pct,adapter_removal (DA28_L1) (321),adapter_removal (DA28_L1) (321),3723750,321
,,0,2023-05-13T12:40:53.877451271Z,2023-06-12T12:40:53.877451271Z,2023-06-02T04:07:00.834148762Z,125.1383,docker_cpu_usage_pct,adapter_removal (DA28_L1) (321),adapter_removal (DA28_L1) (321),3723750,321
,,0,2023-05-13T12:40:53.877451271Z,2023-06-12T12:40:53.877451271Z,2023-06-02T04:07:02.833593526Z,124.0807,docker_cpu_usage_pct,adapter_removal (DA28_L1) (321),adapter_removal (DA28_L1) (321),3723750,321
,,0,2023-05-13T12:40:53.877451271Z,2023-06-12T12:40:53.877451271Z,2023-06-02T04:07:04.834023812Z,125.7613,docker_cpu_usage_pct,adapter_removal (DA28_L1) (321),adapter_removal (DA28_L1) (321),3723750,321
,,0,2023-05-13T12:40:53.877451271Z,2023-06-12T12:40:53.877451271Z,2023-06-02T04:07:06.83391145Z,124.6861,docker_cpu_usage_pct,adapter_removal (DA28_L1) (321),adapter_removal (DA28_L1) (321),3723750,321
,,0,2023-05-13T12:40:53.877451271Z,2023-06-12T12:40:53.877451271Z,2023-06-02T04:07:08.833543921Z,124.9738,docker_cpu_usage_pct,adapter_removal (DA28_L1) (321),adapter_removal (DA28_L1) (321),3723750,321
,,0,2023-05-13T12:40:53.877451271Z,2023-06-12T12:40:53.877451271Z,2023-06-02T04:07:10.834189192Z,126.1034,docker_cpu_usage_pct,adapter_removal (DA28_L1) (321),adapter_removal (DA28_L1) (321),3723750,321
,,0,2023-05-13T12:40:53.877451271Z,2023-06-12T12:40:53.877451271Z,2023-06-02T04:07:12.833844524Z,124.7308,docker_cpu_usage_pct,adapter_removal (DA28_L1) (321),adapter_removal (DA28_L1) (321),3723750,321
,,0,2023-05-13T12:40:53.877451271Z,2023-06-12T12:40:53.877451271Z,2023-06-02T04:07:14.833563656Z,125.7651,docker_cpu_usage_pct,adapter_removal (DA28_L1) (321),adapter_removal (DA28_L1) (321),3723750,321
,,0,2023-05-13T12:40:53.877451271Z,2023-06-12T12:40:53.877451271Z,2023-06-02T04:07:16.834214448Z,132.9551,docker_cpu_usage_pct,adapter_removal (DA28_L1) (321),adapter_removal (DA28_L1) (321),3723750,321
,,0,2023-05-13T12:40:53.877451271Z,2023-06-12T12:40:53.877451271Z,2023-06-02T04:07:18.833816687Z,126.2479,docker_cpu_usage_pct,adapter_removal (DA28_L1) (321),adapter_removal (DA28_L1) (321),3723750,321
,,0,2023-05-13T12:40:53.877451271Z,2023-06-12T12:40:53.877451271Z,2023-06-02T04:07:20.833395125Z,123.5784,docker_cpu_usage_pct,adapter_removal (DA28_L1) (321),adapter_removal (DA28_L1) (321),3723750,321
,,0,2023-05-13T12:40:53.877451271Z,2023-06-12T12:40:53.877451271Z,2023-06-02T04:07:22.833914503Z,124.0803,docker_cpu_usage_pct,adapter_removal (DA28_L1) (321),adapter_removal (DA28_L1) (321),3723750,321
,,0,2023-05-13T12:40:53.877451271Z,2023-06-12T12:40:53.877451271Z,2023-06-02T04:07:24.833589594Z,123.8221,docker_cpu_usage_pct,adapter_removal (DA28_L1) (321),adapter_removal (DA28_L1) (321),3723750,321
,,0,2023-05-13T12:40:53.877451271Z,2023-06-12T12:40:53.877451271Z,2023-06-02T04:07:26.834143272Z,123.0638,docker_cpu_usage_pct,adapter_removal (DA28_L1) (321),adapter_removal (DA28_L1) (321),3723750,321
,,0,2023-05-13T12:40:53.877451271Z,2023-06-12T12:40:53.877451271Z,2023-06-02T04:07:28.833870514Z,122.5528,docker_cpu_usage_pct,adapter_removal (DA28_L1) (321),adapter_removal (DA28_L1) (321),3723750,321
,,0,2023-05-13T12:40:53.877451271Z,2023-06-12T12:40:53.877451271Z,2023-06-02T04:07:30.833482523Z,123.1869,docker_cpu_usage_pct,adapter_removal (DA28_L1) (321),adapter_removal (DA28_L1) (321),3723750,321
,,0,2023-05-13T12:40:53.877451271Z,2023-06-12T12:40:53.877451271Z,2023-06-02T04:07:32.834345221Z,123.022,docker_cpu_usage_pct,adapter_removal (DA28_L1) (321),adapter_removal (DA28_L1) (321),3723750,321
,,0,2023-05-13T12:40:53.877451271Z,2023-06-12T12:40:53.877451271Z,2023-06-02T04:07:34.833953889Z,124.4157,docker_cpu_usage_pct,adapter_removal (DA28_L1) (321),adapter_removal (DA28_L1) (321),3723750,321
,,0,2023-05-13T12:40:53.877451271Z,2023-06-12T12:40:53.877451271Z,2023-06-02T04:07:37.833444749Z,124.7512,docker_cpu_usage_pct,adapter_removal (DA28_L1) (321),adapter_removal (DA28_L1) (321),3723750,321
,,0,2023-05-13T12:40:53.877451271Z,2023-06-12T12:40:53.877451271Z,2023-06-02T04:07:38.834172327Z,125.3237,docker_cpu_usage_pct,adapter_removal (DA28_L1) (321),adapter_removal (DA28_L1) (321),3723750,321
,,0,2023-05-13T12:40:53.877451271Z,2023-06-12T12:40:53.877451271Z,2023-06-02T04:07:40.833550188Z,124.485,docker_cpu_usage_pct,adapter_removal (DA28_L1) (321),adapter_removal (DA28_L1) (321),3723750,321
,,0,2023-05-13T12:40:53.877451271Z,2023-06-12T12:40:53.877451271Z,2023-06-02T04:07:43.833567314Z,123.7542,docker_cpu_usage_pct,adapter_removal (DA28_L1) (321),adapter_removal (DA28_L1) (321),3723750,321
,,0,2023-05-13T12:40:53.877451271Z,2023-06-12T12:40:53.877451271Z,2023-06-02T04:07:45.833927625Z,127.0429,docker_cpu_usage_pct,adapter_removal (DA28_L1) (321),adapter_removal (DA28_L1) (321),3723750,321
,,0,2023-05-13T12:40:53.877451271Z,2023-06-12T12:40:53.877451271Z,2023-06-02T04:07:47.833468501Z,129.9842,docker_cpu_usage_pct,adapter_removal (DA28_L1) (321),adapter_removal (DA28_L1) (321),3723750,321
,,0,2023-05-13T12:40:53.877451271Z,2023-06-12T12:40:53.877451271Z,2023-06-02T04:07:49.834141212Z,124.1131,docker_cpu_usage_pct,adapter_removal (DA28_L1) (321),adapter_removal (DA28_L1) (321),3723750,321
,,0,2023-05-13T12:40:53.877451271Z,2023-06-12T12:40:53.877451271Z,2023-06-02T04:07:51.833945746Z,124.5533,docker_cpu_usage_pct,adapter_removal (DA28_L1) (321),adapter_removal (DA28_L1) (321),3723750,321
,,0,2023-05-13T12:40:53.877451271Z,2023-06-12T12:40:53.877451271Z,2023-06-02T04:07:53.833596595Z,126.7176,docker_cpu_usage_pct,adapter_removal (DA28_L1) (321),adapter_removal (DA28_L1) (321),3723750,321
,,0,2023-05-13T12:40:53.877451271Z,2023-06-12T12:40:53.877451271Z,2023-06-02T04:07:55.834286956Z,123.5031,docker_cpu_usage_pct,adapter_removal (DA28_L1) (321),adapter_removal (DA28_L1) (321),3723750,321
,,0,2023-05-13T12:40:53.877451271Z,2023-06-12T12:40:53.877451271Z,2023-06-02T04:07:57.833843032Z,125.9298,docker_cpu_usage_pct,adapter_removal (DA28_L1) (321),adapter_removal (DA28_L1) (321),3723750,321
,,0,2023-05-13T12:40:53.877451271Z,2023-06-12T12:40:53.877451271Z,2023-06-02T04:07:59.83348143Z,124.9125,docker_cpu_usage_pct,adapter_removal (DA28_L1) (321),adapter_removal (DA28_L1) (321),3723750,321
,,0,2023-05-13T12:40:53.877451271Z,2023-06-12T12:40:53.877451271Z,2023-06-02T04:08:01.834033296Z,125.2219,docker_cpu_usage_pct,adapter_removal (DA28_L1) (321),adapter_removal (DA28_L1) (321),3723750,321
,,0,2023-05-13T12:40:53.877451271Z,2023-06-12T12:40:53.877451271Z,2023-06-02T04:08:03.83383906Z,124.8956,docker_cpu_usage_pct,adapter_removal (DA28_L1) (321),adapter_removal (DA28_L1) (321),3723750,321
,,0,2023-05-13T12:40:53.877451271Z,2023-06-12T12:40:53.877451271Z,2023-06-02T04:08:05.833276741Z,125.0168,docker_cpu_usage_pct,adapter_removal (DA28_L1) (321),adapter_removal (DA28_L1) (321),3723750,321
,,0,2023-05-13T12:40:53.877451271Z,2023-06-12T12:40:53.877451271Z,2023-06-02T04:08:07.833833558Z,125.6789,docker_cpu_usage_pct,adapter_removal (DA28_L1) (321),adapter_removal (DA28_L1) (321),3723750,321
,,0,2023-05-13T12:40:53.877451271Z,2023-06-12T12:40:53.877451271Z,2023-06-02T04:08:09.833677732Z,123.7462,docker_cpu_usage_pct,adapter_removal (DA28_L1) (321),adapter_removal (DA28_L1) (321),3723750,321
,,0,2023-05-13T12:40:53.877451271Z,2023-06-12T12:40:53.877451271Z,2023-06-02T04:08:11.834130965Z,122.1729,docker_cpu_usage_pct,adapter_removal (DA28_L1) (321),adapter_removal (DA28_L1) (321),3723750,321
,,0,2023-05-13T12:40:53.877451271Z,2023-06-12T12:40:53.877451271Z,2023-06-02T04:08:13.834089253Z,124.3866,docker_cpu_usage_pct,adapter_removal (DA28_L1) (321),adapter_removal (DA28_L1) (321),3723750,321
,,0,2023-05-13T12:40:53.877451271Z,2023-06-12T12:40:53.877451271Z,2023-06-02T04:08:15.833352848Z,124.6604,docker_cpu_usage_pct,adapter_removal (DA28_L1) (321),adapter_removal (DA28_L1) (321),3723750,321
,,0,2023-05-13T12:40:53.877451271Z,2023-06-12T12:40:53.877451271Z,2023-06-02T04:08:17.834152302Z,130.3344,docker_cpu_usage_pct,adapter_removal (DA28_L1) (321),adapter_removal (DA28_L1) (321),3723750,321
,,0,2023-05-13T12:40:53.877451271Z,2023-06-12T12:40:53.877451271Z,2023-06-02T04:08:19.833678996Z,125.4507,docker_cpu_usage_pct,adapter_removal (DA28_L1) (321),adapter_removal (DA28_L1) (321),3723750,321
,,0,2023-05-13T12:40:53.877451271Z,2023-06-12T12:40:53.877451271Z,2023-06-02T04:08:21.833471838Z,123.2666,docker_cpu_usage_pct,adapter_removal (DA28_L1) (321),adapter_removal (DA28_L1) (321),3723750,321
,,0,2023-05-13T12:40:53.877451271Z,2023-06-12T12:40:53.877451271Z,2023-06-02T04:08:23.833809097Z,125.3016,docker_cpu_usage_pct,adapter_removal (DA28_L1) (321),adapter_removal (DA28_L1) (321),3723750,321
,,0,2023-05-13T12:40:53.877451271Z,2023-06-12T12:40:53.877451271Z,2023-06-02T04:08:25.833541528Z,123.0036,docker_cpu_usage_pct,adapter_removal (DA28_L1) (321),adapter_removal (DA28_L1) (321),3723750,321
,,0,2023-05-13T12:40:53.877451271Z,2023-06-12T12:40:53.877451271Z,2023-06-02T04:08:27.834178016Z,123.222,docker_cpu_usage_pct,adapter_removal (DA28_L1) (321),adapter_removal (DA28_L1) (321),3723750,321
,,0,2023-05-13T12:40:53.877451271Z,2023-06-12T12:40:53.877451271Z,2023-06-02T04:08:29.833904595Z,124.1713,docker_cpu_usage_pct,adapter_removal (DA28_L1) (321),adapter_removal (DA28_L1) (321),3723750,321
,,0,2023-05-13T12:40:53.877451271Z,2023-06-12T12:40:53.877451271Z,2023-06-02T04:08:31.833195521Z,123.5105,docker_cpu_usage_pct,adapter_removal (DA28_L1) (321),adapter_removal (DA28_L1) (321),3723750,321
,,0,2023-05-13T12:40:53.877451271Z,2023-06-12T12:40:53.877451271Z,2023-06-02T04:08:33.833842279Z,124.3545,docker_cpu_usage_pct,adapter_removal (DA28_L1) (321),adapter_removal (DA28_L1) (321),3723750,321
,,0,2023-05-13T12:40:53.877451271Z,2023-06-12T12:40:53.877451271Z,2023-06-02T04:08:35.833581909Z,122.8613,docker_cpu_usage_pct,adapter_removal (DA28_L1) (321),adapter_removal (DA28_L1) (321),3723750,321
,,0,2023-05-13T12:40:53.877451271Z,2023-06-12T12:40:53.877451271Z,2023-06-02T04:08:37.834722893Z,123.8363,docker_cpu_usage_pct,adapter_removal (DA28_L1) (321),adapter_removal (DA28_L1) (321),3723750,321
,,0,2023-05-13T12:40:53.877451271Z,2023-06-12T12:40:53.877451271Z,2023-06-02T04:08:39.833707149Z,124.9786,docker_cpu_usage_pct,adapter_removal (DA28_L1) (321),adapter_removal (DA28_L1) (321),3723750,321
,,0,2023-05-13T12:40:53.877451271Z,2023-06-12T12:40:53.877451271Z,2023-06-02T04:08:41.833421458Z,124.9485,docker_cpu_usage_pct,adapter_removal (DA28_L1) (321),adapter_removal (DA28_L1) (321),3723750,321
,,0,2023-05-13T12:40:53.877451271Z,2023-06-12T12:40:53.877451271Z,2023-06-02T04:08:43.834136078Z,124.6816,docker_cpu_usage_pct,adapter_removal (DA28_L1) (321),adapter_removal (DA28_L1) (321),3723750,321
,,0,2023-05-13T12:40:53.877451271Z,2023-06-12T12:40:53.877451271Z,2023-06-02T04:08:45.833887528Z,124.4639,docker_cpu_usage_pct,adapter_removal (DA28_L1) (321),adapter_removal (DA28_L1) (321),3723750,321
,,0,2023-05-13T12:40:53.877451271Z,2023-06-12T12:40:53.877451271Z,2023-06-02T04:08:47.833345918Z,124.3006,docker_cpu_usage_pct,adapter_removal (DA28_L1) (321),adapter_removal (DA28_L1) (321),3723750,321
,,0,2023-05-13T12:40:53.877451271Z,2023-06-12T12:40:53.877451271Z,2023-06-02T04:08:49.833869052Z,126.4392,docker_cpu_usage_pct,adapter_removal (DA28_L1) (321),adapter_removal (DA28_L1) (321),3723750,321
,,0,2023-05-13T12:40:53.877451271Z,2023-06-12T12:40:53.877451271Z,2023-06-02T04:08:51.833682723Z,124.1612,docker_cpu_usage_pct,adapter_removal (DA28_L1) (321),adapter_removal (DA28_L1) (321),3723750,321
,,0,2023-05-13T12:40:53.877451271Z,2023-06-12T12:40:53.877451271Z,2023-06-02T04:08:53.834477035Z,122.9337,docker_cpu_usage_pct,adapter_removal (DA28_L1) (321),adapter_removal (DA28_L1) (321),3723750,321
,,0,2023-05-13T12:40:53.877451271Z,2023-06-12T12:40:53.877451271Z,2023-06-02T04:08:55.833824492Z,125.3683,docker_cpu_usage_pct,adapter_removal (DA28_L1) (321),adapter_removal (DA28_L1) (321),3723750,321
,,0,2023-05-13T12:40:53.877451271Z,2023-06-12T12:40:53.877451271Z,2023-06-02T04:08:57.833804089Z,124.7646,docker_cpu_usage_pct,adapter_removal (DA28_L1) (321),adapter_removal (DA28_L1) (321),3723750,321
,,0,2023-05-13T12:40:53.877451271Z,2023-06-12T12:40:53.877451271Z,2023-06-02T04:08:59.834399114Z,125.9806,docker_cpu_usage_pct,adapter_removal (DA28_L1) (321),adapter_removal (DA28_L1) (321),3723750,321
,,0,2023-05-13T12:40:53.877451271Z,2023-06-12T12:40:53.877451271Z,2023-06-02T04:09:01.834125173Z,124.0625,docker_cpu_usage_pct,adapter_removal (DA28_L1) (321),adapter_removal (DA28_L1) (321),3723750,321
,,0,2023-05-13T12:40:53.877451271Z,2023-06-12T12:40:53.877451271Z,2023-06-02T04:09:03.833571472Z,124.2073,docker_cpu_usage_pct,adapter_removal (DA28_L1) (321),adapter_removal (DA28_L1) (321),3723750,321
,,0,2023-05-13T12:40:53.877451271Z,2023-06-12T12:40:53.877451271Z,2023-06-02T04:09:05.833578579Z,124.9342,docker_cpu_usage_pct,adapter_removal (DA28_L1) (321),adapter_removal (DA28_L1) (321),3723750,321
,,0,2023-05-13T12:40:53.877451271Z,2023-06-12T12:40:53.877451271Z,2023-06-02T04:09:07.83404244Z,125.3179,docker_cpu_usage_pct,adapter_removal (DA28_L1) (321),adapter_removal (DA28_L1) (321),3723750,321
,,0,2023-05-13T12:40:53.877451271Z,2023-06-12T12:40:53.877451271Z,2023-06-02T04:09:09.833665867Z,124.4909,docker_cpu_usage_pct,adapter_removal (DA28_L1) (321),adapter_removal (DA28_L1) (321),3723750,321
,,0,2023-05-13T12:40:53.877451271Z,2023-06-12T12:40:53.877451271Z,2023-06-02T04:09:11.833216989Z,123.6138,docker_cpu_usage_pct,adapter_removal (DA28_L1) (321),adapter_removal (DA28_L1) (321),3723750,321
,,0,2023-05-13T12:40:53.877451271Z,2023-06-12T12:40:53.877451271Z,2023-06-02T04:09:13.834145005Z,128.112,docker_cpu_usage_pct,adapter_removal (DA28_L1) (321),adapter_removal (DA28_L1) (321),3723750,321
,,0,2023-05-13T12:40:53.877451271Z,2023-06-12T12:40:53.877451271Z,2023-06-02T04:09:15.83379227Z,123.0613,docker_cpu_usage_pct,adapter_removal (DA28_L1) (321),adapter_removal (DA28_L1) (321),3723750,321
,,0,2023-05-13T12:40:53.877451271Z,2023-06-12T12:40:53.877451271Z,2023-06-02T04:09:17.833366433Z,126.2471,docker_cpu_usage_pct,adapter_removal (DA28_L1) (321),adapter_removal (DA28_L1) (321),3723750,321
,,0,2023-05-13T12:40:53.877451271Z,2023-06-12T12:40:53.877451271Z,2023-06-02T04:09:19.833971178Z,122.9535,docker_cpu_usage_pct,adapter_removal (DA28_L1) (321),adapter_removal (DA28_L1) (321),3723750,321
,,0,2023-05-13T12:40:53.877451271Z,2023-06-12T12:40:53.877451271Z,2023-06-02T04:09:21.833723987Z,123.4073,docker_cpu_usage_pct,adapter_removal (DA28_L1) (321),adapter_removal (DA28_L1) (321),3723750,321
,,0,2023-05-13T12:40:53.877451271Z,2023-06-12T12:40:53.877451271Z,2023-06-02T04:09:23.833559028Z,124.8145,docker_cpu_usage_pct,adapter_removal (DA28_L1) (321),adapter_removal (DA28_L1) (321),3723750,321
,,0,2023-05-13T12:40:53.877451271Z,2023-06-12T12:40:53.877451271Z,2023-06-02T04:09:25.834305887Z,125.4621,docker_cpu_usage_pct,adapter_removal (DA28_L1) (321),adapter_removal (DA28_L1) (321),3723750,321
,,0,2023-05-13T12:40:53.877451271Z,2023-06-12T12:40:53.877451271Z,2023-06-02T04:09:27.833641242Z,123.5531,docker_cpu_usage_pct,adapter_removal (DA28_L1) (321),adapter_removal (DA28_L1) (321),3723750,321
,,0,2023-05-13T12:40:53.877451271Z,2023-06-12T12:40:53.877451271Z,2023-06-02T04:09:29.833196444Z,125.6553,docker_cpu_usage_pct,adapter_removal (DA28_L1) (321),adapter_removal (DA28_L1) (321),3723750,321
,,0,2023-05-13T12:40:53.877451271Z,2023-06-12T12:40:53.877451271Z,2023-06-02T04:09:31.833707106Z,124.9775,docker_cpu_usage_pct,adapter_removal (DA28_L1) (321),adapter_removal (DA28_L1) (321),3723750,321
,,0,2023-05-13T12:40:53.877451271Z,2023-06-12T12:40:53.877451271Z,2023-06-02T04:09:33.833442123Z,123.3382,docker_cpu_usage_pct,adapter_removal (DA28_L1) (321),adapter_removal (DA28_L1) (321),3723750,321
,,0,2023-05-13T12:40:53.877451271Z,2023-06-12T12:40:53.877451271Z,2023-06-02T04:09:36.834256447Z,126.1185,docker_cpu_usage_pct,adapter_removal (DA28_L1) (321),adapter_removal (DA28_L1) (321),3723750,321
,,0,2023-05-13T12:40:53.877451271Z,2023-06-12T12:40:53.877451271Z,2023-06-02T04:09:38.833817309Z,125.289,docker_cpu_usage_pct,adapter_removal (DA28_L1) (321),adapter_removal (DA28_L1) (321),3723750,321
,,0,2023-05-13T12:40:53.877451271Z,2023-06-12T12:40:53.877451271Z,2023-06-02T04:09:40.833430792Z,123.4013,docker_cpu_usage_pct,adapter_removal (DA28_L1) (321),adapter_removal (DA28_L1) (321),3723750,321
,,0,2023-05-13T12:40:53.877451271Z,2023-06-12T12:40:53.877451271Z,2023-06-02T04:09:42.83383858Z,123.4902,docker_cpu_usage_pct,adapter_removal (DA28_L1) (321),adapter_removal (DA28_L1) (321),3723750,321
,,0,2023-05-13T12:40:53.877451271Z,2023-06-12T12:40:53.877451271Z,2023-06-02T04:09:44.833390251Z,125.6509,docker_cpu_usage_pct,adapter_removal (DA28_L1) (321),adapter_removal (DA28_L1) (321),3723750,321
,,0,2023-05-13T12:40:53.877451271Z,2023-06-12T12:40:53.877451271Z,2023-06-02T04:09:46.833955475Z,126.9266,docker_cpu_usage_pct,adapter_removal (DA28_L1) (321),adapter_removal (DA28_L1) (321),3723750,321
,,0,2023-05-13T12:40:53.877451271Z,2023-06-12T12:40:53.877451271Z,2023-06-02T04:09:48.833723672Z,124.5582,docker_cpu_usage_pct,adapter_removal (DA28_L1) (321),adapter_removal (DA28_L1) (321),3723750,321
,,0,2023-05-13T12:40:53.877451271Z,2023-06-12T12:40:53.877451271Z,2023-06-02T04:09:50.834191702Z,124.8849,docker_cpu_usage_pct,adapter_removal (DA28_L1) (321),adapter_removal (DA28_L1) (321),3723750,321
,,0,2023-05-13T12:40:53.877451271Z,2023-06-12T12:40:53.877451271Z,2023-06-02T04:09:52.833927809Z,124.7097,docker_cpu_usage_pct,adapter_removal (DA28_L1) (321),adapter_removal (DA28_L1) (321),3723750,321
,,0,2023-05-13T12:40:53.877451271Z,2023-06-12T12:40:53.877451271Z,2023-06-02T04:09:54.833601343Z,124.3805,docker_cpu_usage_pct,adapter_removal (DA28_L1) (321),adapter_removal (DA28_L1) (321),3723750,321
,,0,2023-05-13T12:40:53.877451271Z,2023-06-12T12:40:53.877451271Z,2023-06-02T04:09:56.833880027Z,125.0388,docker_cpu_usage_pct,adapter_removal (DA28_L1) (321),adapter_removal (DA28_L1) (321),3723750,321
,,0,2023-05-13T12:40:53.877451271Z,2023-06-12T12:40:53.877451271Z,2023-06-02T04:09:58.833739717Z,124.042,docker_cpu_usage_pct,adapter_removal (DA28_L1) (321),adapter_removal (DA28_L1) (321),3723750,321
,,0,2023-05-13T12:40:53.877451271Z,2023-06-12T12:40:53.877451271Z,2023-06-02T04:10:00.834207437Z,123.8207,docker_cpu_usage_pct,adapter_removal (DA28_L1) (321),adapter_removal (DA28_L1) (321),3723750,321
,,0,2023-05-13T12:40:53.877451271Z,2023-06-12T12:40:53.877451271Z,2023-06-02T04:10:02.833943403Z,125.619,docker_cpu_usage_pct,adapter_removal (DA28_L1) (321),adapter_removal (DA28_L1) (321),3723750,321
,,0,2023-05-13T12:40:53.877451271Z,2023-06-12T12:40:53.877451271Z,2023-06-02T04:10:04.833275447Z,123.182,docker_cpu_usage_pct,adapter_removal (DA28_L1) (321),adapter_removal (DA28_L1) (321),3723750,321
,,0,2023-05-13T12:40:53.877451271Z,2023-06-12T12:40:53.877451271Z,2023-06-02T04:10:06.833767747Z,124.4649,docker_cpu_usage_pct,adapter_removal (DA28_L1) (321),adapter_removal (DA28_L1) (321),3723750,321
,,0,2023-05-13T12:40:53.877451271Z,2023-06-12T12:40:53.877451271Z,2023-06-02T04:10:08.833475652Z,124.1734,docker_cpu_usage_pct,adapter_removal (DA28_L1) (321),adapter_removal (DA28_L1) (321),3723750,321
,,0,2023-05-13T12:40:53.877451271Z,2023-06-12T12:40:53.877451271Z,2023-06-02T04:10:10.834096546Z,125.868,docker_cpu_usage_pct,adapter_removal (DA28_L1) (321),adapter_removal (DA28_L1) (321),3723750,321
,,0,2023-05-13T12:40:53.877451271Z,2023-06-12T12:40:53.877451271Z,2023-06-02T04:10:12.833644146Z,124.5341,docker_cpu_usage_pct,adapter_removal (DA28_L1) (321),adapter_removal (DA28_L1) (321),3723750,321
,,0,2023-05-13T12:40:53.877451271Z,2023-06-12T12:40:53.877451271Z,2023-06-02T04:10:14.833524397Z,126.985,docker_cpu_usage_pct,adapter_removal (DA28_L1) (321),adapter_removal (DA28_L1) (321),3723750,321
,,0,2023-05-13T12:40:53.877451271Z,2023-06-12T12:40:53.877451271Z,2023-06-02T04:10:16.834074498Z,125.9328,docker_cpu_usage_pct,adapter_removal (DA28_L1) (321),adapter_removal (DA28_L1) (321),3723750,321
,,0,2023-05-13T12:40:53.877451271Z,2023-06-12T12:40:53.877451271Z,2023-06-02T04:10:18.833829304Z,125.592,docker_cpu_usage_pct,adapter_removal (DA28_L1) (321),adapter_removal (DA28_L1) (321),3723750,321
,,0,2023-05-13T12:40:53.877451271Z,2023-06-12T12:40:53.877451271Z,2023-06-02T04:10:20.834217821Z,126.9305,docker_cpu_usage_pct,adapter_removal (DA28_L1) (321),adapter_removal (DA28_L1) (321),3723750,321
,,0,2023-05-13T12:40:53.877451271Z,2023-06-12T12:40:53.877451271Z,2023-06-02T04:10:22.833766131Z,124.1573,docker_cpu_usage_pct,adapter_removal (DA28_L1) (321),adapter_removal (DA28_L1) (321),3723750,321
,,0,2023-05-13T12:40:53.877451271Z,2023-06-12T12:40:53.877451271Z,2023-06-02T04:10:24.833748724Z,123.3465,docker_cpu_usage_pct,adapter_removal (DA28_L1) (321),adapter_removal (DA28_L1) (321),3723750,321
,,0,2023-05-13T12:40:53.877451271Z,2023-06-12T12:40:53.877451271Z,2023-06-02T04:10:26.833217671Z,124.3229,docker_cpu_usage_pct,adapter_removal (DA28_L1) (321),adapter_removal (DA28_L1) (321),3723750,321
,,0,2023-05-13T12:40:53.877451271Z,2023-06-12T12:40:53.877451271Z,2023-06-02T04:10:28.834126983Z,123.9971,docker_cpu_usage_pct,adapter_removal (DA28_L1) (321),adapter_removal (DA28_L1) (321),3723750,321
,,0,2023-05-13T12:40:53.877451271Z,2023-06-12T12:40:53.877451271Z,2023-06-02T04:10:30.83327553Z,125.7141,docker_cpu_usage_pct,adapter_removal (DA28_L1) (321),adapter_removal (DA28_L1) (321),3723750,321
,,0,2023-05-13T12:40:53.877451271Z,2023-06-12T12:40:53.877451271Z,2023-06-02T04:10:32.834034428Z,124.0275,docker_cpu_usage_pct,adapter_removal (DA28_L1) (321),adapter_removal (DA28_L1) (321),3723750,321
,,0,2023-05-13T12:40:53.877451271Z,2023-06-12T12:40:53.877451271Z,2023-06-02T04:10:34.833809824Z,124.7746,docker_cpu_usage_pct,adapter_removal (DA28_L1) (321),adapter_removal (DA28_L1) (321),3723750,321
,,0,2023-05-13T12:40:53.877451271Z,2023-06-12T12:40:53.877451271Z,2023-06-02T04:10:36.833515749Z,125.396,docker_cpu_usage_pct,adapter_removal (DA28_L1) (321),adapter_removal (DA28_L1) (321),3723750,321
,,0,2023-05-13T12:40:53.877451271Z,2023-06-12T12:40:53.877451271Z,2023-06-02T04:10:38.834197484Z,124.102,docker_cpu_usage_pct,adapter_removal (DA28_L1) (321),adapter_removal (DA28_L1) (321),3723750,321
,,0,2023-05-13T12:40:53.877451271Z,2023-06-12T12:40:53.877451271Z,2023-06-02T04:10:40.833940999Z,125.0346,docker_cpu_usage_pct,adapter_removal (DA28_L1) (321),adapter_removal (DA28_L1) (321),3723750,321
,,0,2023-05-13T12:40:53.877451271Z,2023-06-12T12:40:53.877451271Z,2023-06-02T04:10:42.833297892Z,123.9629,docker_cpu_usage_pct,adapter_removal (DA28_L1) (321),adapter_removal (DA28_L1) (321),3723750,321
,,0,2023-05-13T12:40:53.877451271Z,2023-06-12T12:40:53.877451271Z,2023-06-02T04:10:44.834115461Z,123.0968,docker_cpu_usage_pct,adapter_removal (DA28_L1) (321),adapter_removal (DA28_L1) (321),3723750,321
,,0,2023-05-13T12:40:53.877451271Z,2023-06-12T12:40:53.877451271Z,2023-06-02T04:10:46.833613188Z,122.6556,docker_cpu_usage_pct,adapter_removal (DA28_L1) (321),adapter_removal (DA28_L1) (321),3723750,321
,,0,2023-05-13T12:40:53.877451271Z,2023-06-12T12:40:53.877451271Z,2023-06-02T04:10:48.833468317Z,127.219,docker_cpu_usage_pct,adapter_removal (DA28_L1) (321),adapter_removal (DA28_L1) (321),3723750,321
,,0,2023-05-13T12:40:53.877451271Z,2023-06-12T12:40:53.877451271Z,2023-06-02T04:10:50.834056898Z,123.9526,docker_cpu_usage_pct,adapter_removal (DA28_L1) (321),adapter_removal (DA28_L1) (321),3723750,321
,,0,2023-05-13T12:40:53.877451271Z,2023-06-12T12:40:53.877451271Z,2023-06-02T04:10:52.833743321Z,125.0076,docker_cpu_usage_pct,adapter_removal (DA28_L1) (321),adapter_removal (DA28_L1) (321),3723750,321
,,0,2023-05-13T12:40:53.877451271Z,2023-06-12T12:40:53.877451271Z,2023-06-02T04:10:54.833510587Z,123.6339,docker_cpu_usage_pct,adapter_removal (DA28_L1) (321),adapter_removal (DA28_L1) (321),3723750,321
,,0,2023-05-13T12:40:53.877451271Z,2023-06-12T12:40:53.877451271Z,2023-06-02T04:10:56.834239163Z,124.1411,docker_cpu_usage_pct,adapter_removal (DA28_L1) (321),adapter_removal (DA28_L1) (321),3723750,321
,,0,2023-05-13T12:40:53.877451271Z,2023-06-12T12:40:53.877451271Z,2023-06-02T04:10:58.833788391Z,124.5034,docker_cpu_usage_pct,adapter_removal (DA28_L1) (321),adapter_removal (DA28_L1) (321),3723750,321
,,0,2023-05-13T12:40:53.877451271Z,2023-06-12T12:40:53.877451271Z,2023-06-02T04:11:00.833223137Z,125.4606,docker_cpu_usage_pct,adapter_removal (DA28_L1) (321),adapter_removal (DA28_L1) (321),3723750,321
,,0,2023-05-13T12:40:53.877451271Z,2023-06-12T12:40:53.877451271Z,2023-06-02T04:11:02.834025154Z,124.37,docker_cpu_usage_pct,adapter_removal (DA28_L1) (321),adapter_removal (DA28_L1) (321),3723750,321
,,0,2023-05-13T12:40:53.877451271Z,2023-06-12T12:40:53.877451271Z,2023-06-02T04:11:04.833652445Z,125.6863,docker_cpu_usage_pct,adapter_removal (DA28_L1) (321),adapter_removal (DA28_L1) (321),3723750,321
,,0,2023-05-13T12:40:53.877451271Z,2023-06-12T12:40:53.877451271Z,2023-06-02T04:11:06.834305368Z,124.7043,docker_cpu_usage_pct,adapter_removal (DA28_L1) (321),adapter_removal (DA28_L1) (321),3723750,321
,,0,2023-05-13T12:40:53.877451271Z,2023-06-12T12:40:53.877451271Z,2023-06-02T04:11:08.833675211Z,125.017,docker_cpu_usage_pct,adapter_removal (DA28_L1) (321),adapter_removal (DA28_L1) (321),3723750,321
,,0,2023-05-13T12:40:53.877451271Z,2023-06-12T12:40:53.877451271Z,2023-06-02T04:11:10.833614131Z,126.6,docker_cpu_usage_pct,adapter_removal (DA28_L1) (321),adapter_removal (DA28_L1) (321),3723750,321
,,0,2023-05-13T12:40:53.877451271Z,2023-06-12T12:40:53.877451271Z,2023-06-02T04:11:12.834336866Z,124.7223,docker_cpu_usage_pct,adapter_removal (DA28_L1) (321),adapter_removal (DA28_L1) (321),3723750,321
,,0,2023-05-13T12:40:53.877451271Z,2023-06-12T12:40:53.877451271Z,2023-06-02T04:11:14.833550274Z,123.9448,docker_cpu_usage_pct,adapter_removal (DA28_L1) (321),adapter_removal (DA28_L1) (321),3723750,321
,,0,2023-05-13T12:40:53.877451271Z,2023-06-12T12:40:53.877451271Z,2023-06-02T04:11:16.833306609Z,133.6247,docker_cpu_usage_pct,adapter_removal (DA28_L1) (321),adapter_removal (DA28_L1) (321),3723750,321
,,0,2023-05-13T12:40:53.877451271Z,2023-06-12T12:40:53.877451271Z,2023-06-02T04:11:18.833922349Z,125.5665,docker_cpu_usage_pct,adapter_removal (DA28_L1) (321),adapter_removal (DA28_L1) (321),3723750,321
,,0,2023-05-13T12:40:53.877451271Z,2023-06-12T12:40:53.877451271Z,2023-06-02T04:11:20.83354602Z,126.4181,docker_cpu_usage_pct,adapter_removal (DA28_L1) (321),adapter_removal (DA28_L1) (321),3723750,321
,,0,2023-05-13T12:40:53.877451271Z,2023-06-12T12:40:53.877451271Z,2023-06-02T04:11:22.833993976Z,123.3634,docker_cpu_usage_pct,adapter_removal (DA28_L1) (321),adapter_removal (DA28_L1) (321),3723750,321
,,0,2023-05-13T12:40:53.877451271Z,2023-06-12T12:40:53.877451271Z,2023-06-02T04:11:24.833898255Z,124.6372,docker_cpu_usage_pct,adapter_removal (DA28_L1) (321),adapter_removal (DA28_L1) (321),3723750,321
,,0,2023-05-13T12:40:53.877451271Z,2023-06-12T12:40:53.877451271Z,2023-06-02T04:11:26.833492247Z,123.5105,docker_cpu_usage_pct,adapter_removal (DA28_L1) (321),adapter_removal (DA28_L1) (321),3723750,321
,,0,2023-05-13T12:40:53.877451271Z,2023-06-12T12:40:53.877451271Z,2023-06-02T04:11:28.834289649Z,125.7199,docker_cpu_usage_pct,adapter_removal (DA28_L1) (321),adapter_removal (DA28_L1) (321),3723750,321
,,0,2023-05-13T12:40:53.877451271Z,2023-06-12T12:40:53.877451271Z,2023-06-02T04:11:30.833868909Z,125.2328,docker_cpu_usage_pct,adapter_removal (DA28_L1) (321),adapter_removal (DA28_L1) (321),3723750,321
,,0,2023-05-13T12:40:53.877451271Z,2023-06-12T12:40:53.877451271Z,2023-06-02T04:11:32.833470085Z,122.9652,docker_cpu_usage_pct,adapter_removal (DA28_L1) (321),adapter_removal (DA28_L1) (321),3723750,321
,,0,2023-05-13T12:40:53.877451271Z,2023-06-12T12:40:53.877451271Z,2023-06-02T04:11:34.833963515Z,125.1696,docker_cpu_usage_pct,adapter_removal (DA28_L1) (321),adapter_removal (DA28_L1) (321),3723750,321
,,0,2023-05-13T12:40:53.877451271Z,2023-06-12T12:40:53.877451271Z,2023-06-02T04:11:37.833462642Z,123.6647,docker_cpu_usage_pct,adapter_removal (DA28_L1) (321),adapter_removal (DA28_L1) (321),3723750,321
,,0,2023-05-13T12:40:53.877451271Z,2023-06-12T12:40:53.877451271Z,2023-06-02T04:11:39.83393174Z,124.9732,docker_cpu_usage_pct,adapter_removal (DA28_L1) (321),adapter_removal (DA28_L1) (321),3723750,321
,,0,2023-05-13T12:40:53.877451271Z,2023-06-12T12:40:53.877451271Z,2023-06-02T04:11:41.833815116Z,127.1064,docker_cpu_usage_pct,adapter_removal (DA28_L1) (321),adapter_removal (DA28_L1) (321),3723750,321
,,0,2023-05-13T12:40:53.877451271Z,2023-06-12T12:40:53.877451271Z,2023-06-02T04:11:43.833498051Z,127.0764,docker_cpu_usage_pct,adapter_removal (DA28_L1) (321),adapter_removal (DA28_L1) (321),3723750,321
,,0,2023-05-13T12:40:53.877451271Z,2023-06-12T12:40:53.877451271Z,2023-06-02T04:11:45.834044019Z,123.3094,docker_cpu_usage_pct,adapter_removal (DA28_L1) (321),adapter_removal (DA28_L1) (321),3723750,321
,,0,2023-05-13T12:40:53.877451271Z,2023-06-12T12:40:53.877451271Z,2023-06-02T04:11:47.833551369Z,131.6354,docker_cpu_usage_pct,adapter_removal (DA28_L1) (321),adapter_removal (DA28_L1) (321),3723750,321
,,0,2023-05-13T12:40:53.877451271Z,2023-06-12T12:40:53.877451271Z,2023-06-02T04:11:49.833426358Z,124.6745,docker_cpu_usage_pct,adapter_removal (DA28_L1) (321),adapter_removal (DA28_L1) (321),3723750,321
,,0,2023-05-13T12:40:53.877451271Z,2023-06-12T12:40:53.877451271Z,2023-06-02T04:11:51.833946582Z,124.2612,docker_cpu_usage_pct,adapter_removal (DA28_L1) (321),adapter_removal (DA28_L1) (321),3723750,321
,,0,2023-05-13T12:40:53.877451271Z,2023-06-12T12:40:53.877451271Z,2023-06-02T04:11:53.833557874Z,124.9316,docker_cpu_usage_pct,adapter_removal (DA28_L1) (321),adapter_removal (DA28_L1) (321),3723750,321
,,0,2023-05-13T12:40:53.877451271Z,2023-06-12T12:40:53.877451271Z,2023-06-02T04:11:55.834131312Z,125.1558,docker_cpu_usage_pct,adapter_removal (DA28_L1) (321),adapter_removal (DA28_L1) (321),3723750,321
,,0,2023-05-13T12:40:53.877451271Z,2023-06-12T12:40:53.877451271Z,2023-06-02T04:11:57.833764776Z,126.0518,docker_cpu_usage_pct,adapter_removal (DA28_L1) (321),adapter_removal (DA28_L1) (321),3723750,321
,,0,2023-05-13T12:40:53.877451271Z,2023-06-12T12:40:53.877451271Z,2023-06-02T04:11:59.833471197Z,125.1775,docker_cpu_usage_pct,adapter_removal (DA28_L1) (321),adapter_removal (DA28_L1) (321),3723750,321
,,0,2023-05-13T12:40:53.877451271Z,2023-06-12T12:40:53.877451271Z,2023-06-02T04:12:01.833906939Z,126.1189,docker_cpu_usage_pct,adapter_removal (DA28_L1) (321),adapter_removal (DA28_L1) (321),3723750,321
,,0,2023-05-13T12:40:53.877451271Z,2023-06-12T12:40:53.877451271Z,2023-06-02T04:12:03.833690345Z,124.9179,docker_cpu_usage_pct,adapter_removal (DA28_L1) (321),adapter_removal (DA28_L1) (321),3723750,321
,,0,2023-05-13T12:40:53.877451271Z,2023-06-12T12:40:53.877451271Z,2023-06-02T04:12:05.834230782Z,124.7735,docker_cpu_usage_pct,adapter_removal (DA28_L1) (321),adapter_removal (DA28_L1) (321),3723750,321
,,0,2023-05-13T12:40:53.877451271Z,2023-06-12T12:40:53.877451271Z,2023-06-02T04:12:07.834073102Z,124.7015,docker_cpu_usage_pct,adapter_removal (DA28_L1) (321),adapter_removal (DA28_L1) (321),3723750,321
,,0,2023-05-13T12:40:53.877451271Z,2023-06-12T12:40:53.877451271Z,2023-06-02T04:12:09.833461883Z,126.0736,docker_cpu_usage_pct,adapter_removal (DA28_L1) (321),adapter_removal (DA28_L1) (321),3723750,321
,,0,2023-05-13T12:40:53.877451271Z,2023-06-12T12:40:53.877451271Z,2023-06-02T04:12:11.833981527Z,124.4133,docker_cpu_usage_pct,adapter_removal (DA28_L1) (321),adapter_removal (DA28_L1) (321),3723750,321
,,0,2023-05-13T12:40:53.877451271Z,2023-06-12T12:40:53.877451271Z,2023-06-02T04:12:13.833654609Z,124.0259,docker_cpu_usage_pct,adapter_removal (DA28_L1) (321),adapter_removal (DA28_L1) (321),3723750,321
,,0,2023-05-13T12:40:53.877451271Z,2023-06-12T12:40:53.877451271Z,2023-06-02T04:12:15.833323107Z,125.3875,docker_cpu_usage_pct,adapter_removal (DA28_L1) (321),adapter_removal (DA28_L1) (321),3723750,321
,,0,2023-05-13T12:40:53.877451271Z,2023-06-12T12:40:53.877451271Z,2023-06-02T04:12:17.833994804Z,132.7028,docker_cpu_usage_pct,adapter_removal (DA28_L1) (321),adapter_removal (DA28_L1) (321),3723750,321
,,0,2023-05-13T12:40:53.877451271Z,2023-06-12T12:40:53.877451271Z,2023-06-02T04:12:19.833615933Z,126.7073,docker_cpu_usage_pct,adapter_removal (DA28_L1) (321),adapter_removal (DA28_L1) (321),3723750,321
,,0,2023-05-13T12:40:53.877451271Z,2023-06-12T12:40:53.877451271Z,2023-06-02T04:12:21.833561628Z,124.5467,docker_cpu_usage_pct,adapter_removal (DA28_L1) (321),adapter_removal (DA28_L1) (321),3723750,321
,,0,2023-05-13T12:40:53.877451271Z,2023-06-12T12:40:53.877451271Z,2023-06-02T04:12:23.83413008Z,126.0475,docker_cpu_usage_pct,adapter_removal (DA28_L1) (321),adapter_removal (DA28_L1) (321),3723750,321
,,0,2023-05-13T12:40:53.877451271Z,2023-06-12T12:40:53.877451271Z,2023-06-02T04:12:25.83384Z,125.348,docker_cpu_usage_pct,adapter_removal (DA28_L1) (321),adapter_removal (DA28_L1) (321),3723750,321
,,0,2023-05-13T12:40:53.877451271Z,2023-06-12T12:40:53.877451271Z,2023-06-02T04:12:27.833549056Z,125.9045,docker_cpu_usage_pct,adapter_removal (DA28_L1) (321),adapter_removal (DA28_L1) (321),3723750,321
,,0,2023-05-13T12:40:53.877451271Z,2023-06-12T12:40:53.877451271Z,2023-06-02T04:12:29.834297311Z,125.3598,docker_cpu_usage_pct,adapter_removal (DA28_L1) (321),adapter_removal (DA28_L1) (321),3723750,321
,,0,2023-05-13T12:40:53.877451271Z,2023-06-12T12:40:53.877451271Z,2023-06-02T04:12:31.833846364Z,125.3913,docker_cpu_usage_pct,adapter_removal (DA28_L1) (321),adapter_removal (DA28_L1) (321),3723750,321
,,0,2023-05-13T12:40:53.877451271Z,2023-06-12T12:40:53.877451271Z,2023-06-02T04:12:33.833492096Z,125.2593,docker_cpu_usage_pct,adapter_removal (DA28_L1) (321),adapter_removal (DA28_L1) (321),3723750,321
,,0,2023-05-13T12:40:53.877451271Z,2023-06-12T12:40:53.877451271Z,2023-06-02T04:12:35.834138987Z,124.0098,docker_cpu_usage_pct,adapter_removal (DA28_L1) (321),adapter_removal (DA28_L1) (321),3723750,321
,,0,2023-05-13T12:40:53.877451271Z,2023-06-12T12:40:53.877451271Z,2023-06-02T04:12:37.833707419Z,124.6092,docker_cpu_usage_pct,adapter_removal (DA28_L1) (321),adapter_removal (DA28_L1) (321),3723750,321
,,0,2023-05-13T12:40:53.877451271Z,2023-06-12T12:40:53.877451271Z,2023-06-02T04:12:39.834350042Z,123.9741,docker_cpu_usage_pct,adapter_removal (DA28_L1) (321),adapter_removal (DA28_L1) (321),3723750,321
,,0,2023-05-13T12:40:53.877451271Z,2023-06-12T12:40:53.877451271Z,2023-06-02T04:12:41.833984349Z,125.8328,docker_cpu_usage_pct,adapter_removal (DA28_L1) (321),adapter_removal (DA28_L1) (321),3723750,321
,,0,2023-05-13T12:40:53.877451271Z,2023-06-12T12:40:53.877451271Z,2023-06-02T04:12:43.833516428Z,125.311,docker_cpu_usage_pct,adapter_removal (DA28_L1) (321),adapter_removal (DA28_L1) (321),3723750,321
,,0,2023-05-13T12:40:53.877451271Z,2023-06-12T12:40:53.877451271Z,2023-06-02T04:12:45.834074747Z,122.5773,docker_cpu_usage_pct,adapter_removal (DA28_L1) (321),adapter_removal (DA28_L1) (321),3723750,321
,,0,2023-05-13T12:40:53.877451271Z,2023-06-12T12:40:53.877451271Z,2023-06-02T04:12:47.833772224Z,132.5451,docker_cpu_usage_pct,adapter_removal (DA28_L1) (321),adapter_removal (DA28_L1) (321),3723750,321
,,0,2023-05-13T12:40:53.877451271Z,2023-06-12T12:40:53.877451271Z,2023-06-02T04:12:49.833495548Z,125.5858,docker_cpu_usage_pct,adapter_removal (DA28_L1) (321),adapter_removal (DA28_L1) (321),3723750,321
,,0,2023-05-13T12:40:53.877451271Z,2023-06-12T12:40:53.877451271Z,2023-06-02T04:12:51.834208071Z,125.1348,docker_cpu_usage_pct,adapter_removal (DA28_L1) (321),adapter_removal (DA28_L1) (321),3723750,321
,,0,2023-05-13T12:40:53.877451271Z,2023-06-12T12:40:53.877451271Z,2023-06-02T04:12:53.833851365Z,125.6529,docker_cpu_usage_pct,adapter_removal (DA28_L1) (321),adapter_removal (DA28_L1) (321),3723750,321
,,0,2023-05-13T12:40:53.877451271Z,2023-06-12T12:40:53.877451271Z,2023-06-02T04:12:55.833421243Z,125.4546,docker_cpu_usage_pct,adapter_removal (DA28_L1) (321),adapter_removal (DA28_L1) (321),3723750,321
,,0,2023-05-13T12:40:53.877451271Z,2023-06-12T12:40:53.877451271Z,2023-06-02T04:12:57.834118194Z,126.4589,docker_cpu_usage_pct,adapter_removal (DA28_L1) (321),adapter_removal (DA28_L1) (321),3723750,321
,,0,2023-05-13T12:40:53.877451271Z,2023-06-12T12:40:53.877451271Z,2023-06-02T04:12:59.833713186Z,124.9979,docker_cpu_usage_pct,adapter_removal (DA28_L1) (321),adapter_removal (DA28_L1) (321),3723750,321
,,0,2023-05-13T12:40:53.877451271Z,2023-06-12T12:40:53.877451271Z,2023-06-02T04:13:01.83440714Z,123.5332,docker_cpu_usage_pct,adapter_removal (DA28_L1) (321),adapter_removal (DA28_L1) (321),3723750,321
,,0,2023-05-13T12:40:53.877451271Z,2023-06-12T12:40:53.877451271Z,2023-06-02T04:13:03.833945662Z,125.5816,docker_cpu_usage_pct,adapter_removal (DA28_L1) (321),adapter_removal (DA28_L1) (321),3723750,321
,,0,2023-05-13T12:40:53.877451271Z,2023-06-12T12:40:53.877451271Z,2023-06-02T04:13:05.833670397Z,124.6446,docker_cpu_usage_pct,adapter_removal (DA28_L1) (321),adapter_removal (DA28_L1) (321),3723750,321
,,0,2023-05-13T12:40:53.877451271Z,2023-06-12T12:40:53.877451271Z,2023-06-02T04:13:07.834279927Z,126.0093,docker_cpu_usage_pct,adapter_removal (DA28_L1) (321),adapter_removal (DA28_L1) (321),3723750,321
,,0,2023-05-13T12:40:53.877451271Z,2023-06-12T12:40:53.877451271Z,2023-06-02T04:13:09.833732246Z,124.0574,docker_cpu_usage_pct,adapter_removal (DA28_L1) (321),adapter_removal (DA28_L1) (321),3723750,321
,,0,2023-05-13T12:40:53.877451271Z,2023-06-12T12:40:53.877451271Z,2023-06-02T04:13:11.833638226Z,124.6805,docker_cpu_usage_pct,adapter_removal (DA28_L1) (321),adapter_removal (DA28_L1) (321),3723750,321
,,0,2023-05-13T12:40:53.877451271Z,2023-06-12T12:40:53.877451271Z,2023-06-02T04:13:13.834109421Z,124.8086,docker_cpu_usage_pct,adapter_removal (DA28_L1) (321),adapter_removal (DA28_L1) (321),3723750,321
,,0,2023-05-13T12:40:53.877451271Z,2023-06-12T12:40:53.877451271Z,2023-06-02T04:13:15.833654012Z,125.0645,docker_cpu_usage_pct,adapter_removal (DA28_L1) (321),adapter_removal (DA28_L1) (321),3723750,321
,,0,2023-05-13T12:40:53.877451271Z,2023-06-12T12:40:53.877451271Z,2023-06-02T04:13:17.834396118Z,126.9137,docker_cpu_usage_pct,adapter_removal (DA28_L1) (321),adapter_removal (DA28_L1) (321),3723750,321
,,0,2023-05-13T12:40:53.877451271Z,2023-06-12T12:40:53.877451271Z,2023-06-02T04:13:19.83386162Z,124.1493,docker_cpu_usage_pct,adapter_removal (DA28_L1) (321),adapter_removal (DA28_L1) (321),3723750,321
,,0,2023-05-13T12:40:53.877451271Z,2023-06-12T12:40:53.877451271Z,2023-06-02T04:13:21.833516574Z,126.6004,docker_cpu_usage_pct,adapter_removal (DA28_L1) (321),adapter_removal (DA28_L1) (321),3723750,321
,,0,2023-05-13T12:40:53.877451271Z,2023-06-12T12:40:53.877451271Z,2023-06-02T04:13:24.83429686Z,124.8533,docker_cpu_usage_pct,adapter_removal (DA28_L1) (321),adapter_removal (DA28_L1) (321),3723750,321
,,0,2023-05-13T12:40:53.877451271Z,2023-06-12T12:40:53.877451271Z,2023-06-02T04:13:25.833492763Z,126.4781,docker_cpu_usage_pct,adapter_removal (DA28_L1) (321),adapter_removal (DA28_L1) (321),3723750,321
,,0,2023-05-13T12:40:53.877451271Z,2023-06-12T12:40:53.877451271Z,2023-06-02T04:13:28.833515625Z,123.6463,docker_cpu_usage_pct,adapter_removal (DA28_L1) (321),adapter_removal (DA28_L1) (321),3723750,321
,,0,2023-05-13T12:40:53.877451271Z,2023-06-12T12:40:53.877451271Z,2023-06-02T04:13:30.834192996Z,124.4791,docker_cpu_usage_pct,adapter_removal (DA28_L1) (321),adapter_removal (DA28_L1) (321),3723750,321
,,0,2023-05-13T12:40:53.877451271Z,2023-06-12T12:40:53.877451271Z,2023-06-02T04:13:32.833685856Z,126.7539,docker_cpu_usage_pct,adapter_removal (DA28_L1) (321),adapter_removal (DA28_L1) (321),3723750,321
,,0,2023-05-13T12:40:53.877451271Z,2023-06-12T12:40:53.877451271Z,2023-06-02T04:13:34.834400672Z,126.2476,docker_cpu_usage_pct,adapter_removal (DA28_L1) (321),adapter_removal (DA28_L1) (321),3723750,321
,,0,2023-05-13T12:40:53.877451271Z,2023-06-12T12:40:53.877451271Z,2023-06-02T04:13:36.833979438Z,125.6305,docker_cpu_usage_pct,adapter_removal (DA28_L1) (321),adapter_removal (DA28_L1) (321),3723750,321
,,0,2023-05-13T12:40:53.877451271Z,2023-06-12T12:40:53.877451271Z,2023-06-02T04:13:38.833499208Z,124.7998,docker_cpu_usage_pct,adapter_removal (DA28_L1) (321),adapter_removal (DA28_L1) (321),3723750,321
,,0,2023-05-13T12:40:53.877451271Z,2023-06-12T12:40:53.877451271Z,2023-06-02T04:13:40.834176383Z,125.3987,docker_cpu_usage_pct,adapter_removal (DA28_L1) (321),adapter_removal (DA28_L1) (321),3723750,321
,,0,2023-05-13T12:40:53.877451271Z,2023-06-12T12:40:53.877451271Z,2023-06-02T04:13:42.833731897Z,125.0109,docker_cpu_usage_pct,adapter_removal (DA28_L1) (321),adapter_removal (DA28_L1) (321),3723750,321
,,0,2023-05-13T12:40:53.877451271Z,2023-06-12T12:40:53.877451271Z,2023-06-02T04:13:44.834409175Z,123.6186,docker_cpu_usage_pct,adapter_removal (DA28_L1) (321),adapter_removal (DA28_L1) (321),3723750,321
,,0,2023-05-13T12:40:53.877451271Z,2023-06-12T12:40:53.877451271Z,2023-06-02T04:13:46.834036875Z,124.8808,docker_cpu_usage_pct,adapter_removal (DA28_L1) (321),adapter_removal (DA28_L1) (321),3723750,321
,,0,2023-05-13T12:40:53.877451271Z,2023-06-12T12:40:53.877451271Z,2023-06-02T04:13:48.833725915Z,124.8384,docker_cpu_usage_pct,adapter_removal (DA28_L1) (321),adapter_removal (DA28_L1) (321),3723750,321
,,0,2023-05-13T12:40:53.877451271Z,2023-06-12T12:40:53.877451271Z,2023-06-02T04:13:50.834264088Z,123.6797,docker_cpu_usage_pct,adapter_removal (DA28_L1) (321),adapter_removal (DA28_L1) (321),3723750,321
,,0,2023-05-13T12:40:53.877451271Z,2023-06-12T12:40:53.877451271Z,2023-06-02T04:13:52.833965861Z,123.8719,docker_cpu_usage_pct,adapter_removal (DA28_L1) (321),adapter_removal (DA28_L1) (321),3723750,321
,,0,2023-05-13T12:40:53.877451271Z,2023-06-12T12:40:53.877451271Z,2023-06-02T04:13:54.833620089Z,125.435,docker_cpu_usage_pct,adapter_removal (DA28_L1) (321),adapter_removal (DA28_L1) (321),3723750,321
,,0,2023-05-13T12:40:53.877451271Z,2023-06-12T12:40:53.877451271Z,2023-06-02T04:13:56.83407785Z,124.9677,docker_cpu_usage_pct,adapter_removal (DA28_L1) (321),adapter_removal (DA28_L1) (321),3723750,321
,,0,2023-05-13T12:40:53.877451271Z,2023-06-12T12:40:53.877451271Z,2023-06-02T04:13:58.833614078Z,124.6477,docker_cpu_usage_pct,adapter_removal (DA28_L1) (321),adapter_removal (DA28_L1) (321),3723750,321
,,0,2023-05-13T12:40:53.877451271Z,2023-06-12T12:40:53.877451271Z,2023-06-02T04:14:00.834507085Z,125.1839,docker_cpu_usage_pct,adapter_removal (DA28_L1) (321),adapter_removal (DA28_L1) (321),3723750,321
,,0,2023-05-13T12:40:53.877451271Z,2023-06-12T12:40:53.877451271Z,2023-06-02T04:14:02.834012085Z,123.5268,docker_cpu_usage_pct,adapter_removal (DA28_L1) (321),adapter_removal (DA28_L1) (321),3723750,321
,,0,2023-05-13T12:40:53.877451271Z,2023-06-12T12:40:53.877451271Z,2023-06-02T04:14:04.833767761Z,123.1977,docker_cpu_usage_pct,adapter_removal (DA28_L1) (321),adapter_removal (DA28_L1) (321),3723750,321
,,0,2023-05-13T12:40:53.877451271Z,2023-06-12T12:40:53.877451271Z,2023-06-02T04:14:06.834466673Z,123.8748,docker_cpu_usage_pct,adapter_removal (DA28_L1) (321),adapter_removal (DA28_L1) (321),3723750,321
,,0,2023-05-13T12:40:53.877451271Z,2023-06-12T12:40:53.877451271Z,2023-06-02T04:14:08.834279763Z,124.8652,docker_cpu_usage_pct,adapter_removal (DA28_L1) (321),adapter_removal (DA28_L1) (321),3723750,321
,,0,2023-05-13T12:40:53.877451271Z,2023-06-12T12:40:53.877451271Z,2023-06-02T04:14:10.833946696Z,125.3449,docker_cpu_usage_pct,adapter_removal (DA28_L1) (321),adapter_removal (DA28_L1) (321),3723750,321
,,0,2023-05-13T12:40:53.877451271Z,2023-06-12T12:40:53.877451271Z,2023-06-02T04:14:12.833815142Z,123.0221,docker_cpu_usage_pct,adapter_removal (DA28_L1) (321),adapter_removal (DA28_L1) (321),3723750,321
,,0,2023-05-13T12:40:53.877451271Z,2023-06-12T12:40:53.877451271Z,2023-06-02T04:14:14.834194591Z,124.6877,docker_cpu_usage_pct,adapter_removal (DA28_L1) (321),adapter_removal (DA28_L1) (321),3723750,321
,,0,2023-05-13T12:40:53.877451271Z,2023-06-12T12:40:53.877451271Z,2023-06-02T04:14:16.833788182Z,124.8527,docker_cpu_usage_pct,adapter_removal (DA28_L1) (321),adapter_removal (DA28_L1) (321),3723750,321
,,0,2023-05-13T12:40:53.877451271Z,2023-06-12T12:40:53.877451271Z,2023-06-02T04:14:18.834455984Z,123.7005,docker_cpu_usage_pct,adapter_removal (DA28_L1) (321),adapter_removal (DA28_L1) (321),3723750,321
,,0,2023-05-13T12:40:53.877451271Z,2023-06-12T12:40:53.877451271Z,2023-06-02T04:14:20.834015517Z,124.2422,docker_cpu_usage_pct,adapter_removal (DA28_L1) (321),adapter_removal (DA28_L1) (321),3723750,321
,,0,2023-05-13T12:40:53.877451271Z,2023-06-12T12:40:53.877451271Z,2023-06-02T04:14:22.833728892Z,124.2855,docker_cpu_usage_pct,adapter_removal (DA28_L1) (321),adapter_removal (DA28_L1) (321),3723750,321
,,0,2023-05-13T12:40:53.877451271Z,2023-06-12T12:40:53.877451271Z,2023-06-02T04:14:24.834307002Z,125.2542,docker_cpu_usage_pct,adapter_removal (DA28_L1) (321),adapter_removal (DA28_L1) (321),3723750,321
,,0,2023-05-13T12:40:53.877451271Z,2023-06-12T12:40:53.877451271Z,2023-06-02T04:14:26.833946208Z,124.4934,docker_cpu_usage_pct,adapter_removal (DA28_L1) (321),adapter_removal (DA28_L1) (321),3723750,321
,,0,2023-05-13T12:40:53.877451271Z,2023-06-12T12:40:53.877451271Z,2023-06-02T04:14:28.833556331Z,124.3861,docker_cpu_usage_pct,adapter_removal (DA28_L1) (321),adapter_removal (DA28_L1) (321),3723750,321
,,0,2023-05-13T12:40:53.877451271Z,2023-06-12T12:40:53.877451271Z,2023-06-02T04:14:30.834183783Z,124.6567,docker_cpu_usage_pct,adapter_removal (DA28_L1) (321),adapter_removal (DA28_L1) (321),3723750,321
,,0,2023-05-13T12:40:53.877451271Z,2023-06-12T12:40:53.877451271Z,2023-06-02T04:14:32.833967785Z,125.0686,docker_cpu_usage_pct,adapter_removal (DA28_L1) (321),adapter_removal (DA28_L1) (321),3723750,321
,,0,2023-05-13T12:40:53.877451271Z,2023-06-12T12:40:53.877451271Z,2023-06-02T04:14:34.833617319Z,124.7431,docker_cpu_usage_pct,adapter_removal (DA28_L1) (321),adapter_removal (DA28_L1) (321),3723750,321
,,0,2023-05-13T12:40:53.877451271Z,2023-06-12T12:40:53.877451271Z,2023-06-02T04:14:36.834305594Z,122.9216,docker_cpu_usage_pct,adapter_removal (DA28_L1) (321),adapter_removal (DA28_L1) (321),3723750,321
,,0,2023-05-13T12:40:53.877451271Z,2023-06-12T12:40:53.877451271Z,2023-06-02T04:14:38.833690595Z,125.0092,docker_cpu_usage_pct,adapter_removal (DA28_L1) (321),adapter_removal (DA28_L1) (321),3723750,321
,,0,2023-05-13T12:40:53.877451271Z,2023-06-12T12:40:53.877451271Z,2023-06-02T04:14:40.833421113Z,124.4073,docker_cpu_usage_pct,adapter_removal (DA28_L1) (321),adapter_removal (DA28_L1) (321),3723750,321
,,0,2023-05-13T12:40:53.877451271Z,2023-06-12T12:40:53.877451271Z,2023-06-02T04:14:42.833943533Z,125.4229,docker_cpu_usage_pct,adapter_removal (DA28_L1) (321),adapter_removal (DA28_L1) (321),3723750,321
,,0,2023-05-13T12:40:53.877451271Z,2023-06-12T12:40:53.877451271Z,2023-06-02T04:14:44.833790089Z,124.9585,docker_cpu_usage_pct,adapter_removal (DA28_L1) (321),adapter_removal (DA28_L1) (321),3723750,321
,,0,2023-05-13T12:40:53.877451271Z,2023-06-12T12:40:53.877451271Z,2023-06-02T04:14:46.833488667Z,127.1296,docker_cpu_usage_pct,adapter_removal (DA28_L1) (321),adapter_removal (DA28_L1) (321),3723750,321
,,0,2023-05-13T12:40:53.877451271Z,2023-06-12T12:40:53.877451271Z,2023-06-02T04:14:48.834159294Z,123.9552,docker_cpu_usage_pct,adapter_removal (DA28_L1) (321),adapter_removal (DA28_L1) (321),3723750,321
,,0,2023-05-13T12:40:53.877451271Z,2023-06-12T12:40:53.877451271Z,2023-06-02T04:14:50.8336721Z,123.5428,docker_cpu_usage_pct,adapter_removal (DA28_L1) (321),adapter_removal (DA28_L1) (321),3723750,321
,,0,2023-05-13T12:40:53.877451271Z,2023-06-12T12:40:53.877451271Z,2023-06-02T04:14:52.834493025Z,123.6867,docker_cpu_usage_pct,adapter_removal (DA28_L1) (321),adapter_removal (DA28_L1) (321),3723750,321
,,0,2023-05-13T12:40:53.877451271Z,2023-06-12T12:40:53.877451271Z,2023-06-02T04:14:54.833878432Z,124.06,docker_cpu_usage_pct,adapter_removal (DA28_L1) (321),adapter_removal (DA28_L1) (321),3723750,321
,,0,2023-05-13T12:40:53.877451271Z,2023-06-12T12:40:53.877451271Z,2023-06-02T04:14:56.833585065Z,125.5278,docker_cpu_usage_pct,adapter_removal (DA28_L1) (321),adapter_removal (DA28_L1) (321),3723750,321
,,0,2023-05-13T12:40:53.877451271Z,2023-06-12T12:40:53.877451271Z,2023-06-02T04:14:58.834279838Z,125.0055,docker_cpu_usage_pct,adapter_removal (DA28_L1) (321),adapter_removal (DA28_L1) (321),3723750,321
,,0,2023-05-13T12:40:53.877451271Z,2023-06-12T12:40:53.877451271Z,2023-06-02T04:15:00.834113799Z,124.6723,docker_cpu_usage_pct,adapter_removal (DA28_L1) (321),adapter_removal (DA28_L1) (321),3723750,321
,,0,2023-05-13T12:40:53.877451271Z,2023-06-12T12:40:53.877451271Z,2023-06-02T04:15:02.833486164Z,125.7982,docker_cpu_usage_pct,adapter_removal (DA28_L1) (321),adapter_removal (DA28_L1) (321),3723750,321
,,0,2023-05-13T12:40:53.877451271Z,2023-06-12T12:40:53.877451271Z,2023-06-02T04:15:04.834229719Z,125.0691,docker_cpu_usage_pct,adapter_removal (DA28_L1) (321),adapter_removal (DA28_L1) (321),3723750,321
,,0,2023-05-13T12:40:53.877451271Z,2023-06-12T12:40:53.877451271Z,2023-06-02T04:15:06.833608398Z,124.0608,docker_cpu_usage_pct,adapter_removal (DA28_L1) (321),adapter_removal (DA28_L1) (321),3723750,321
,,0,2023-05-13T12:40:53.877451271Z,2023-06-12T12:40:53.877451271Z,2023-06-02T04:15:08.833341896Z,124.9667,docker_cpu_usage_pct,adapter_removal (DA28_L1) (321),adapter_removal (DA28_L1) (321),3723750,321
,,0,2023-05-13T12:40:53.877451271Z,2023-06-12T12:40:53.877451271Z,2023-06-02T04:15:10.834079652Z,123.6545,docker_cpu_usage_pct,adapter_removal (DA28_L1) (321),adapter_removal (DA28_L1) (321),3723750,321
,,0,2023-05-13T12:40:53.877451271Z,2023-06-12T12:40:53.877451271Z,2023-06-02T04:15:12.8336958Z,123.8617,docker_cpu_usage_pct,adapter_removal (DA28_L1) (321),adapter_removal (DA28_L1) (321),3723750,321
,,0,2023-05-13T12:40:53.877451271Z,2023-06-12T12:40:53.877451271Z,2023-06-02T04:15:14.834331128Z,124.3909,docker_cpu_usage_pct,adapter_removal (DA28_L1) (321),adapter_removal (DA28_L1) (321),3723750,321
,,0,2023-05-13T12:40:53.877451271Z,2023-06-12T12:40:53.877451271Z,2023-06-02T04:15:16.833921229Z,125.2142,docker_cpu_usage_pct,adapter_removal (DA28_L1) (321),adapter_removal (DA28_L1) (321),3723750,321
,,0,2023-05-13T12:40:53.877451271Z,2023-06-12T12:40:53.877451271Z,2023-06-02T04:15:19.833553369Z,124.7814,docker_cpu_usage_pct,adapter_removal (DA28_L1) (321),adapter_removal (DA28_L1) (321),3723750,321
,,0,2023-05-13T12:40:53.877451271Z,2023-06-12T12:40:53.877451271Z,2023-06-02T04:15:21.833212596Z,124.3142,docker_cpu_usage_pct,adapter_removal (DA28_L1) (321),adapter_removal (DA28_L1) (321),3723750,321
,,0,2023-05-13T12:40:53.877451271Z,2023-06-12T12:40:53.877451271Z,2023-06-02T04:15:23.833916643Z,124.8756,docker_cpu_usage_pct,adapter_removal (DA28_L1) (321),adapter_removal (DA28_L1) (321),3723750,321
,,0,2023-05-13T12:40:53.877451271Z,2023-06-12T12:40:53.877451271Z,2023-06-02T04:15:25.833620555Z,124.2833,docker_cpu_usage_pct,adapter_removal (DA28_L1) (321),adapter_removal (DA28_L1) (321),3723750,321
,,0,2023-05-13T12:40:53.877451271Z,2023-06-12T12:40:53.877451271Z,2023-06-02T04:15:27.833252633Z,123.4246,docker_cpu_usage_pct,adapter_removal (DA28_L1) (321),adapter_removal (DA28_L1) (321),3723750,321
,,0,2023-05-13T12:40:53.877451271Z,2023-06-12T12:40:53.877451271Z,2023-06-02T04:15:29.834038265Z,125.5001,docker_cpu_usage_pct,adapter_removal (DA28_L1) (321),adapter_removal (DA28_L1) (321),3723750,321
,,0,2023-05-13T12:40:53.877451271Z,2023-06-12T12:40:53.877451271Z,2023-06-02T04:15:31.83345101Z,125.4715,docker_cpu_usage_pct,adapter_removal (DA28_L1) (321),adapter_removal (DA28_L1) (321),3723750,321
,,0,2023-05-13T12:40:53.877451271Z,2023-06-12T12:40:53.877451271Z,2023-06-02T04:15:33.83406929Z,124.6521,docker_cpu_usage_pct,adapter_removal (DA28_L1) (321),adapter_removal (DA28_L1) (321),3723750,321
,,0,2023-05-13T12:40:53.877451271Z,2023-06-12T12:40:53.877451271Z,2023-06-02T04:15:35.83352975Z,123.5504,docker_cpu_usage_pct,adapter_removal (DA28_L1) (321),adapter_removal (DA28_L1) (321),3723750,321
,,0,2023-05-13T12:40:53.877451271Z,2023-06-12T12:40:53.877451271Z,2023-06-02T04:15:37.833183174Z,124.4163,docker_cpu_usage_pct,adapter_removal (DA28_L1) (321),adapter_removal (DA28_L1) (321),3723750,321
,,0,2023-05-13T12:40:53.877451271Z,2023-06-12T12:40:53.877451271Z,2023-06-02T04:15:39.833808627Z,123.816,docker_cpu_usage_pct,adapter_removal (DA28_L1) (321),adapter_removal (DA28_L1) (321),3723750,321
,,0,2023-05-13T12:40:53.877451271Z,2023-06-12T12:40:53.877451271Z,2023-06-02T04:15:41.83355448Z,124.7083,docker_cpu_usage_pct,adapter_removal (DA28_L1) (321),adapter_removal (DA28_L1) (321),3723750,321
,,0,2023-05-13T12:40:53.877451271Z,2023-06-12T12:40:53.877451271Z,2023-06-02T04:15:43.834144246Z,124.5878,docker_cpu_usage_pct,adapter_removal (DA28_L1) (321),adapter_removal (DA28_L1) (321),3723750,321
,,0,2023-05-13T12:40:53.877451271Z,2023-06-12T12:40:53.877451271Z,2023-06-02T04:15:45.833899063Z,124.4481,docker_cpu_usage_pct,adapter_removal (DA28_L1) (321),adapter_removal (DA28_L1) (321),3723750,321
,,0,2023-05-13T12:40:53.877451271Z,2023-06-12T12:40:53.877451271Z,2023-06-02T04:15:47.833363239Z,134.4261,docker_cpu_usage_pct,adapter_removal (DA28_L1) (321),adapter_removal (DA28_L1) (321),3723750,321
,,0,2023-05-13T12:40:53.877451271Z,2023-06-12T12:40:53.877451271Z,2023-06-02T04:15:49.834198005Z,123.8637,docker_cpu_usage_pct,adapter_removal (DA28_L1) (321),adapter_removal (DA28_L1) (321),3723750,321
,,0,2023-05-13T12:40:53.877451271Z,2023-06-12T12:40:53.877451271Z,2023-06-02T04:15:51.833713227Z,124.7873,docker_cpu_usage_pct,adapter_removal (DA28_L1) (321),adapter_removal (DA28_L1) (321),3723750,321
,,0,2023-05-13T12:40:53.877451271Z,2023-06-12T12:40:53.877451271Z,2023-06-02T04:15:53.834050002Z,124.9086,docker_cpu_usage_pct,adapter_removal (DA28_L1) (321),adapter_removal (DA28_L1) (321),3723750,321
,,0,2023-05-13T12:40:53.877451271Z,2023-06-12T12:40:53.877451271Z,2023-06-02T04:15:55.834059234Z,124.7516,docker_cpu_usage_pct,adapter_removal (DA28_L1) (321),adapter_removal (DA28_L1) (321),3723750,321
,,0,2023-05-13T12:40:53.877451271Z,2023-06-12T12:40:53.877451271Z,2023-06-02T04:15:57.833482165Z,125.2623,docker_cpu_usage_pct,adapter_removal (DA28_L1) (321),adapter_removal (DA28_L1) (321),3723750,321
,,0,2023-05-13T12:40:53.877451271Z,2023-06-12T12:40:53.877451271Z,2023-06-02T04:15:59.834113551Z,125.7807,docker_cpu_usage_pct,adapter_removal (DA28_L1) (321),adapter_removal (DA28_L1) (321),3723750,321
,,0,2023-05-13T12:40:53.877451271Z,2023-06-12T12:40:53.877451271Z,2023-06-02T04:16:01.83363524Z,126.1859,docker_cpu_usage_pct,adapter_removal (DA28_L1) (321),adapter_removal (DA28_L1) (321),3723750,321
,,0,2023-05-13T12:40:53.877451271Z,2023-06-12T12:40:53.877451271Z,2023-06-02T04:16:03.83421237Z,125.0479,docker_cpu_usage_pct,adapter_removal (DA28_L1) (321),adapter_removal (DA28_L1) (321),3723750,321
,,0,2023-05-13T12:40:53.877451271Z,2023-06-12T12:40:53.877451271Z,2023-06-02T04:16:05.833968612Z,125.5023,docker_cpu_usage_pct,adapter_removal (DA28_L1) (321),adapter_removal (DA28_L1) (321),3723750,321
,,0,2023-05-13T12:40:53.877451271Z,2023-06-12T12:40:53.877451271Z,2023-06-02T04:16:07.833751121Z,124.5579,docker_cpu_usage_pct,adapter_removal (DA28_L1) (321),adapter_removal (DA28_L1) (321),3723750,321
,,0,2023-05-13T12:40:53.877451271Z,2023-06-12T12:40:53.877451271Z,2023-06-02T04:16:09.83326471Z,124.4045,docker_cpu_usage_pct,adapter_removal (DA28_L1) (321),adapter_removal (DA28_L1) (321),3723750,321
,,0,2023-05-13T12:40:53.877451271Z,2023-06-12T12:40:53.877451271Z,2023-06-02T04:16:11.833883511Z,124.4269,docker_cpu_usage_pct,adapter_removal (DA28_L1) (321),adapter_removal (DA28_L1) (321),3723750,321
,,0,2023-05-13T12:40:53.877451271Z,2023-06-12T12:40:53.877451271Z,2023-06-02T04:16:13.833467116Z,126.1911,docker_cpu_usage_pct,adapter_removal (DA28_L1) (321),adapter_removal (DA28_L1) (321),3723750,321
,,0,2023-05-13T12:40:53.877451271Z,2023-06-12T12:40:53.877451271Z,2023-06-02T04:16:15.834125484Z,125.326,docker_cpu_usage_pct,adapter_removal (DA28_L1) (321),adapter_removal (DA28_L1) (321),3723750,321
,,0,2023-05-13T12:40:53.877451271Z,2023-06-12T12:40:53.877451271Z,2023-06-02T04:16:17.833716515Z,129.7649,docker_cpu_usage_pct,adapter_removal (DA28_L1) (321),adapter_removal (DA28_L1) (321),3723750,321
,,0,2023-05-13T12:40:53.877451271Z,2023-06-12T12:40:53.877451271Z,2023-06-02T04:16:19.833745447Z,124.8511,docker_cpu_usage_pct,adapter_removal (DA28_L1) (321),adapter_removal (DA28_L1) (321),3723750,321
,,0,2023-05-13T12:40:53.877451271Z,2023-06-12T12:40:53.877451271Z,2023-06-02T04:16:21.834302684Z,123.7489,docker_cpu_usage_pct,adapter_removal (DA28_L1) (321),adapter_removal (DA28_L1) (321),3723750,321
,,0,2023-05-13T12:40:53.877451271Z,2023-06-12T12:40:53.877451271Z,2023-06-02T04:16:23.833770453Z,125.0258,docker_cpu_usage_pct,adapter_removal (DA28_L1) (321),adapter_removal (DA28_L1) (321),3723750,321
,,0,2023-05-13T12:40:53.877451271Z,2023-06-12T12:40:53.877451271Z,2023-06-02T04:16:25.833640103Z,124.5496,docker_cpu_usage_pct,adapter_removal (DA28_L1) (321),adapter_removal (DA28_L1) (321),3723750,321
,,0,2023-05-13T12:40:53.877451271Z,2023-06-12T12:40:53.877451271Z,2023-06-02T04:16:27.834209993Z,124.6198,docker_cpu_usage_pct,adapter_removal (DA28_L1) (321),adapter_removal (DA28_L1) (321),3723750,321
,,0,2023-05-13T12:40:53.877451271Z,2023-06-12T12:40:53.877451271Z,2023-06-02T04:16:29.833583232Z,122.7771,docker_cpu_usage_pct,adapter_removal (DA28_L1) (321),adapter_removal (DA28_L1) (321),3723750,321
,,0,2023-05-13T12:40:53.877451271Z,2023-06-12T12:40:53.877451271Z,2023-06-02T04:16:31.834196408Z,123.503,docker_cpu_usage_pct,adapter_removal (DA28_L1) (321),adapter_removal (DA28_L1) (321),3723750,321
,,0,2023-05-13T12:40:53.877451271Z,2023-06-12T12:40:53.877451271Z,2023-06-02T04:16:33.833841701Z,126.2785,docker_cpu_usage_pct,adapter_removal (DA28_L1) (321),adapter_removal (DA28_L1) (321),3723750,321
,,0,2023-05-13T12:40:53.877451271Z,2023-06-12T12:40:53.877451271Z,2023-06-02T04:16:35.833589775Z,124.1221,docker_cpu_usage_pct,adapter_removal (DA28_L1) (321),adapter_removal (DA28_L1) (321),3723750,321
,,0,2023-05-13T12:40:53.877451271Z,2023-06-12T12:40:53.877451271Z,2023-06-02T04:16:37.834231995Z,126.9667,docker_cpu_usage_pct,adapter_removal (DA28_L1) (321),adapter_removal (DA28_L1) (321),3723750,321
,,0,2023-05-13T12:40:53.877451271Z,2023-06-12T12:40:53.877451271Z,2023-06-02T04:16:39.834081778Z,125.2539,docker_cpu_usage_pct,adapter_removal (DA28_L1) (321),adapter_removal (DA28_L1) (321),3723750,321
,,0,2023-05-13T12:40:53.877451271Z,2023-06-12T12:40:53.877451271Z,2023-06-02T04:16:41.833457163Z,126.711,docker_cpu_usage_pct,adapter_removal (DA28_L1) (321),adapter_removal (DA28_L1) (321),3723750,321
,,0,2023-05-13T12:40:53.877451271Z,2023-06-12T12:40:53.877451271Z,2023-06-02T04:16:43.833983942Z,124.5387,docker_cpu_usage_pct,adapter_removal (DA28_L1) (321),adapter_removal (DA28_L1) (321),3723750,321
,,0,2023-05-13T12:40:53.877451271Z,2023-06-12T12:40:53.877451271Z,2023-06-02T04:16:45.833682392Z,125.0618,docker_cpu_usage_pct,adapter_removal (DA28_L1) (321),adapter_removal (DA28_L1) (321),3723750,321
,,0,2023-05-13T12:40:53.877451271Z,2023-06-12T12:40:53.877451271Z,2023-06-02T04:16:47.833637168Z,133.653,docker_cpu_usage_pct,adapter_removal (DA28_L1) (321),adapter_removal (DA28_L1) (321),3723750,321
,,0,2023-05-13T12:40:53.877451271Z,2023-06-12T12:40:53.877451271Z,2023-06-02T04:16:49.834044826Z,125.1164,docker_cpu_usage_pct,adapter_removal (DA28_L1) (321),adapter_removal (DA28_L1) (321),3723750,321
,,0,2023-05-13T12:40:53.877451271Z,2023-06-12T12:40:53.877451271Z,2023-06-02T04:16:51.833887404Z,125.9405,docker_cpu_usage_pct,adapter_removal (DA28_L1) (321),adapter_removal (DA28_L1) (321),3723750,321
,,0,2023-05-13T12:40:53.877451271Z,2023-06-12T12:40:53.877451271Z,2023-06-02T04:16:53.8337371Z,124.9673,docker_cpu_usage_pct,adapter_removal (DA28_L1) (321),adapter_removal (DA28_L1) (321),3723750,321
,,0,2023-05-13T12:40:53.877451271Z,2023-06-12T12:40:53.877451271Z,2023-06-02T04:16:55.833952015Z,126.5963,docker_cpu_usage_pct,adapter_removal (DA28_L1) (321),adapter_removal (DA28_L1) (321),3723750,321
,,0,2023-05-13T12:40:53.877451271Z,2023-06-12T12:40:53.877451271Z,2023-06-02T04:16:57.833750295Z,124.6155,docker_cpu_usage_pct,adapter_removal (DA28_L1) (321),adapter_removal (DA28_L1) (321),3723750,321
,,0,2023-05-13T12:40:53.877451271Z,2023-06-12T12:40:53.877451271Z,2023-06-02T04:16:59.833507521Z,125.582,docker_cpu_usage_pct,adapter_removal (DA28_L1) (321),adapter_removal (DA28_L1) (321),3723750,321
,,0,2023-05-13T12:40:53.877451271Z,2023-06-12T12:40:53.877451271Z,2023-06-02T04:17:01.833908355Z,124.9862,docker_cpu_usage_pct,adapter_removal (DA28_L1) (321),adapter_removal (DA28_L1) (321),3723750,321
,,0,2023-05-13T12:40:53.877451271Z,2023-06-12T12:40:53.877451271Z,2023-06-02T04:17:03.833928865Z,125.7628,docker_cpu_usage_pct,adapter_removal (DA28_L1) (321),adapter_removal (DA28_L1) (321),3723750,321
,,0,2023-05-13T12:40:53.877451271Z,2023-06-12T12:40:53.877451271Z,2023-06-02T04:17:05.833378244Z,125.8671,docker_cpu_usage_pct,adapter_removal (DA28_L1) (321),adapter_removal (DA28_L1) (321),3723750,321
,,0,2023-05-13T12:40:53.877451271Z,2023-06-12T12:40:53.877451271Z,2023-06-02T04:17:07.83404102Z,124.9905,docker_cpu_usage_pct,adapter_removal (DA28_L1) (321),adapter_removal (DA28_L1) (321),3723750,321
,,0,2023-05-13T12:40:53.877451271Z,2023-06-12T12:40:53.877451271Z,2023-06-02T04:17:09.833794005Z,124.5249,docker_cpu_usage_pct,adapter_removal (DA28_L1) (321),adapter_removal (DA28_L1) (321),3723750,321
,,0,2023-05-13T12:40:53.877451271Z,2023-06-12T12:40:53.877451271Z,2023-06-02T04:17:11.83362914Z,125.5476,docker_cpu_usage_pct,adapter_removal (DA28_L1) (321),adapter_removal (DA28_L1) (321),3723750,321
,,0,2023-05-13T12:40:53.877451271Z,2023-06-12T12:40:53.877451271Z,2023-06-02T04:17:13.834218776Z,125.958,docker_cpu_usage_pct,adapter_removal (DA28_L1) (321),adapter_removal (DA28_L1) (321),3723750,321
,,0,2023-05-13T12:40:53.877451271Z,2023-06-12T12:40:53.877451271Z,2023-06-02T04:17:16.833977061Z,126.1256,docker_cpu_usage_pct,adapter_removal (DA28_L1) (321),adapter_removal (DA28_L1) (321),3723750,321
,,0,2023-05-13T12:40:53.877451271Z,2023-06-12T12:40:53.877451271Z,2023-06-02T04:17:18.833713825Z,131.2741,docker_cpu_usage_pct,adapter_removal (DA28_L1) (321),adapter_removal (DA28_L1) (321),3723750,321
,,0,2023-05-13T12:40:53.877451271Z,2023-06-12T12:40:53.877451271Z,2023-06-02T04:17:20.83447763Z,127.6523,docker_cpu_usage_pct,adapter_removal (DA28_L1) (321),adapter_removal (DA28_L1) (321),3723750,321
,,0,2023-05-13T12:40:53.877451271Z,2023-06-12T12:40:53.877451271Z,2023-06-02T04:17:22.834122406Z,126.1511,docker_cpu_usage_pct,adapter_removal (DA28_L1) (321),adapter_removal (DA28_L1) (321),3723750,321
,,0,2023-05-13T12:40:53.877451271Z,2023-06-12T12:40:53.877451271Z,2023-06-02T04:17:24.833771801Z,125.502,docker_cpu_usage_pct,adapter_removal (DA28_L1) (321),adapter_removal (DA28_L1) (321),3723750,321
,,0,2023-05-13T12:40:53.877451271Z,2023-06-12T12:40:53.877451271Z,2023-06-02T04:17:26.834336593Z,123.6627,docker_cpu_usage_pct,adapter_removal (DA28_L1) (321),adapter_removal (DA28_L1) (321),3723750,321
,,0,2023-05-13T12:40:53.877451271Z,2023-06-12T12:40:53.877451271Z,2023-06-02T04:17:28.833763466Z,125.6211,docker_cpu_usage_pct,adapter_removal (DA28_L1) (321),adapter_removal (DA28_L1) (321),3723750,321
,,0,2023-05-13T12:40:53.877451271Z,2023-06-12T12:40:53.877451271Z,2023-06-02T04:17:30.833421894Z,125.0804,docker_cpu_usage_pct,adapter_removal (DA28_L1) (321),adapter_removal (DA28_L1) (321),3723750,321
,,0,2023-05-13T12:40:53.877451271Z,2023-06-12T12:40:53.877451271Z,2023-06-02T04:17:32.833909557Z,123.1353,docker_cpu_usage_pct,adapter_removal (DA28_L1) (321),adapter_removal (DA28_L1) (321),3723750,321
,,0,2023-05-13T12:40:53.877451271Z,2023-06-12T12:40:53.877451271Z,2023-06-02T04:17:34.833807829Z,125.3741,docker_cpu_usage_pct,adapter_removal (DA28_L1) (321),adapter_removal (DA28_L1) (321),3723750,321
,,0,2023-05-13T12:40:53.877451271Z,2023-06-12T12:40:53.877451271Z,2023-06-02T04:17:36.833315005Z,124.7039,docker_cpu_usage_pct,adapter_removal (DA28_L1) (321),adapter_removal (DA28_L1) (321),3723750,321
,,0,2023-05-13T12:40:53.877451271Z,2023-06-12T12:40:53.877451271Z,2023-06-02T04:17:38.833764341Z,123.2772,docker_cpu_usage_pct,adapter_removal (DA28_L1) (321),adapter_removal (DA28_L1) (321),3723750,321
,,0,2023-05-13T12:40:53.877451271Z,2023-06-12T12:40:53.877451271Z,2023-06-02T04:17:40.833500891Z,124.5062,docker_cpu_usage_pct,adapter_removal (DA28_L1) (321),adapter_removal (DA28_L1) (321),3723750,321
,,0,2023-05-13T12:40:53.877451271Z,2023-06-12T12:40:53.877451271Z,2023-06-02T04:17:42.834244691Z,124.8309,docker_cpu_usage_pct,adapter_removal (DA28_L1) (321),adapter_removal (DA28_L1) (321),3723750,321
,,0,2023-05-13T12:40:53.877451271Z,2023-06-12T12:40:53.877451271Z,2023-06-02T04:17:44.833692648Z,125.9497,docker_cpu_usage_pct,adapter_removal (DA28_L1) (321),adapter_removal (DA28_L1) (321),3723750,321
,,0,2023-05-13T12:40:53.877451271Z,2023-06-12T12:40:53.877451271Z,2023-06-02T04:17:46.833579207Z,123.7052,docker_cpu_usage_pct,adapter_removal (DA28_L1) (321),adapter_removal (DA28_L1) (321),3723750,321
,,0,2023-05-13T12:40:53.877451271Z,2023-06-12T12:40:53.877451271Z,2023-06-02T04:17:48.834139885Z,131.4502,docker_cpu_usage_pct,adapter_removal (DA28_L1) (321),adapter_removal (DA28_L1) (321),3723750,321
,,0,2023-05-13T12:40:53.877451271Z,2023-06-12T12:40:53.877451271Z,2023-06-02T04:17:50.833978618Z,124.2899,docker_cpu_usage_pct,adapter_removal (DA28_L1) (321),adapter_removal (DA28_L1) (321),3723750,321
,,0,2023-05-13T12:40:53.877451271Z,2023-06-12T12:40:53.877451271Z,2023-06-02T04:17:52.833456617Z,124.6397,docker_cpu_usage_pct,adapter_removal (DA28_L1) (321),adapter_removal (DA28_L1) (321),3723750,321
,,0,2023-05-13T12:40:53.877451271Z,2023-06-12T12:40:53.877451271Z,2023-06-02T04:17:54.83437431Z,123.5992,docker_cpu_usage_pct,adapter_removal (DA28_L1) (321),adapter_removal (DA28_L1) (321),3723750,321
,,0,2023-05-13T12:40:53.877451271Z,2023-06-12T12:40:53.877451271Z,2023-06-02T04:17:56.833717761Z,124.7781,docker_cpu_usage_pct,adapter_removal (DA28_L1) (321),adapter_removal (DA28_L1) (321),3723750,321
,,0,2023-05-13T12:40:53.877451271Z,2023-06-12T12:40:53.877451271Z,2023-06-02T04:17:58.833603787Z,124.9616,docker_cpu_usage_pct,adapter_removal (DA28_L1) (321),adapter_removal (DA28_L1) (321),3723750,321
,,0,2023-05-13T12:40:53.877451271Z,2023-06-12T12:40:53.877451271Z,2023-06-02T04:18:00.834236366Z,123.6608,docker_cpu_usage_pct,adapter_removal (DA28_L1) (321),adapter_removal (DA28_L1) (321),3723750,321
,,0,2023-05-13T12:40:53.877451271Z,2023-06-12T12:40:53.877451271Z,2023-06-02T04:18:02.833853449Z,123.7618,docker_cpu_usage_pct,adapter_removal (DA28_L1) (321),adapter_removal (DA28_L1) (321),3723750,321
,,0,2023-05-13T12:40:53.877451271Z,2023-06-12T12:40:53.877451271Z,2023-06-02T04:18:04.833485111Z,124.288,docker_cpu_usage_pct,adapter_removal (DA28_L1) (321),adapter_removal (DA28_L1) (321),3723750,321
,,0,2023-05-13T12:40:53.877451271Z,2023-06-12T12:40:53.877451271Z,2023-06-02T04:18:06.834162895Z,124.941,docker_cpu_usage_pct,adapter_removal (DA28_L1) (321),adapter_removal (DA28_L1) (321),3723750,321
,,0,2023-05-13T12:40:53.877451271Z,2023-06-12T12:40:53.877451271Z,2023-06-02T04:18:08.833966358Z,124.3846,docker_cpu_usage_pct,adapter_removal (DA28_L1) (321),adapter_removal (DA28_L1) (321),3723750,321
,,0,2023-05-13T12:40:53.877451271Z,2023-06-12T12:40:53.877451271Z,2023-06-02T04:18:10.833550162Z,124.9661,docker_cpu_usage_pct,adapter_removal (DA28_L1) (321),adapter_removal (DA28_L1) (321),3723750,321
,,0,2023-05-13T12:40:53.877451271Z,2023-06-12T12:40:53.877451271Z,2023-06-02T04:18:12.833986342Z,123.8584,docker_cpu_usage_pct,adapter_removal (DA28_L1) (321),adapter_removal (DA28_L1) (321),3723750,321
,,0,2023-05-13T12:40:53.877451271Z,2023-06-12T12:40:53.877451271Z,2023-06-02T04:18:14.833768059Z,124.0923,docker_cpu_usage_pct,adapter_removal (DA28_L1) (321),adapter_removal (DA28_L1) (321),3723750,321
,,0,2023-05-13T12:40:53.877451271Z,2023-06-12T12:40:53.877451271Z,2023-06-02T04:18:16.834387651Z,124.1372,docker_cpu_usage_pct,adapter_removal (DA28_L1) (321),adapter_removal (DA28_L1) (321),3723750,321
,,0,2023-05-13T12:40:53.877451271Z,2023-06-12T12:40:53.877451271Z,2023-06-02T04:18:18.833842073Z,123.5095,docker_cpu_usage_pct,adapter_removal (DA28_L1) (321),adapter_removal (DA28_L1) (321),3723750,321
,,0,2023-05-13T12:40:53.877451271Z,2023-06-12T12:40:53.877451271Z,2023-06-02T04:18:20.833566662Z,125.561,docker_cpu_usage_pct,adapter_removal (DA28_L1) (321),adapter_removal (DA28_L1) (321),3723750,321
,,0,2023-05-13T12:40:53.877451271Z,2023-06-12T12:40:53.877451271Z,2023-06-02T04:18:22.834021342Z,123.2599,docker_cpu_usage_pct,adapter_removal (DA28_L1) (321),adapter_removal (DA28_L1) (321),3723750,321
,,0,2023-05-13T12:40:53.877451271Z,2023-06-12T12:40:53.877451271Z,2023-06-02T04:18:24.833390187Z,123.8488,docker_cpu_usage_pct,adapter_removal (DA28_L1) (321),adapter_removal (DA28_L1) (321),3723750,321
,,0,2023-05-13T12:40:53.877451271Z,2023-06-12T12:40:53.877451271Z,2023-06-02T04:18:26.834140592Z,124.7162,docker_cpu_usage_pct,adapter_removal (DA28_L1) (321),adapter_removal (DA28_L1) (321),3723750,321
,,0,2023-05-13T12:40:53.877451271Z,2023-06-12T12:40:53.877451271Z,2023-06-02T04:18:28.833830553Z,123.5501,docker_cpu_usage_pct,adapter_removal (DA28_L1) (321),adapter_removal (DA28_L1) (321),3723750,321
,,0,2023-05-13T12:40:53.877451271Z,2023-06-12T12:40:53.877451271Z,2023-06-02T04:18:30.833774379Z,123.8865,docker_cpu_usage_pct,adapter_removal (DA28_L1) (321),adapter_removal (DA28_L1) (321),3723750,321
,,0,2023-05-13T12:40:53.877451271Z,2023-06-12T12:40:53.877451271Z,2023-06-02T04:18:32.83424083Z,122.6706,docker_cpu_usage_pct,adapter_removal (DA28_L1) (321),adapter_removal (DA28_L1) (321),3723750,321
,,0,2023-05-13T12:40:53.877451271Z,2023-06-12T12:40:53.877451271Z,2023-06-02T04:18:34.833885723Z,124.1013,docker_cpu_usage_pct,adapter_removal (DA28_L1) (321),adapter_removal (DA28_L1) (321),3723750,321
,,0,2023-05-13T12:40:53.877451271Z,2023-06-12T12:40:53.877451271Z,2023-06-02T04:18:36.833637548Z,125.9259,docker_cpu_usage_pct,adapter_removal (DA28_L1) (321),adapter_removal (DA28_L1) (321),3723750,321
,,0,2023-05-13T12:40:53.877451271Z,2023-06-12T12:40:53.877451271Z,2023-06-02T04:18:38.834038251Z,123.3624,docker_cpu_usage_pct,adapter_removal (DA28_L1) (321),adapter_removal (DA28_L1) (321),3723750,321
,,0,2023-05-13T12:40:53.877451271Z,2023-06-12T12:40:53.877451271Z,2023-06-02T04:18:40.833689979Z,123.2169,docker_cpu_usage_pct,adapter_removal (DA28_L1) (321),adapter_removal (DA28_L1) (321),3723750,321
,,0,2023-05-13T12:40:53.877451271Z,2023-06-12T12:40:53.877451271Z,2023-06-02T04:18:42.833230351Z,122.6915,docker_cpu_usage_pct,adapter_removal (DA28_L1) (321),adapter_removal (DA28_L1) (321),3723750,321
,,0,2023-05-13T12:40:53.877451271Z,2023-06-12T12:40:53.877451271Z,2023-06-02T04:18:44.83401724Z,125.8064,docker_cpu_usage_pct,adapter_removal (DA28_L1) (321),adapter_removal (DA28_L1) (321),3723750,321
,,0,2023-05-13T12:40:53.877451271Z,2023-06-12T12:40:53.877451271Z,2023-06-02T04:18:46.833711104Z,123.4972,docker_cpu_usage_pct,adapter_removal (DA28_L1) (321),adapter_removal (DA28_L1) (321),3723750,321
,,0,2023-05-13T12:40:53.877451271Z,2023-06-12T12:40:53.877451271Z,2023-06-02T04:18:48.834208941Z,124.2312,docker_cpu_usage_pct,adapter_removal (DA28_L1) (321),adapter_removal (DA28_L1) (321),3723750,321
,,0,2023-05-13T12:40:53.877451271Z,2023-06-12T12:40:53.877451271Z,2023-06-02T04:18:50.833634032Z,124.6305,docker_cpu_usage_pct,adapter_removal (DA28_L1) (321),adapter_removal (DA28_L1) (321),3723750,321
,,0,2023-05-13T12:40:53.877451271Z,2023-06-12T12:40:53.877451271Z,2023-06-02T04:18:52.833372421Z,125.5294,docker_cpu_usage_pct,adapter_removal (DA28_L1) (321),adapter_removal (DA28_L1) (321),3723750,321
,,0,2023-05-13T12:40:53.877451271Z,2023-06-12T12:40:53.877451271Z,2023-06-02T04:18:54.83408994Z,122.4366,docker_cpu_usage_pct,adapter_removal (DA28_L1) (321),adapter_removal (DA28_L1) (321),3723750,321
,,0,2023-05-13T12:40:53.877451271Z,2023-06-12T12:40:53.877451271Z,2023-06-02T04:18:56.833782224Z,124.3711,docker_cpu_usage_pct,adapter_removal (DA28_L1) (321),adapter_removal (DA28_L1) (321),3723750,321
,,0,2023-05-13T12:40:53.877451271Z,2023-06-12T12:40:53.877451271Z,2023-06-02T04:18:58.833149346Z,123.0368,docker_cpu_usage_pct,adapter_removal (DA28_L1) (321),adapter_removal (DA28_L1) (321),3723750,321
,,0,2023-05-13T12:40:53.877451271Z,2023-06-12T12:40:53.877451271Z,2023-06-02T04:19:00.834050185Z,123.6327,docker_cpu_usage_pct,adapter_removal (DA28_L1) (321),adapter_removal (DA28_L1) (321),3723750,321
,,0,2023-05-13T12:40:53.877451271Z,2023-06-12T12:40:53.877451271Z,2023-06-02T04:19:02.833771434Z,123.7647,docker_cpu_usage_pct,adapter_removal (DA28_L1) (321),adapter_removal (DA28_L1) (321),3723750,321
,,0,2023-05-13T12:40:53.877451271Z,2023-06-12T12:40:53.877451271Z,2023-06-02T04:19:04.834357089Z,125.5413,docker_cpu_usage_pct,adapter_removal (DA28_L1) (321),adapter_removal (DA28_L1) (321),3723750,321
,,0,2023-05-13T12:40:53.877451271Z,2023-06-12T12:40:53.877451271Z,2023-06-02T04:19:06.834018403Z,124.2779,docker_cpu_usage_pct,adapter_removal (DA28_L1) (321),adapter_removal (DA28_L1) (321),3723750,321
,,0,2023-05-13T12:40:53.877451271Z,2023-06-12T12:40:53.877451271Z,2023-06-02T04:19:08.833697306Z,125.1569,docker_cpu_usage_pct,adapter_removal (DA28_L1) (321),adapter_removal (DA28_L1) (321),3723750,321
,,0,2023-05-13T12:40:53.877451271Z,2023-06-12T12:40:53.877451271Z,2023-06-02T04:19:10.834384249Z,125.3742,docker_cpu_usage_pct,adapter_removal (DA28_L1) (321),adapter_removal (DA28_L1) (321),3723750,321
,,0,2023-05-13T12:40:53.877451271Z,2023-06-12T12:40:53.877451271Z,2023-06-02T04:19:12.834187272Z,124.8296,docker_cpu_usage_pct,adapter_removal (DA28_L1) (321),adapter_removal (DA28_L1) (321),3723750,321
,,0,2023-05-13T12:40:53.877451271Z,2023-06-12T12:40:53.877451271Z,2023-06-02T04:19:14.833670593Z,125.744,docker_cpu_usage_pct,adapter_removal (DA28_L1) (321),adapter_removal (DA28_L1) (321),3723750,321
,,0,2023-05-13T12:40:53.877451271Z,2023-06-12T12:40:53.877451271Z,2023-06-02T04:19:17.833339206Z,123.9673,docker_cpu_usage_pct,adapter_removal (DA28_L1) (321),adapter_removal (DA28_L1) (321),3723750,321
,,0,2023-05-13T12:40:53.877451271Z,2023-06-12T12:40:53.877451271Z,2023-06-02T04:19:19.834237108Z,123.6994,docker_cpu_usage_pct,adapter_removal (DA28_L1) (321),adapter_removal (DA28_L1) (321),3723750,321
,,0,2023-05-13T12:40:53.877451271Z,2023-06-12T12:40:53.877451271Z,2023-06-02T04:19:21.833670982Z,123.1159,docker_cpu_usage_pct,adapter_removal (DA28_L1) (321),adapter_removal (DA28_L1) (321),3723750,321
,,0,2023-05-13T12:40:53.877451271Z,2023-06-12T12:40:53.877451271Z,2023-06-02T04:19:23.833208067Z,123.3823,docker_cpu_usage_pct,adapter_removal (DA28_L1) (321),adapter_removal (DA28_L1) (321),3723750,321
,,0,2023-05-13T12:40:53.877451271Z,2023-06-12T12:40:53.877451271Z,2023-06-02T04:19:25.833869726Z,123.3682,docker_cpu_usage_pct,adapter_removal (DA28_L1) (321),adapter_removal (DA28_L1) (321),3723750,321
,,0,2023-05-13T12:40:53.877451271Z,2023-06-12T12:40:53.877451271Z,2023-06-02T04:19:27.833739698Z,123.5099,docker_cpu_usage_pct,adapter_removal (DA28_L1) (321),adapter_removal (DA28_L1) (321),3723750,321
,,0,2023-05-13T12:40:53.877451271Z,2023-06-12T12:40:53.877451271Z,2023-06-02T04:19:29.833576628Z,123.8337,docker_cpu_usage_pct,adapter_removal (DA28_L1) (321),adapter_removal (DA28_L1) (321),3723750,321
,,0,2023-05-13T12:40:53.877451271Z,2023-06-12T12:40:53.877451271Z,2023-06-02T04:19:31.834124808Z,124.3831,docker_cpu_usage_pct,adapter_removal (DA28_L1) (321),adapter_removal (DA28_L1) (321),3723750,321
,,0,2023-05-13T12:40:53.877451271Z,2023-06-12T12:40:53.877451271Z,2023-06-02T04:19:33.833917253Z,126.0803,docker_cpu_usage_pct,adapter_removal (DA28_L1) (321),adapter_removal (DA28_L1) (321),3723750,321
,,0,2023-05-13T12:40:53.877451271Z,2023-06-12T12:40:53.877451271Z,2023-06-02T04:19:35.833151118Z,124.0255,docker_cpu_usage_pct,adapter_removal (DA28_L1) (321),adapter_removal (DA28_L1) (321),3723750,321
,,0,2023-05-13T12:40:53.877451271Z,2023-06-12T12:40:53.877451271Z,2023-06-02T04:19:37.834272782Z,123.0777,docker_cpu_usage_pct,adapter_removal (DA28_L1) (321),adapter_removal (DA28_L1) (321),3723750,321
,,0,2023-05-13T12:40:53.877451271Z,2023-06-12T12:40:53.877451271Z,2023-06-02T04:19:39.833801613Z,125.8464,docker_cpu_usage_pct,adapter_removal (DA28_L1) (321),adapter_removal (DA28_L1) (321),3723750,321
,,0,2023-05-13T12:40:53.877451271Z,2023-06-12T12:40:53.877451271Z,2023-06-02T04:19:41.833501598Z,125.0655,docker_cpu_usage_pct,adapter_removal (DA28_L1) (321),adapter_removal (DA28_L1) (321),3723750,321
,,0,2023-05-13T12:40:53.877451271Z,2023-06-12T12:40:53.877451271Z,2023-06-02T04:19:43.834306226Z,123.8807,docker_cpu_usage_pct,adapter_removal (DA28_L1) (321),adapter_removal (DA28_L1) (321),3723750,321
,,0,2023-05-13T12:40:53.877451271Z,2023-06-12T12:40:53.877451271Z,2023-06-02T04:19:45.8340483Z,124.5871,docker_cpu_usage_pct,adapter_removal (DA28_L1) (321),adapter_removal (DA28_L1) (321),3723750,321
,,0,2023-05-13T12:40:53.877451271Z,2023-06-12T12:40:53.877451271Z,2023-06-02T04:19:47.833838373Z,126.9236,docker_cpu_usage_pct,adapter_removal (DA28_L1) (321),adapter_removal (DA28_L1) (321),3723750,321
,,0,2023-05-13T12:40:53.877451271Z,2023-06-12T12:40:53.877451271Z,2023-06-02T04:19:49.833486789Z,123.7557,docker_cpu_usage_pct,adapter_removal (DA28_L1) (321),adapter_removal (DA28_L1) (321),3723750,321
,,0,2023-05-13T12:40:53.877451271Z,2023-06-12T12:40:53.877451271Z,2023-06-02T04:19:51.83395311Z,125.431,docker_cpu_usage_pct,adapter_removal (DA28_L1) (321),adapter_removal (DA28_L1) (321),3723750,321
,,0,2023-05-13T12:40:53.877451271Z,2023-06-12T12:40:53.877451271Z,2023-06-02T04:19:53.833568333Z,125.1424,docker_cpu_usage_pct,adapter_removal (DA28_L1) (321),adapter_removal (DA28_L1) (321),3723750,321
,,0,2023-05-13T12:40:53.877451271Z,2023-06-12T12:40:53.877451271Z,2023-06-02T04:19:55.833226985Z,124.3101,docker_cpu_usage_pct,adapter_removal (DA28_L1) (321),adapter_removal (DA28_L1) (321),3723750,321
,,0,2023-05-13T12:40:53.877451271Z,2023-06-12T12:40:53.877451271Z,2023-06-02T04:19:57.834168826Z,124.6028,docker_cpu_usage_pct,adapter_removal (DA28_L1) (321),adapter_removal (DA28_L1) (321),3723750,321
,,0,2023-05-13T12:40:53.877451271Z,2023-06-12T12:40:53.877451271Z,2023-06-02T04:19:59.833512936Z,125.1144,docker_cpu_usage_pct,adapter_removal (DA28_L1) (321),adapter_removal (DA28_L1) (321),3723750,321
,,0,2023-05-13T12:40:53.877451271Z,2023-06-12T12:40:53.877451271Z,2023-06-02T04:20:01.833494893Z,125.4345,docker_cpu_usage_pct,adapter_removal (DA28_L1) (321),adapter_removal (DA28_L1) (321),3723750,321
,,0,2023-05-13T12:40:53.877451271Z,2023-06-12T12:40:53.877451271Z,2023-06-02T04:20:03.834054477Z,123.8955,docker_cpu_usage_pct,adapter_removal (DA28_L1) (321),adapter_removal (DA28_L1) (321),3723750,321
,,0,2023-05-13T12:40:53.877451271Z,2023-06-12T12:40:53.877451271Z,2023-06-02T04:20:05.833555167Z,123.0105,docker_cpu_usage_pct,adapter_removal (DA28_L1) (321),adapter_removal (DA28_L1) (321),3723750,321
,,0,2023-05-13T12:40:53.877451271Z,2023-06-12T12:40:53.877451271Z,2023-06-02T04:20:07.834261173Z,126.1872,docker_cpu_usage_pct,adapter_removal (DA28_L1) (321),adapter_removal (DA28_L1) (321),3723750,321
,,0,2023-05-13T12:40:53.877451271Z,2023-06-12T12:40:53.877451271Z,2023-06-02T04:20:09.833939004Z,124.0596,docker_cpu_usage_pct,adapter_removal (DA28_L1) (321),adapter_removal (DA28_L1) (321),3723750,321
,,0,2023-05-13T12:40:53.877451271Z,2023-06-12T12:40:53.877451271Z,2023-06-02T04:20:11.833290774Z,124.6429,docker_cpu_usage_pct,adapter_removal (DA28_L1) (321),adapter_removal (DA28_L1) (321),3723750,321
,,0,2023-05-13T12:40:53.877451271Z,2023-06-12T12:40:53.877451271Z,2023-06-02T04:20:13.834217082Z,124.8977,docker_cpu_usage_pct,adapter_removal (DA28_L1) (321),adapter_removal (DA28_L1) (321),3723750,321
,,0,2023-05-13T12:40:53.877451271Z,2023-06-12T12:40:53.877451271Z,2023-06-02T04:20:15.833727563Z,124.7822,docker_cpu_usage_pct,adapter_removal (DA28_L1) (321),adapter_removal (DA28_L1) (321),3723750,321
,,0,2023-05-13T12:40:53.877451271Z,2023-06-12T12:40:53.877451271Z,2023-06-02T04:20:17.83344243Z,125.4519,docker_cpu_usage_pct,adapter_removal (DA28_L1) (321),adapter_removal (DA28_L1) (321),3723750,321
,,0,2023-05-13T12:40:53.877451271Z,2023-06-12T12:40:53.877451271Z,2023-06-02T04:20:19.833879588Z,124.0525,docker_cpu_usage_pct,adapter_removal (DA28_L1) (321),adapter_removal (DA28_L1) (321),3723750,321
,,0,2023-05-13T12:40:53.877451271Z,2023-06-12T12:40:53.877451271Z,2023-06-02T04:20:21.833722365Z,125.896,docker_cpu_usage_pct,adapter_removal (DA28_L1) (321),adapter_removal (DA28_L1) (321),3723750,321
,,0,2023-05-13T12:40:53.877451271Z,2023-06-12T12:40:53.877451271Z,2023-06-02T04:20:23.833438457Z,125.6183,docker_cpu_usage_pct,adapter_removal (DA28_L1) (321),adapter_removal (DA28_L1) (321),3723750,321
,,0,2023-05-13T12:40:53.877451271Z,2023-06-12T12:40:53.877451271Z,2023-06-02T04:20:25.834442488Z,125.5097,docker_cpu_usage_pct,adapter_removal (DA28_L1) (321),adapter_removal (DA28_L1) (321),3723750,321
,,0,2023-05-13T12:40:53.877451271Z,2023-06-12T12:40:53.877451271Z,2023-06-02T04:20:27.833750684Z,123.4395,docker_cpu_usage_pct,adapter_removal (DA28_L1) (321),adapter_removal (DA28_L1) (321),3723750,321
,,0,2023-05-13T12:40:53.877451271Z,2023-06-12T12:40:53.877451271Z,2023-06-02T04:20:29.83341588Z,125.2894,docker_cpu_usage_pct,adapter_removal (DA28_L1) (321),adapter_removal (DA28_L1) (321),3723750,321
,,0,2023-05-13T12:40:53.877451271Z,2023-06-12T12:40:53.877451271Z,2023-06-02T04:20:31.834090026Z,125.1393,docker_cpu_usage_pct,adapter_removal (DA28_L1) (321),adapter_removal (DA28_L1) (321),3723750,321
,,0,2023-05-13T12:40:53.877451271Z,2023-06-12T12:40:53.877451271Z,2023-06-02T04:20:33.834055738Z,124.2676,docker_cpu_usage_pct,adapter_removal (DA28_L1) (321),adapter_removal (DA28_L1) (321),3723750,321
,,0,2023-05-13T12:40:53.877451271Z,2023-06-12T12:40:53.877451271Z,2023-06-02T04:20:35.834013209Z,126.8382,docker_cpu_usage_pct,adapter_removal (DA28_L1) (321),adapter_removal (DA28_L1) (321),3723750,321
,,0,2023-05-13T12:40:53.877451271Z,2023-06-12T12:40:53.877451271Z,2023-06-02T04:20:37.833597796Z,125.6998,docker_cpu_usage_pct,adapter_removal (DA28_L1) (321),adapter_removal (DA28_L1) (321),3723750,321
,,0,2023-05-13T12:40:53.877451271Z,2023-06-12T12:40:53.877451271Z,2023-06-02T04:20:39.83410225Z,125.1921,docker_cpu_usage_pct,adapter_removal (DA28_L1) (321),adapter_removal (DA28_L1) (321),3723750,321
,,0,2023-05-13T12:40:53.877451271Z,2023-06-12T12:40:53.877451271Z,2023-06-02T04:20:41.833908692Z,125.4197,docker_cpu_usage_pct,adapter_removal (DA28_L1) (321),adapter_removal (DA28_L1) (321),3723750,321
,,0,2023-05-13T12:40:53.877451271Z,2023-06-12T12:40:53.877451271Z,2023-06-02T04:20:43.833709931Z,123.7724,docker_cpu_usage_pct,adapter_removal (DA28_L1) (321),adapter_removal (DA28_L1) (321),3723750,321
,,0,2023-05-13T12:40:53.877451271Z,2023-06-12T12:40:53.877451271Z,2023-06-02T04:20:45.834315625Z,125.7825,docker_cpu_usage_pct,adapter_removal (DA28_L1) (321),adapter_removal (DA28_L1) (321),3723750,321
,,0,2023-05-13T12:40:53.877451271Z,2023-06-12T12:40:53.877451271Z,2023-06-02T04:20:47.834002038Z,131.0205,docker_cpu_usage_pct,adapter_removal (DA28_L1) (321),adapter_removal (DA28_L1) (321),3723750,321
,,0,2023-05-13T12:40:53.877451271Z,2023-06-12T12:40:53.877451271Z,2023-06-02T04:20:49.833646678Z,124.0437,docker_cpu_usage_pct,adapter_removal (DA28_L1) (321),adapter_removal (DA28_L1) (321),3723750,321
,,0,2023-05-13T12:40:53.877451271Z,2023-06-12T12:40:53.877451271Z,2023-06-02T04:20:51.833920647Z,125.3571,docker_cpu_usage_pct,adapter_removal (DA28_L1) (321),adapter_removal (DA28_L1) (321),3723750,321
,,0,2023-05-13T12:40:53.877451271Z,2023-06-12T12:40:53.877451271Z,2023-06-02T04:20:53.833661147Z,125.5079,docker_cpu_usage_pct,adapter_removal (DA28_L1) (321),adapter_removal (DA28_L1) (321),3723750,321
,,0,2023-05-13T12:40:53.877451271Z,2023-06-12T12:40:53.877451271Z,2023-06-02T04:20:55.833721535Z,123.3599,docker_cpu_usage_pct,adapter_removal (DA28_L1) (321),adapter_removal (DA28_L1) (321),3723750,321
,,0,2023-05-13T12:40:53.877451271Z,2023-06-12T12:40:53.877451271Z,2023-06-02T04:20:57.834120584Z,124.8686,docker_cpu_usage_pct,adapter_removal (DA28_L1) (321),adapter_removal (DA28_L1) (321),3723750,321
,,0,2023-05-13T12:40:53.877451271Z,2023-06-12T12:40:53.877451271Z,2023-06-02T04:20:59.833904371Z,131.9836,docker_cpu_usage_pct,adapter_removal (DA28_L1) (321),adapter_removal (DA28_L1) (321),3723750,321
,,0,2023-05-13T12:40:53.877451271Z,2023-06-12T12:40:53.877451271Z,2023-06-02T04:21:01.833681427Z,122.8445,docker_cpu_usage_pct,adapter_removal (DA28_L1) (321),adapter_removal (DA28_L1) (321),3723750,321
,,0,2023-05-13T12:40:53.877451271Z,2023-06-12T12:40:53.877451271Z,2023-06-02T04:21:03.834001388Z,124.1979,docker_cpu_usage_pct,adapter_removal (DA28_L1) (321),adapter_removal (DA28_L1) (321),3723750,321
,,0,2023-05-13T12:40:53.877451271Z,2023-06-12T12:40:53.877451271Z,2023-06-02T04:21:05.834006558Z,126.2385,docker_cpu_usage_pct,adapter_removal (DA28_L1) (321),adapter_removal (DA28_L1) (321),3723750,321
,,0,2023-05-13T12:40:53.877451271Z,2023-06-12T12:40:53.877451271Z,2023-06-02T04:21:07.833390667Z,123.9201,docker_cpu_usage_pct,adapter_removal (DA28_L1) (321),adapter_removal (DA28_L1) (321),3723750,321
,,0,2023-05-13T12:40:53.877451271Z,2023-06-12T12:40:53.877451271Z,2023-06-02T04:21:09.834257922Z,124.2416,docker_cpu_usage_pct,adapter_removal (DA28_L1) (321),adapter_removal (DA28_L1) (321),3723750,321
,,0,2023-05-13T12:40:53.877451271Z,2023-06-12T12:40:53.877451271Z,2023-06-02T04:21:12.833852317Z,125.7211,docker_cpu_usage_pct,adapter_removal (DA28_L1) (321),adapter_removal (DA28_L1) (321),3723750,321
,,0,2023-05-13T12:40:53.877451271Z,2023-06-12T12:40:53.877451271Z,2023-06-02T04:21:13.833314252Z,124.1041,docker_cpu_usage_pct,adapter_removal (DA28_L1) (321),adapter_removal (DA28_L1) (321),3723750,321
,,0,2023-05-13T12:40:53.877451271Z,2023-06-12T12:40:53.877451271Z,2023-06-02T04:21:16.834129912Z,122.7641,docker_cpu_usage_pct,adapter_removal (DA28_L1) (321),adapter_removal (DA28_L1) (321),3723750,321
,,0,2023-05-13T12:40:53.877451271Z,2023-06-12T12:40:53.877451271Z,2023-06-02T04:21:18.833536414Z,132.4851,docker_cpu_usage_pct,adapter_removal (DA28_L1) (321),adapter_removal (DA28_L1) (321),3723750,321
,,0,2023-05-13T12:40:53.877451271Z,2023-06-12T12:40:53.877451271Z,2023-06-02T04:21:20.833287935Z,124.2182,docker_cpu_usage_pct,adapter_removal (DA28_L1) (321),adapter_removal (DA28_L1) (321),3723750,321
,,0,2023-05-13T12:40:53.877451271Z,2023-06-12T12:40:53.877451271Z,2023-06-02T04:21:22.833879212Z,123.7993,docker_cpu_usage_pct,adapter_removal (DA28_L1) (321),adapter_removal (DA28_L1) (321),3723750,321
,,0,2023-05-13T12:40:53.877451271Z,2023-06-12T12:40:53.877451271Z,2023-06-02T04:21:24.833666702Z,123.396,docker_cpu_usage_pct,adapter_removal (DA28_L1) (321),adapter_removal (DA28_L1) (321),3723750,321
,,0,2023-05-13T12:40:53.877451271Z,2023-06-12T12:40:53.877451271Z,2023-06-02T04:21:26.83408878Z,124.3736,docker_cpu_usage_pct,adapter_removal (DA28_L1) (321),adapter_removal (DA28_L1) (321),3723750,321
,,0,2023-05-13T12:40:53.877451271Z,2023-06-12T12:40:53.877451271Z,2023-06-02T04:21:28.83395656Z,124.0313,docker_cpu_usage_pct,adapter_removal (DA28_L1) (321),adapter_removal (DA28_L1) (321),3723750,321
,,0,2023-05-13T12:40:53.877451271Z,2023-06-12T12:40:53.877451271Z,2023-06-02T04:21:30.833340723Z,124.1739,docker_cpu_usage_pct,adapter_removal (DA28_L1) (321),adapter_removal (DA28_L1) (321),3723750,321
,,0,2023-05-13T12:40:53.877451271Z,2023-06-12T12:40:53.877451271Z,2023-06-02T04:21:32.834418459Z,122.6253,docker_cpu_usage_pct,adapter_removal (DA28_L1) (321),adapter_removal (DA28_L1) (321),3723750,321
,,0,2023-05-13T12:40:53.877451271Z,2023-06-12T12:40:53.877451271Z,2023-06-02T04:21:34.833568502Z,125.6828,docker_cpu_usage_pct,adapter_removal (DA28_L1) (321),adapter_removal (DA28_L1) (321),3723750,321
,,0,2023-05-13T12:40:53.877451271Z,2023-06-12T12:40:53.877451271Z,2023-06-02T04:21:36.833412925Z,123.5674,docker_cpu_usage_pct,adapter_removal (DA28_L1) (321),adapter_removal (DA28_L1) (321),3723750,321
,,0,2023-05-13T12:40:53.877451271Z,2023-06-12T12:40:53.877451271Z,2023-06-02T04:21:38.834223588Z,125.6151,docker_cpu_usage_pct,adapter_removal (DA28_L1) (321),adapter_removal (DA28_L1) (321),3723750,321
,,0,2023-05-13T12:40:53.877451271Z,2023-06-12T12:40:53.877451271Z,2023-06-02T04:21:40.833550473Z,124.0355,docker_cpu_usage_pct,adapter_removal (DA28_L1) (321),adapter_removal (DA28_L1) (321),3723750,321
,,0,2023-05-13T12:40:53.877451271Z,2023-06-12T12:40:53.877451271Z,2023-06-02T04:21:42.833274129Z,124.7528,docker_cpu_usage_pct,adapter_removal (DA28_L1) (321),adapter_removal (DA28_L1) (321),3723750,321
,,0,2023-05-13T12:40:53.877451271Z,2023-06-12T12:40:53.877451271Z,2023-06-02T04:21:44.834091958Z,125.6384,docker_cpu_usage_pct,adapter_removal (DA28_L1) (321),adapter_removal (DA28_L1) (321),3723750,321
,,0,2023-05-13T12:40:53.877451271Z,2023-06-12T12:40:53.877451271Z,2023-06-02T04:21:46.833832422Z,123.3714,docker_cpu_usage_pct,adapter_removal (DA28_L1) (321),adapter_removal (DA28_L1) (321),3723750,321
,,0,2023-05-13T12:40:53.877451271Z,2023-06-12T12:40:53.877451271Z,2023-06-02T04:21:48.83343613Z,131.3905,docker_cpu_usage_pct,adapter_removal (DA28_L1) (321),adapter_removal (DA28_L1) (321),3723750,321
,,0,2023-05-13T12:40:53.877451271Z,2023-06-12T12:40:53.877451271Z,2023-06-02T04:21:50.834222664Z,124.9851,docker_cpu_usage_pct,adapter_removal (DA28_L1) (321),adapter_removal (DA28_L1) (321),3723750,321
,,0,2023-05-13T12:40:53.877451271Z,2023-06-12T12:40:53.877451271Z,2023-06-02T04:21:52.833897212Z,122.6508,docker_cpu_usage_pct,adapter_removal (DA28_L1) (321),adapter_removal (DA28_L1) (321),3723750,321
,,0,2023-05-13T12:40:53.877451271Z,2023-06-12T12:40:53.877451271Z,2023-06-02T04:21:54.83330096Z,123.4218,docker_cpu_usage_pct,adapter_removal (DA28_L1) (321),adapter_removal (DA28_L1) (321),3723750,321
,,0,2023-05-13T12:40:53.877451271Z,2023-06-12T12:40:53.877451271Z,2023-06-02T04:21:56.83407698Z,123.1291,docker_cpu_usage_pct,adapter_removal (DA28_L1) (321),adapter_removal (DA28_L1) (321),3723750,321
,,0,2023-05-13T12:40:53.877451271Z,2023-06-12T12:40:53.877451271Z,2023-06-02T04:21:58.833591738Z,126.5536,docker_cpu_usage_pct,adapter_removal (DA28_L1) (321),adapter_removal (DA28_L1) (321),3723750,321
,,0,2023-05-13T12:40:53.877451271Z,2023-06-12T12:40:53.877451271Z,2023-06-02T04:22:00.833410216Z,124.2282,docker_cpu_usage_pct,adapter_removal (DA28_L1) (321),adapter_removal (DA28_L1) (321),3723750,321
,,0,2023-05-13T12:40:53.877451271Z,2023-06-12T12:40:53.877451271Z,2023-06-02T04:22:02.833985085Z,124.6035,docker_cpu_usage_pct,adapter_removal (DA28_L1) (321),adapter_removal (DA28_L1) (321),3723750,321
,,0,2023-05-13T12:40:53.877451271Z,2023-06-12T12:40:53.877451271Z,2023-06-02T04:22:04.833392677Z,126.218,docker_cpu_usage_pct,adapter_removal (DA28_L1) (321),adapter_removal (DA28_L1) (321),3723750,321
,,0,2023-05-13T12:40:53.877451271Z,2023-06-12T12:40:53.877451271Z,2023-06-02T04:22:06.833909742Z,124.3124,docker_cpu_usage_pct,adapter_removal (DA28_L1) (321),adapter_removal (DA28_L1) (321),3723750,321
,,0,2023-05-13T12:40:53.877451271Z,2023-06-12T12:40:53.877451271Z,2023-06-02T04:22:08.833610341Z,122.2089,docker_cpu_usage_pct,adapter_removal (DA28_L1) (321),adapter_removal (DA28_L1) (321),3723750,321
,,0,2023-05-13T12:40:53.877451271Z,2023-06-12T12:40:53.877451271Z,2023-06-02T04:22:10.833297118Z,120.4776,docker_cpu_usage_pct,adapter_removal (DA28_L1) (321),adapter_removal (DA28_L1) (321),3723750,321
,,0,2023-05-13T12:40:53.877451271Z,2023-06-12T12:40:53.877451271Z,2023-06-02T04:22:12.834294894Z,122.1125,docker_cpu_usage_pct,adapter_removal (DA28_L1) (321),adapter_removal (DA28_L1) (321),3723750,321
,,0,2023-05-13T12:40:53.877451271Z,2023-06-12T12:40:53.877451271Z,2023-06-02T04:22:14.833531534Z,122.115,docker_cpu_usage_pct,adapter_removal (DA28_L1) (321),adapter_removal (DA28_L1) (321),3723750,321
,,0,2023-05-13T12:40:53.877451271Z,2023-06-12T12:40:53.877451271Z,2023-06-02T04:22:16.833317091Z,121.9409,docker_cpu_usage_pct,adapter_removal (DA28_L1) (321),adapter_removal (DA28_L1) (321),3723750,321
,,0,2023-05-13T12:40:53.877451271Z,2023-06-12T12:40:53.877451271Z,2023-06-02T04:22:18.834250122Z,127.7859,docker_cpu_usage_pct,adapter_removal (DA28_L1) (321),adapter_removal (DA28_L1) (321),3723750,321
,,0,2023-05-13T12:40:53.877451271Z,2023-06-12T12:40:53.877451271Z,2023-06-02T04:22:20.833888741Z,120.1819,docker_cpu_usage_pct,adapter_removal (DA28_L1) (321),adapter_removal (DA28_L1) (321),3723750,321
,,0,2023-05-13T12:40:53.877451271Z,2023-06-12T12:40:53.877451271Z,2023-06-02T04:22:22.833526108Z,122.4863,docker_cpu_usage_pct,adapter_removal (DA28_L1) (321),adapter_removal (DA28_L1) (321),3723750,321
,,0,2023-05-13T12:40:53.877451271Z,2023-06-12T12:40:53.877451271Z,2023-06-02T04:22:24.834163807Z,121.147,docker_cpu_usage_pct,adapter_removal (DA28_L1) (321),adapter_removal (DA28_L1) (321),3723750,321
,,0,2023-05-13T12:40:53.877451271Z,2023-06-12T12:40:53.877451271Z,2023-06-02T04:22:26.833897395Z,121.4588,docker_cpu_usage_pct,adapter_removal (DA28_L1) (321),adapter_removal (DA28_L1) (321),3723750,321
,,0,2023-05-13T12:40:53.877451271Z,2023-06-12T12:40:53.877451271Z,2023-06-02T04:22:28.833623052Z,121.4658,docker_cpu_usage_pct,adapter_removal (DA28_L1) (321),adapter_removal (DA28_L1) (321),3723750,321
,,0,2023-05-13T12:40:53.877451271Z,2023-06-12T12:40:53.877451271Z,2023-06-02T04:22:30.834083351Z,120.8006,docker_cpu_usage_pct,adapter_removal (DA28_L1) (321),adapter_removal (DA28_L1) (321),3723750,321
,,0,2023-05-13T12:40:53.877451271Z,2023-06-12T12:40:53.877451271Z,2023-06-02T04:22:32.833879068Z,120.8777,docker_cpu_usage_pct,adapter_removal (DA28_L1) (321),adapter_removal (DA28_L1) (321),3723750,321
,,0,2023-05-13T12:40:53.877451271Z,2023-06-12T12:40:53.877451271Z,2023-06-02T04:22:34.833453536Z,121.7286,docker_cpu_usage_pct,adapter_removal (DA28_L1) (321),adapter_removal (DA28_L1) (321),3723750,321
,,0,2023-05-13T12:40:53.877451271Z,2023-06-12T12:40:53.877451271Z,2023-06-02T04:22:36.833974154Z,120.7329,docker_cpu_usage_pct,adapter_removal (DA28_L1) (321),adapter_removal (DA28_L1) (321),3723750,321
,,0,2023-05-13T12:40:53.877451271Z,2023-06-12T12:40:53.877451271Z,2023-06-02T04:22:38.833686364Z,123.5096,docker_cpu_usage_pct,adapter_removal (DA28_L1) (321),adapter_removal (DA28_L1) (321),3723750,321
,,0,2023-05-13T12:40:53.877451271Z,2023-06-12T12:40:53.877451271Z,2023-06-02T04:22:40.83361882Z,120.8491,docker_cpu_usage_pct,adapter_removal (DA28_L1) (321),adapter_removal (DA28_L1) (321),3723750,321
,,0,2023-05-13T12:40:53.877451271Z,2023-06-12T12:40:53.877451271Z,2023-06-02T04:22:42.83402961Z,120.5567,docker_cpu_usage_pct,adapter_removal (DA28_L1) (321),adapter_removal (DA28_L1) (321),3723750,321
,,0,2023-05-13T12:40:53.877451271Z,2023-06-12T12:40:53.877451271Z,2023-06-02T04:22:44.833670125Z,121.9443,docker_cpu_usage_pct,adapter_removal (DA28_L1) (321),adapter_removal (DA28_L1) (321),3723750,321
,,0,2023-05-13T12:40:53.877451271Z,2023-06-12T12:40:53.877451271Z,2023-06-02T04:22:46.833390611Z,122.2336,docker_cpu_usage_pct,adapter_removal (DA28_L1) (321),adapter_removal (DA28_L1) (321),3723750,321
,,0,2023-05-13T12:40:53.877451271Z,2023-06-12T12:40:53.877451271Z,2023-06-02T04:22:48.833907862Z,123.4261,docker_cpu_usage_pct,adapter_removal (DA28_L1) (321),adapter_removal (DA28_L1) (321),3723750,321
,,0,2023-05-13T12:40:53.877451271Z,2023-06-12T12:40:53.877451271Z,2023-06-02T04:22:50.833579974Z,121.8231,docker_cpu_usage_pct,adapter_removal (DA28_L1) (321),adapter_removal (DA28_L1) (321),3723750,321
,,0,2023-05-13T12:40:53.877451271Z,2023-06-12T12:40:53.877451271Z,2023-06-02T04:22:52.833366868Z,120.4581,docker_cpu_usage_pct,adapter_removal (DA28_L1) (321),adapter_removal (DA28_L1) (321),3723750,321
,,0,2023-05-13T12:40:53.877451271Z,2023-06-12T12:40:53.877451271Z,2023-06-02T04:22:54.833982358Z,121.0044,docker_cpu_usage_pct,adapter_removal (DA28_L1) (321),adapter_removal (DA28_L1) (321),3723750,321
,,0,2023-05-13T12:40:53.877451271Z,2023-06-12T12:40:53.877451271Z,2023-06-02T04:22:56.833681128Z,120.3899,docker_cpu_usage_pct,adapter_removal (DA28_L1) (321),adapter_removal (DA28_L1) (321),3723750,321
,,0,2023-05-13T12:40:53.877451271Z,2023-06-12T12:40:53.877451271Z,2023-06-02T04:22:58.834306616Z,121.7103,docker_cpu_usage_pct,adapter_removal (DA28_L1) (321),adapter_removal (DA28_L1) (321),3723750,321
,,0,2023-05-13T12:40:53.877451271Z,2023-06-12T12:40:53.877451271Z,2023-06-02T04:23:00.83391645Z,122.1444,docker_cpu_usage_pct,adapter_removal (DA28_L1) (321),adapter_removal (DA28_L1) (321),3723750,321
,,0,2023-05-13T12:40:53.877451271Z,2023-06-12T12:40:53.877451271Z,2023-06-02T04:23:03.833626654Z,121.9716,docker_cpu_usage_pct,adapter_removal (DA28_L1) (321),adapter_removal (DA28_L1) (321),3723750,321
,,0,2023-05-13T12:40:53.877451271Z,2023-06-12T12:40:53.877451271Z,2023-06-02T04:23:04.834030464Z,121.0377,docker_cpu_usage_pct,adapter_removal (DA28_L1) (321),adapter_removal (DA28_L1) (321),3723750,321
,,0,2023-05-13T12:40:53.877451271Z,2023-06-12T12:40:53.877451271Z,2023-06-02T04:23:07.833817738Z,120.6081,docker_cpu_usage_pct,adapter_removal (DA28_L1) (321),adapter_removal (DA28_L1) (321),3723750,321
,,0,2023-05-13T12:40:53.877451271Z,2023-06-12T12:40:53.877451271Z,2023-06-02T04:23:09.833833Z,120.0582,docker_cpu_usage_pct,adapter_removal (DA28_L1) (321),adapter_removal (DA28_L1) (321),3723750,321
,,0,2023-05-13T12:40:53.877451271Z,2023-06-12T12:40:53.877451271Z,2023-06-02T04:23:11.833303484Z,119.7987,docker_cpu_usage_pct,adapter_removal (DA28_L1) (321),adapter_removal (DA28_L1) (321),3723750,321
,,0,2023-05-13T12:40:53.877451271Z,2023-06-12T12:40:53.877451271Z,2023-06-02T04:23:13.833898162Z,123.3115,docker_cpu_usage_pct,adapter_removal (DA28_L1) (321),adapter_removal (DA28_L1) (321),3723750,321
,,0,2023-05-13T12:40:53.877451271Z,2023-06-12T12:40:53.877451271Z,2023-06-02T04:23:15.833258961Z,120.9938,docker_cpu_usage_pct,adapter_removal (DA28_L1) (321),adapter_removal (DA28_L1) (321),3723750,321
,,0,2023-05-13T12:40:53.877451271Z,2023-06-12T12:40:53.877451271Z,2023-06-02T04:23:17.834308111Z,121.1406,docker_cpu_usage_pct,adapter_removal (DA28_L1) (321),adapter_removal (DA28_L1) (321),3723750,321
,,0,2023-05-13T12:40:53.877451271Z,2023-06-12T12:40:53.877451271Z,2023-06-02T04:23:19.833971367Z,120.452,docker_cpu_usage_pct,adapter_removal (DA28_L1) (321),adapter_removal (DA28_L1) (321),3723750,321
,,0,2023-05-13T12:40:53.877451271Z,2023-06-12T12:40:53.877451271Z,2023-06-02T04:23:21.833760166Z,121.0304,docker_cpu_usage_pct,adapter_removal (DA28_L1) (321),adapter_removal (DA28_L1) (321),3723750,321
,,0,2023-05-13T12:40:53.877451271Z,2023-06-12T12:40:53.877451271Z,2023-06-02T04:23:23.834114011Z,121.2585,docker_cpu_usage_pct,adapter_removal (DA28_L1) (321),adapter_removal (DA28_L1) (321),3723750,321
,,0,2023-05-13T12:40:53.877451271Z,2023-06-12T12:40:53.877451271Z,2023-06-02T04:23:25.833867956Z,121.9182,docker_cpu_usage_pct,adapter_removal (DA28_L1) (321),adapter_removal (DA28_L1) (321),3723750,321
,,0,2023-05-13T12:40:53.877451271Z,2023-06-12T12:40:53.877451271Z,2023-06-02T04:23:27.833540338Z,121.4081,docker_cpu_usage_pct,adapter_removal (DA28_L1) (321),adapter_removal (DA28_L1) (321),3723750,321
,,0,2023-05-13T12:40:53.877451271Z,2023-06-12T12:40:53.877451271Z,2023-06-02T04:23:29.834100517Z,119.7502,docker_cpu_usage_pct,adapter_removal (DA28_L1) (321),adapter_removal (DA28_L1) (321),3723750,321
,,0,2023-05-13T12:40:53.877451271Z,2023-06-12T12:40:53.877451271Z,2023-06-02T04:23:31.833840798Z,121.3698,docker_cpu_usage_pct,adapter_removal (DA28_L1) (321),adapter_removal (DA28_L1) (321),3723750,321
,,0,2023-05-13T12:40:53.877451271Z,2023-06-12T12:40:53.877451271Z,2023-06-02T04:23:33.833162896Z,124.9283,docker_cpu_usage_pct,adapter_removal (DA28_L1) (321),adapter_removal (DA28_L1) (321),3723750,321
,,0,2023-05-13T12:40:53.877451271Z,2023-06-12T12:40:53.877451271Z,2023-06-02T04:23:35.833853745Z,119.9282,docker_cpu_usage_pct,adapter_removal (DA28_L1) (321),adapter_removal (DA28_L1) (321),3723750,321
,,0,2023-05-13T12:40:53.877451271Z,2023-06-12T12:40:53.877451271Z,2023-06-02T04:23:37.833586183Z,122.4669,docker_cpu_usage_pct,adapter_removal (DA28_L1) (321),adapter_removal (DA28_L1) (321),3723750,321
